time,range_raw,copol_raw,time,range_raw,crosspol_raw,time,weather_inside_temperature,time,weather_outside_temperature,time,weather_inside_humidity,time,weather_outside_humidity,time,weather_wind_speed,time,weather_wind_direction,time,weather_barometric_pressure,time,weather_dew_point,time,weather_rain_rate,time,elevation_angle,time,azimuth_angle,time,copol_background,time,crosspol_background,time,telescope_temperature,time,detector_temperature,time,laser_temperature,time,date_yyyyMMdd,time,time_hhmmss,time,year,time,month,time,day,time,hour,time,minute,time,second,time,aod_age_secs,time,latitude,time,longitude,time,altitude,time,laser_energy,time,syncpulse,time,range_raw,copol_snr,time,range_raw,crosspol_snr,time,aeronet_aod,time,sda_aod_totals,time,sda_aod_fines,time,sda_aod_coarses,time,sda_ae_totals,time,sda_ae_fines,time,sda_dae_totals,time,sda_dae_fines,time,range_nrb,copol_nrb,time,range_nrb,crosspol_nrb,time,range_radiometer,radiometer_temperature,time,range_radiometer,radiometer_vaporDensity,time,range_radiometer,radiometer_liquid,time,range_radiometer,radiometer_relativeHumidity,time,number_of_clouds,number_of_cloud_outlines,clouds,time,number_of_clouds,pbls,time,range_vbp,extinction_coefficient,time,range_vbp,mass_concentration,time,range_vbp,VBP,time,range_nrb,depolarization_ratio,time,range_nrb,particle_type,time,number_of_particle_type,particle_type_mapping,time,lidar_ratio,time,aod
128.97223,0.029979246,27.038656,128.97223,0.029979246,17.728752,128.97223,26.487654,128.97223,23.358025,128.97223,35.77778,128.97223,90.22222,128.97223,0.0,128.97223,296.0,128.97223,971.0765,128.97223,21.663963,128.97223,0.0,128.97223,0.0,128.97223,0.0,128.97223,0.0646815,128.97223,0.061202943,128.97223,22.665556,128.97223,22.87111,128.97223,22.542221,128.97223,20240507,128.97223,232000,128.97223,2024.0,128.97223,5.0,128.97223,7.0,128.97223,23.0,128.97223,20.0,128.97223,0.0,128.97223,-1.0,128.97223,-999.0,128.97223,-999.0,128.97223,-999.0,128.97223,4.103667,128.97223,2499.0,128.97223,0.029979246,9420.098,128.97223,0.029979246,6366.341,128.97223,,128.97223,,128.97223,,128.97223,,128.97223,,128.97223,,128.97223,,128.97223,,128.97223,0.11991698,0.47346592,128.97223,0.11991698,0.019290991,,,,,,,,,,,,,128.97223,0.0,0.0,,128.97223,0.0,0.20985472,128.97223,0.11991698,0.242645,128.97223,0.11991698,28.567636,128.97223,0.11991698,0.008088167,128.97223,0.11991698,0.03914703,128.97223,0.11991698,5.0,128.97223,0.0,WaterCloud,128.97223,30.0,128.97223,
128.97223,0.05995849,16.571455,128.97223,0.05995849,1.1522385,,,,,,,,,,,,,,,,,,,,,,,,,,,,,,,,,,,,,,,,,,,,,,,,,,,,,,,,,,,,,128.97223,0.05995849,5764.575,128.97223,0.05995849,393.47925,,,,,,,,,,,,,,,,,128.97223,0.14989623,0.44983605,128.97223,0.14989623,0.0175853,,,,,,,,,,,,,128.97223,0.0,1.0,,128.97223,1.0,,128.97223,0.14989623,0.23324275,128.97223,0.14989623,28.526268,128.97223,0.14989623,0.0077747586,128.97223,0.14989623,0.037592612,128.97223,0.14989623,5.0,128.97223,1.0,MixedCloud,,,,
128.97223,0.08993774,15.179607,128.97223,0.08993774,0.8650454,,,,,,,,,,,,,,,,,,,,,,,,,,,,,,,,,,,,,,,,,,,,,,,,,,,,,,,,,,,,,128.97223,0.08993774,5278.4434,128.97223,0.08993774,289.79642,,,,,,,,,,,,,,,,,128.97223,0.17987548,0.3712989,128.97223,0.17987548,0.013448903,,,,,,,,,,,,,128.97223,0.0,2.0,,128.97223,2.0,,128.97223,0.17987548,0.18736097,128.97223,0.17987548,28.324389,128.97223,0.17987548,0.0062453654,128.97223,0.17987548,0.034947295,128.97223,0.17987548,5.0,128.97223,2.0,Ice/dust/ash,,,,
128.97223,0.11991698,16.915693,128.97223,0.11991698,0.8583668,,,,,,,,,,,,,,,,,,,,,,,,,,,,,,,,,,,,,,,,,,,,,,,,,,,,,,,,,,,,,128.97223,0.11991698,5886.3027,128.97223,0.11991698,286.97498,,,,,,,,,,,,,,,,,128.97223,0.20985472,0.34198603,128.97223,0.20985472,0.011580567,,,,,,,,,,,,,128.97223,1.0,0.0,,128.97223,3.0,,128.97223,0.20985472,0.17169446,128.97223,0.20985472,28.255455,128.97223,0.20985472,0.0057231486,128.97223,0.20985472,0.03275379,128.97223,0.20985472,5.0,128.97223,3.0,Rain/Dust,,,,
128.97223,0.14989623,15.471516,128.97223,0.14989623,0.72658044,,,,,,,,,,,,,,,,,,,,,,,,,,,,,,,,,,,,,,,,,,,,,,,,,,,,,,,,,,,,,128.97223,0.14989623,5381.696,128.97223,0.14989623,240.02821,,,,,,,,,,,,,,,,,128.97223,0.23983397,0.31442317,128.97223,0.23983397,0.010343967,,,,,,,,,,,,,128.97223,1.0,1.0,,128.97223,4.0,,128.97223,0.23983397,0.15640213,128.97223,0.23983397,28.18817,128.97223,0.23983397,0.005213404,128.97223,0.23983397,0.03184901,128.97223,0.23983397,5.0,128.97223,4.0,Molecular,,,,
128.97223,0.17987548,12.284277,128.97223,0.17987548,0.5416183,,,,,,,,,,,,,,,,,,,,,,,,,,,,,,,,,,,,,,,,,,,,,,,,,,,,,,,,,,,,,128.97223,0.17987548,4267.2144,128.97223,0.17987548,173.25508,,,,,,,,,,,,,,,,,128.97223,0.2698132,0.25958055,128.97223,0.2698132,0.008210849,,,,,,,,,,,,,128.97223,1.0,2.0,,128.97223,5.0,,128.97223,0.2698132,0.12306641,128.97223,0.2698132,28.041492,128.97223,0.2698132,0.0041022133,128.97223,0.2698132,0.030643297,128.97223,0.2698132,5.0,128.97223,5.0,CleanAerosol,,,,
128.97223,0.20985472,10.829243,128.97223,0.20985472,0.45018592,,,,,,,,,,,,,,,,,,,,,,,,,,,,,,,,,,,,,,,,,,,,,,,,,,,,,,,,,,,,,128.97223,0.20985472,3759.2332,128.97223,0.20985472,140.21648,,,,,,,,,,,,,,,,,128.97223,0.29979247,0.20723492,128.97223,0.29979247,0.0059548793,,,,,,,,,,,,,128.97223,2.0,0.0,,128.97223,6.0,,128.97223,0.29979247,0.09045101,128.97223,0.29979247,27.897984,128.97223,0.29979247,0.0030150334,128.97223,0.29979247,0.027934482,128.97223,0.29979247,5.0,128.97223,6.0,PollutedAerosol,,,,
128.97223,0.23983397,9.492637,128.97223,0.23983397,0.3881303,,,,,,,,,,,,,,,,,,,,,,,,,,,,,,,,,,,,,,,,,,,,,,,,,,,,,,,,,,,,,128.97223,0.23983397,3292.0134,128.97223,0.23983397,117.88342,,,,,,,,,,,,,,,,,128.97223,0.3297717,0.22409603,128.97223,0.3297717,0.0066997376,,,,,,,,,,,,,128.97223,2.0,1.0,,128.97223,7.0,,128.97223,0.3297717,0.102431476,128.97223,0.3297717,27.950699,128.97223,0.3297717,0.0034143822,128.97223,0.3297717,0.029028168,128.97223,0.3297717,5.0,128.97223,7.0,Undetected,,,,
128.97223,0.2698132,7.3328876,128.97223,0.2698132,0.30322772,,,,,,,,,,,,,,,,,,,,,,,,,,,,,,,,,,,,,,,,,,,,,,,,,,,,,,,,,,,,,128.97223,0.2698132,2538.081,128.97223,0.2698132,87.33576,,,,,,,,,,,,,,,,,128.97223,0.35975096,0.24639882,128.97223,0.35975096,0.0073562656,,,,,,,,,,,,,128.97223,2.0,2.0,,128.97223,8.0,,128.97223,0.35975096,0.11850344,128.97223,0.35975096,28.021416,128.97223,0.35975096,0.0039501144,128.97223,0.35975096,0.028990341,128.97223,0.35975096,5.0,,,,,,,
128.97223,0.29979247,5.457608,128.97223,0.29979247,0.22559868,,,,,,,,,,,,,,,,,,,,,,,,,,,,,,,,,,,,,,,,,,,,,,,,,,,,,,,,,,,,,128.97223,0.29979247,1883.5499,128.97223,0.29979247,59.256,,,,,,,,,,,,,,,,,128.97223,0.3897302,0.28671277,128.97223,0.3897302,0.0086125145,,,,,,,,,,,,,128.97223,3.0,0.0,,128.97223,9.0,,128.97223,0.3897302,0.14681874,128.97223,0.3897302,28.146004,128.97223,0.3897302,0.0048939576,128.97223,0.3897302,0.029149346,128.97223,0.3897302,5.0,,,,,,,
128.97223,0.3297717,5.411944,128.97223,0.3297717,0.22854382,,,,,,,,,,,,,,,,,,,,,,,,,,,,,,,,,,,,,,,,,,,,,,,,,,,,,,,,,,,,,128.97223,0.3297717,1867.3809,128.97223,0.3297717,60.29048,,,,,,,,,,,,,,,,,128.97223,0.41970944,0.3485152,128.97223,0.41970944,0.010056706,,,,,,,,,,,,,128.97223,3.0,1.0,,,,,128.97223,0.41970944,0.19077224,128.97223,0.41970944,28.3394,128.97223,0.41970944,0.0063590747,128.97223,0.41970944,0.028041758,128.97223,0.41970944,5.0,,,,,,,
128.97223,0.35975096,5.36747,128.97223,0.35975096,0.22592592,,,,,,,,,,,,,,,,,,,,,,,,,,,,,,,,,,,,,,,,,,,,,,,,,,,,,,,,,,,,,128.97223,0.35975096,1852.0784,128.97223,0.35975096,59.29392,,,,,,,,,,,,,,,,,128.97223,0.4496887,0.39957735,128.97223,0.4496887,0.011113193,,,,,,,,,,,,,128.97223,3.0,2.0,,,,,128.97223,0.4496887,0.22883518,128.97223,0.4496887,28.506876,128.97223,0.4496887,0.0076278397,128.97223,0.4496887,0.027084863,128.97223,0.4496887,5.0,,,,,,,
128.97223,0.3897302,5.6452923,128.97223,0.3897302,0.2347464,,,,,,,,,,,,,,,,,,,,,,,,,,,,,,,,,,,,,,,,,,,,,,,,,,,,,,,,,,,,,128.97223,0.3897302,1949.2458,128.97223,0.3897302,62.37555,,,,,,,,,,,,,,,,,128.97223,0.47966793,0.36363417,128.97223,0.47966793,0.010396,,,,,,,,,,,,,128.97223,4.0,0.0,,,,,128.97223,0.47966793,0.20779161,128.97223,0.47966793,28.414282,128.97223,0.47966793,0.0069263875,128.97223,0.47966793,0.027813336,128.97223,0.47966793,5.0,,,,,,,
128.97223,0.41970944,6.184144,128.97223,0.41970944,0.24294215,,,,,,,,,,,,,,,,,,,,,,,,,,,,,,,,,,,,,,,,,,,,,,,,,,,,,,,,,,,,,128.97223,0.41970944,2137.7427,128.97223,0.41970944,65.41545,,,,,,,,,,,,,,,,,128.97223,0.5096472,0.36482155,128.97223,0.5096472,0.010269274,,,,,,,,,,,,,128.97223,4.0,1.0,,,,,128.97223,0.5096472,0.21327974,128.97223,0.5096472,28.438429,128.97223,0.5096472,0.007109324,128.97223,0.5096472,0.027420051,128.97223,0.5096472,5.0,,,,,,,
128.97223,0.44968867,6.3527145,128.97223,0.44968867,0.24106796,,,,,,,,,,,,,,,,,,,,,,,,,,,,,,,,,,,,,,,,,,,,,,,,,,,,,,,,,,,,,128.97223,0.44968867,2196.05,128.97223,0.44968867,64.77661,,,,,,,,,,,,,,,,,128.97223,0.5396264,0.46249008,128.97223,0.5396264,0.011883437,,,,,,,,,,,,,128.97223,4.0,2.0,,,,,128.97223,0.5396264,0.29123887,128.97223,0.5396264,28.78145,128.97223,0.5396264,0.009707963,128.97223,0.5396264,0.02511739,128.97223,0.5396264,5.0,,,,,,,
128.97223,0.47966793,5.2240515,128.97223,0.47966793,0.21323815,,,,,,,,,,,,,,,,,,,,,,,,,,,,,,,,,,,,,,,,,,,,,,,,,,,,,,,,,,,,,128.97223,0.47966793,1801.5321,128.97223,0.47966793,54.723495,,,,,,,,,,,,,,,,,128.97223,0.56960565,0.48336518,128.97223,0.56960565,0.012561514,,,,,,,,,,,,,128.97223,5.0,0.0,,,,,128.97223,0.56960565,0.30942583,128.97223,0.56960565,28.861473,128.97223,0.56960565,0.010314195,128.97223,0.56960565,0.025398953,128.97223,0.56960565,5.0,,,,,,,
128.97223,0.5096472,4.7036147,128.97223,0.5096472,0.1961773,,,,,,,,,,,,,,,,,,,,,,,,,,,,,,,,,,,,,,,,,,,,,,,,,,,,,,,,,,,,,128.97223,0.5096472,1620.4618,128.97223,0.5096472,48.663292,,,,,,,,,,,,,,,,,128.97223,0.59958494,0.41594923,128.97223,0.59958494,0.010934457,,,,,,,,,,,,,128.97223,5.0,1.0,,,,,128.97223,0.59958494,0.26490557,128.97223,0.59958494,28.665585,128.97223,0.59958494,0.008830186,128.97223,0.59958494,0.02575211,128.97223,0.59958494,5.0,,,,,,,
128.97223,0.5396264,5.3610444,128.97223,0.5396264,0.20153207,,,,,,,,,,,,,,,,,,,,,,,,,,,,,,,,,,,,,,,,,,,,,,,,,,,,,,,,,,,,,128.97223,0.5396264,1853.3069,128.97223,0.5396264,50.606895,,,,,,,,,,,,,,,,,128.97223,0.62956417,0.32671344,128.97223,0.62956417,0.008697664,,,,,,,,,,,,,128.97223,5.0,2.0,,,,,128.97223,0.62956417,0.20190232,128.97223,0.62956417,28.388369,128.97223,0.62956417,0.006730077,128.97223,0.62956417,0.02599428,128.97223,0.62956417,5.0,,,,,,,
128.97223,0.56960565,5.0887256,128.97223,0.56960565,0.19561209,,,,,,,,,,,,,,,,,,,,,,,,,,,,,,,,,,,,,,,,,,,,,,,,,,,,,,,,,,,,,128.97223,0.56960565,1755.0039,128.97223,0.56960565,48.445095,,,,,,,,,,,,,,,,,128.97223,0.6595434,0.2952686,128.97223,0.6595434,0.008588292,,,,,,,,,,,,,128.97223,6.0,0.0,,,,,128.97223,0.6595434,0.18161406,128.97223,0.6595434,28.2991,128.97223,0.6595434,0.0060538016,128.97223,0.6595434,0.028269045,128.97223,0.6595434,5.0,,,,,,,
128.97223,0.59958494,3.9954333,128.97223,0.59958494,0.16845158,,,,,,,,,,,,,,,,,,,,,,,,,,,,,,,,,,,,,,,,,,,,,,,,,,,,,,,,,,,,,128.97223,0.59958494,1372.542,128.97223,0.59958494,38.66075,,,,,,,,,,,,,,,,,128.97223,0.6895227,0.29033762,128.97223,0.6895227,0.007583018,,,,,,,,,,,,,128.97223,6.0,1.0,,,,,128.97223,0.6895227,0.18082267,128.97223,0.6895227,28.295618,128.97223,0.6895227,0.006027422,128.97223,0.6895227,0.025449332,128.97223,0.6895227,5.0,,,,,,,
128.97223,0.62956417,2.8814666,128.97223,0.62956417,0.1399524,,,,,,,,,,,,,,,,,,,,,,,,,,,,,,,,,,,,,,,,,,,,,,,,,,,,,,,,,,,,,128.97223,0.62956417,983.2362,128.97223,0.62956417,28.449436,,,,,,,,,,,,,,,,,128.97223,0.7195019,0.28226918,128.97223,0.7195019,0.007824534,,,,,,,,,,,,,128.97223,6.0,2.0,,,,,128.97223,0.7195019,0.17734075,128.97223,0.7195019,28.280298,128.97223,0.7195019,0.005911358,128.97223,0.7195019,0.026940955,128.97223,0.7195019,5.0,,,,,,,
128.97223,0.6595434,2.4092665,128.97223,0.6595434,0.13303584,,,,,,,,,,,,,,,,,,,,,,,,,,,,,,,,,,,,,,,,,,,,,,,,,,,,,,,,,,,,,128.97223,0.6595434,818.6844,128.97223,0.6595434,25.926651,,,,,,,,,,,,,,,,,128.97223,0.74948114,0.2782129,128.97223,0.74948114,0.0075198975,,,,,,,,,,,,,128.97223,7.0,0.0,,,,,128.97223,0.74948114,0.17694885,128.97223,0.74948114,28.278574,128.97223,0.74948114,0.005898295,128.97223,0.74948114,0.02634793,128.97223,0.74948114,5.0,,,,,,,
128.97223,0.6895226,2.1875055,128.97223,0.6895226,0.12024394,,,,,,,,,,,,,,,,,,,,,,,,,,,,,,,,,,,,,,,,,,,,,,,,,,,,,,,,,,,,,128.97223,0.6895226,741.3391,128.97223,0.6895226,21.270756,,,,,,,,,,,,,,,,,128.97223,0.7794604,0.25799233,128.97223,0.7794604,0.007105013,,,,,,,,,,,,,128.97223,7.0,1.0,,,,,128.97223,0.7794604,0.16315013,128.97223,0.7794604,28.217857,128.97223,0.7794604,0.005438338,128.97223,0.7794604,0.026806965,128.97223,0.7794604,5.0,,,,,,,
128.97223,0.7195019,1.9702513,128.97223,0.7195019,0.11734344,,,,,,,,,,,,,,,,,,,,,,,,,,,,,,,,,,,,,,,,,,,,,,,,,,,,,,,,,,,,,128.97223,0.7195019,665.3851,128.97223,0.7195019,20.31859,,,,,,,,,,,,,,,,,128.97223,0.80943966,0.2466699,128.97223,0.80943966,0.0070622265,,,,,,,,,,,,,128.97223,7.0,2.0,,,,,128.97223,0.80943966,0.15666156,128.97223,0.80943966,28.189312,128.97223,0.80943966,0.0052220514,128.97223,0.80943966,0.027834985,128.97223,0.80943966,5.0,,,,,,,
128.97223,0.74948114,1.7992117,128.97223,0.74948114,0.111408606,,,,,,,,,,,,,,,,,,,,,,,,,,,,,,,,,,,,,,,,,,,,,,,,,,,,,,,,,,,,,128.97223,0.74948114,605.6473,128.97223,0.74948114,18.04998,,,,,,,,,,,,,,,,,128.97223,0.8394189,0.24994856,128.97223,0.8394189,0.007462969,,,,,,,,,,,,,128.97223,8.0,0.0,,,,,128.97223,0.8394189,0.16128395,128.97223,0.8394189,28.209648,128.97223,0.8394189,0.005376132,128.97223,0.8394189,0.028984888,128.97223,0.8394189,5.0,,,,,,,
128.97223,0.7794604,1.5670533,128.97223,0.7794604,0.10586049,,,,,,,,,,,,,,,,,,,,,,,,,,,,,,,,,,,,,,,,,,,,,,,,,,,,,,,,,,,,,128.97223,0.7794604,524.53125,128.97223,0.7794604,16.129879,,,,,,,,,,,,,,,,,128.97223,0.8693981,0.25036907,128.97223,0.8693981,0.0063243136,,,,,,,,,,,,,128.97223,8.0,1.0,,,,,128.97223,0.8693981,0.16398913,128.97223,0.8693981,28.221552,128.97223,0.8693981,0.0054663047,128.97223,0.8693981,0.024643438,128.97223,0.8693981,5.0,,,,,,,
128.97223,0.80943966,1.4135207,128.97223,0.80943966,0.10295998,,,,,,,,,,,,,,,,,,,,,,,,,,,,,,,,,,,,,,,,,,,,,,,,,,,,,,,,,,,,,128.97223,0.80943966,470.99246,128.97223,0.80943966,15.029975,,,,,,,,,,,,,,,,,128.97223,0.8993774,0.23938932,128.97223,0.8993774,0.0065296213,,,,,,,,,,,,,128.97223,8.0,2.0,,,,,128.97223,0.8993774,0.15727061,128.97223,0.8993774,28.19199,128.97223,0.8993774,0.0052423542,128.97223,0.8993774,0.02654615,128.97223,0.8993774,5.0,,,,,,,
128.97223,0.8394189,1.3426299,128.97223,0.8394189,0.10233527,,,,,,,,,,,,,,,,,,,,,,,,,,,,,,,,,,,,,,,,,,,,,,,,,,,,,,,,,,,,,128.97223,0.8394189,446.21106,128.97223,0.8394189,14.791157,,,,,,,,,,,,,,,,,128.97223,0.92935663,0.21077962,128.97223,0.92935663,0.0054263948,,,,,,,,,,,,,128.97223,9.0,0.0,,,,,128.97223,0.92935663,0.1355672,128.97223,0.92935663,28.096495,128.97223,0.92935663,0.004518907,128.97223,0.92935663,0.025180953,128.97223,0.92935663,5.0,,,,,,,
128.97223,0.8693981,1.2691805,128.97223,0.8693981,0.09458575,,,,,,,,,,,,,,,,,,,,,,,,,,,,,,,,,,,,,,,,,,,,,,,,,,,,,,,,,,,,,128.97223,0.8693981,420.54648,128.97223,0.8693981,12.014218,,,,,,,,,,,,,,,,,128.97223,0.95933586,0.19611889,128.97223,0.95933586,0.0051356684,,,,,,,,,,,,,128.97223,9.0,1.0,,,,,128.97223,0.95933586,0.124349564,128.97223,0.95933586,28.04714,128.97223,0.95933586,0.0041449857,128.97223,0.95933586,0.023899777,128.97223,0.95933586,5.0,,,,,,,
128.97223,0.89937735,1.1405474,128.97223,0.89937735,0.09339581,,,,,,,,,,,,,,,,,,,,,,,,,,,,,,,,,,,,,,,,,,,,,,,,,,,,,,,,,,,,,128.97223,0.89937735,375.64127,128.97223,0.89937735,11.614075,,,,,,,,,,,,,,,,,128.97223,0.98931515,0.20213044,128.97223,0.98931515,0.006192058,,,,,,,,,,,,,128.97223,9.0,2.0,,,,,128.97223,0.98931515,0.13142292,128.97223,0.98931515,28.07826,128.97223,0.98931515,0.0043807644,128.97223,0.98931515,0.02964148,128.97223,0.98931515,5.0,,,,,,,
128.97223,0.92935663,0.95677525,128.97223,0.92935663,0.08705935,,,,,,,,,,,,,,,,,,,,,,,,,,,,,,,,,,,,,,,,,,,,,,,,,,,,,,,,,,,,,128.97223,0.92935663,311.55426,128.97223,0.92935663,9.291534,,,,,,,,,,,,,,,,,128.97223,1.0192944,0.20911425,128.97223,1.0192944,0.0064067426,,,,,,,,,,,,,,,,,,,,128.97223,1.0192944,0.13939959,128.97223,1.0192944,28.113358,128.97223,1.0192944,0.004646653,128.97223,1.0192944,0.027484544,128.97223,1.0192944,5.0,,,,,,,
128.97223,0.95933586,0.84979916,128.97223,0.95933586,0.0844861,,,,,,,,,,,,,,,,,,,,,,,,,,,,,,,,,,,,,,,,,,,,,,,,,,,,,,,,,,,,,128.97223,0.95933586,274.09875,128.97223,0.95933586,8.424645,,,,,,,,,,,,,,,,,128.97223,1.0492736,0.20392704,128.97223,1.0492736,0.0053545395,,,,,,,,,,,,,,,,,,,,128.97223,1.0492736,0.13613325,128.97223,1.0492736,28.09899,128.97223,1.0492736,0.004537775,128.97223,1.0492736,0.023493938,128.97223,1.0492736,5.0,,,,,,,
128.97223,0.9893151,0.82603,128.97223,0.9893151,0.08719322,,,,,,,,,,,,,,,,,,,,,,,,,,,,,,,,,,,,,,,,,,,,,,,,,,,,,,,,,,,,,128.97223,0.9893151,265.9589,128.97223,0.9893151,9.357477,,,,,,,,,,,,,,,,,128.97223,1.0792528,0.20456076,128.97223,1.0792528,0.00550143,,,,,,,,,,,,,,,,,,,,128.97223,1.0792528,0.1387867,128.97223,1.0792528,28.110662,128.97223,1.0792528,0.0046262234,128.97223,1.0792528,0.024046661,128.97223,1.0792528,5.0,,,,,,,
128.97223,1.0192944,0.8154395,128.97223,1.0192944,0.08665773,,,,,,,,,,,,,,,,,,,,,,,,,,,,,,,,,,,,,,,,,,,,,,,,,,,,,,,,,,,,,128.97223,1.0192944,262.1624,128.97223,1.0192944,9.248845,,,,,,,,,,,,,,,,,128.97223,1.1092321,0.21317282,128.97223,1.1092321,0.0063921856,,,,,,,,,,,,,,,,,,,,128.97223,1.1092321,0.14829394,128.97223,1.1092321,28.152494,128.97223,1.1092321,0.0049431305,128.97223,1.1092321,0.027143564,128.97223,1.1092321,5.0,,,,,,,
128.97223,1.0492736,0.7606277,128.97223,1.0492736,0.08200208,,,,,,,,,,,,,,,,,,,,,,,,,,,,,,,,,,,,,,,,,,,,,,,,,,,,,,,,,,,,,128.97223,1.0492736,243.01999,128.97223,1.0492736,7.4903617,,,,,,,,,,,,,,,,,128.97223,1.1392113,0.22495788,128.97223,1.1392113,0.0067206593,,,,,,,,,,,,,,,,,,,,128.97223,1.1392113,0.16097859,128.97223,1.1392113,28.208307,128.97223,1.1392113,0.0053659524,128.97223,1.1392113,0.028977118,128.97223,1.1392113,5.0,,,,,,,
128.97223,1.0792528,0.72423023,128.97223,1.0792528,0.08148149,,,,,,,,,,,,,,,,,,,,,,,,,,,,,,,,,,,,,,,,,,,,,,,,,,,,,,,,,,,,,128.97223,1.0792528,230.35449,128.97223,1.0792528,7.2914352,,,,,,,,,,,,,,,,,128.97223,1.1691906,0.23804434,128.97223,1.1691906,0.007431802,,,,,,,,,,,,,,,,,,,,128.97223,1.1691906,0.17559661,128.97223,1.1691906,28.272623,128.97223,1.1691906,0.0058532204,128.97223,1.1691906,0.030279329,128.97223,1.1691906,5.0,,,,,,,
128.97223,1.1092321,0.72006536,128.97223,1.1092321,0.08326641,,,,,,,,,,,,,,,,,,,,,,,,,,,,,,,,,,,,,,,,,,,,,,,,,,,,,,,,,,,,,128.97223,1.1092321,228.87329,128.97223,1.1092321,8.003799,,,,,,,,,,,,,,,,,128.97223,1.1991699,0.26653764,128.97223,1.1991699,0.007957738,,,,,,,,,,,,,,,,,,,,128.97223,1.1991699,0.20409521,128.97223,1.1991699,28.398018,128.97223,1.1991699,0.0068031736,128.97223,1.1991699,0.029033415,128.97223,1.1991699,5.0,,,,,,,
128.97223,1.1392113,0.72196937,128.97223,1.1392113,0.08328128,,,,,,,,,,,,,,,,,,,,,,,,,,,,,,,,,,,,,,,,,,,,,,,,,,,,,,,,,,,,,128.97223,1.1392113,229.47977,128.97223,1.1392113,8.006174,,,,,,,,,,,,,,,,,128.97223,1.2291491,0.28709602,128.97223,1.2291491,0.0076415557,,,,,,,,,,,,,,,,,,,,128.97223,1.2291491,0.2270894,128.97223,1.2291491,28.499193,128.97223,1.2291491,0.0075696474,128.97223,1.2291491,0.023947373,128.97223,1.2291491,5.0,,,,,,,
128.97223,1.1691905,0.7256731,128.97223,1.1691905,0.08411422,,,,,,,,,,,,,,,,,,,,,,,,,,,,,,,,,,,,,,,,,,,,,,,,,,,,,,,,,,,,,128.97223,1.1691905,230.8571,128.97223,1.1691905,8.232356,,,,,,,,,,,,,,,,,128.97223,1.2591283,0.28888032,128.97223,1.2591283,0.007541583,,,,,,,,,,,,,,,,,,,,128.97223,1.2591283,0.23383933,128.97223,1.2591283,28.52889,128.97223,1.2591283,0.007794644,128.97223,1.2591283,0.023169955,128.97223,1.2591283,5.0,,,,,,,
128.97223,1.1991699,0.77455014,128.97223,1.1991699,0.08451584,,,,,,,,,,,,,,,,,,,,,,,,,,,,,,,,,,,,,,,,,,,,,,,,,,,,,,,,,,,,,128.97223,1.1991699,247.83029,128.97223,1.1991699,8.409718,,,,,,,,,,,,,,,,,128.97223,1.2891076,0.2931683,128.97223,1.2891076,0.0071690795,,,,,,,,,,,,,,,,,,,,128.97223,1.2891076,0.24378641,128.97223,1.2891076,28.572659,128.97223,1.2891076,0.008126214,128.97223,1.2891076,0.01973327,128.97223,1.2891076,5.0,,,,,,,
128.97223,1.2291491,0.78865093,128.97223,1.2291491,0.082626805,,,,,,,,,,,,,,,,,,,,,,,,,,,,,,,,,,,,,,,,,,,,,,,,,,,,,,,,,,,,,128.97223,1.2291491,252.7883,128.97223,1.2291491,7.7162333,,,,,,,,,,,,,,,,,128.97223,1.3190868,0.3197056,128.97223,1.3190868,0.008227628,,,,,,,,,,,,,,,,,,,,128.97223,1.3190868,0.27521494,128.97223,1.3190868,28.710947,128.97223,1.3190868,0.009173831,128.97223,1.3190868,0.023064593,128.97223,1.3190868,5.0,,,,,,,
128.97223,1.2591283,0.76602715,128.97223,1.2591283,0.081689715,,,,,,,,,,,,,,,,,,,,,,,,,,,,,,,,,,,,,,,,,,,,,,,,,,,,,,,,,,,,,128.97223,1.2591283,244.95782,128.97223,1.2591283,7.4219766,,,,,,,,,,,,,,,,,128.97223,1.349066,0.35483602,128.97223,1.349066,0.007828454,,,,,,,,,,,,,,,,,,,,128.97223,1.349066,0.31517205,128.97223,1.349066,28.886759,128.97223,1.349066,0.010505734,128.97223,1.349066,0.019659888,128.97223,1.349066,5.0,,,,,,,
128.97223,1.2891076,0.74561954,128.97223,1.2891076,0.07990481,,,,,,,,,,,,,,,,,,,,,,,,,,,,,,,,,,,,,,,,,,,,,,,,,,,,,,,,,,,,,128.97223,1.2891076,237.98343,128.97223,1.2891076,6.7370253,,,,,,,,,,,,,,,,,128.97223,1.3790454,0.2515613,128.97223,1.3790454,0.0062343865,,,,,,,,,,,,,,,,,,,,128.97223,1.3790454,0.21622436,128.97223,1.3790454,28.451385,128.97223,1.3790454,0.007207478,128.97223,1.3790454,0.0101237465,128.97223,1.3790454,5.0,,,,,,,
128.97223,1.3190868,0.77463925,128.97223,1.3190868,0.0816451,,,,,,,,,,,,,,,,,,,,,,,,,,,,,,,,,,,,,,,,,,,,,,,,,,,,,,,,,,,,,128.97223,1.3190868,248.02043,128.97223,1.3190868,7.356139,,,,,,,,,,,,,,,,,128.97223,1.4090246,0.17656374,128.97223,1.4090246,0.0060315793,,,,,,,,,,,,,,,,,,,,128.97223,1.4090246,0.14170098,128.97223,1.4090246,28.123482,128.97223,1.4090246,0.004723366,128.97223,1.4090246,0.0132843135,128.97223,1.4090246,5.0,,,,,,,
128.97223,1.349066,0.8208984,128.97223,1.349066,0.07984531,,,,,,,,,,,,,,,,,,,,,,,,,,,,,,,,,,,,,,,,,,,,,,,,,,,,,,,,,,,,,128.97223,1.349066,264.02893,128.97223,1.349066,6.6887565,,,,,,,,,,,,,,,,,128.97223,1.4390038,0.20866235,128.97223,1.4390038,0.0064485706,,,,,,,,,,,,,,,,,,,,128.97223,1.4390038,0.17731054,128.97223,1.4390038,28.280169,128.97223,1.4390038,0.0059103514,128.97223,1.4390038,0.0041582724,128.97223,1.4390038,4.0,,,,,,,
128.97223,1.3790452,0.5814517,128.97223,1.3790452,0.07597799,,,,,,,,,,,,,,,,,,,,,,,,,,,,,,,,,,,,,,,,,,,,,,,,,,,,,,,,,,,,,128.97223,1.3790452,180.57208,128.97223,1.3790452,5.3148417,,,,,,,,,,,,,,,,,128.97223,1.468983,0.2435581,128.97223,1.468983,0.0070357523,,,,,,,,,,,,,,,,,,,,128.97223,1.468983,0.21433371,128.97223,1.468983,28.443068,128.97223,1.468983,0.0071444577,128.97223,1.468983,0.015896438,128.97223,1.468983,5.0,,,,,,,
128.97223,1.4090246,0.4132233,128.97223,1.4090246,0.07495166,,,,,,,,,,,,,,,,,,,,,,,,,,,,,,,,,,,,,,,,,,,,,,,,,,,,,,,,,,,,,128.97223,1.4090246,121.74601,128.97223,1.4090246,4.9501815,,,,,,,,,,,,,,,,,128.97223,1.4989623,0.3311373,128.97223,1.4989623,0.009417336,,,,,,,,,,,,,,,,,,,,128.97223,1.4989623,0.3159277,128.97223,1.4989623,28.890083,128.97223,1.4989623,0.010530923,128.97223,1.4989623,0.019792767,128.97223,1.4989623,5.0,,,,,,,
128.97223,1.4390038,0.46144575,128.97223,1.4390038,0.075442515,,,,,,,,,,,,,,,,,,,,,,,,,,,,,,,,,,,,,,,,,,,,,,,,,,,,,,,,,,,,,128.97223,1.4390038,138.52611,128.97223,1.4390038,5.1516166,,,,,,,,,,,,,,,,,128.97223,1.5289415,0.31150833,128.97223,1.5289415,0.008508162,,,,,,,,,,,,,,,,,,,,128.97223,1.5289415,0.30007437,128.97223,1.5289415,28.82033,128.97223,1.5289415,0.010002479,128.97223,1.5289415,0.012680651,128.97223,1.5289415,5.0,,,,,,,
128.97223,1.468983,0.50446224,128.97223,1.468983,0.075769745,,,,,,,,,,,,,,,,,,,,,,,,,,,,,,,,,,,,,,,,,,,,,,,,,,,,,,,,,,,,,128.97223,1.468983,153.4365,128.97223,1.468983,5.2310233,,,,,,,,,,,,,,,,,128.97223,1.5589207,0.2369984,128.97223,1.5589207,0.0076126936,,,,,,,,,,,,,,,,,,,,128.97223,1.5589207,0.22474024,128.97223,1.5589207,28.488857,128.97223,1.5589207,0.007491342,128.97223,1.5589207,0.013306259,128.97223,1.5589207,5.0,,,,,,,
128.97223,1.4989623,0.6436561,128.97223,1.4989623,0.079562694,,,,,,,,,,,,,,,,,,,,,,,,,,,,,,,,,,,,,,,,,,,,,,,,,,,,,,,,,,,,,128.97223,1.4989623,202.07077,128.97223,1.4989623,6.606518,,,,,,,,,,,,,,,,,128.97223,1.5889001,0.22771403,128.97223,1.5889001,0.0057488224,,,,,,,,,,,,,,,,,,,,128.97223,1.5889001,0.21764567,128.97223,1.5889001,28.457645,128.97223,1.5889001,0.007254856,128.97223,1.5889001,1.0000001e-07,128.97223,1.5889001,7.0,,,,,,,
128.97223,1.5289415,0.5893947,128.97223,1.5289415,0.07733156,,,,,,,,,,,,,,,,,,,,,,,,,,,,,,,,,,,,,,,,,,,,,,,,,,,,,,,,,,,,,128.97223,1.5289415,183.16954,128.97223,1.5289415,5.771552,,,,,,,,,,,,,,,,,128.97223,1.6188793,0.22999658,128.97223,1.6188793,0.0071605244,,,,,,,,,,,,,,,,,,,,128.97223,1.6188793,0.22333442,128.97223,1.6188793,28.48267,128.97223,1.6188793,0.0074444804,128.97223,1.6188793,0.0039660092,128.97223,1.6188793,4.0,,,,,,,
128.97223,1.5589207,0.45342854,128.97223,1.5589207,0.07551688,,,,,,,,,,,,,,,,,,,,,,,,,,,,,,,,,,,,,,,,,,,,,,,,,,,,,,,,,,,,,128.97223,1.5589207,135.7727,128.97223,1.5589207,5.155775,,,,,,,,,,,,,,,,,128.97223,1.6488585,0.2308866,128.97223,1.6488585,0.008105275,,,,,,,,,,,,,,,,,,,,128.97223,1.6488585,0.22932214,128.97223,1.6488585,28.509016,128.97223,1.6488585,0.007644072,128.97223,1.6488585,0.009862915,128.97223,1.6488585,4.0,,,,,,,
128.97223,1.5889,0.42522684,128.97223,1.5889,0.07211066,,,,,,,,,,,,,,,,,,,,,,,,,,,,,,,,,,,,,,,,,,,,,,,,,,,,,,,,,,,,,128.97223,1.5889,125.93295,128.97223,1.5889,3.9163675,,,,,,,,,,,,,,,,,128.97223,1.6788378,0.22633399,128.97223,1.6788378,0.0061937617,,,,,,,,,,,,,,,,,,,,128.97223,1.6788378,0.22822785,128.97223,1.6788378,28.504204,128.97223,1.6788378,0.007607595,128.97223,1.6788378,1.0000001e-07,128.97223,1.6788378,7.0,,,,,,,
128.97223,1.6188793,0.41497844,128.97223,1.6188793,0.07383609,,,,,,,,,,,,,,,,,,,,,,,,,,,,,,,,,,,,,,,,,,,,,,,,,,,,,,,,,,,,,128.97223,1.6188793,122.254425,128.97223,1.6188793,4.568745,,,,,,,,,,,,,,,,,128.97223,1.708817,0.2143085,128.97223,1.708817,0.007089089,,,,,,,,,,,,,,,,,,,,128.97223,1.708817,0.21766144,128.97223,1.708817,28.45771,128.97223,1.708817,0.0072553805,128.97223,1.708817,0.0055252416,128.97223,1.708817,4.0,,,,,,,
128.97223,1.6488585,0.4028261,128.97223,1.6488585,0.074936785,,,,,,,,,,,,,,,,,,,,,,,,,,,,,,,,,,,,,,,,,,,,,,,,,,,,,,,,,,,,,128.97223,1.6488585,118.0915,128.97223,1.6488585,4.942623,,,,,,,,,,,,,,,,,128.97223,1.7387962,0.20836328,128.97223,1.7387962,0.0068666018,,,,,,,,,,,,,,,,,,,,128.97223,1.7387962,0.2135406,128.97223,1.7387962,28.439579,128.97223,1.7387962,0.0071180197,128.97223,1.7387962,0.010926767,128.97223,1.7387962,5.0,,,,,,,
128.97223,1.6788378,0.3856909,128.97223,1.6788378,0.071575195,,,,,,,,,,,,,,,,,,,,,,,,,,,,,,,,,,,,,,,,,,,,,,,,,,,,,,,,,,,,,128.97223,1.6788378,112.10216,128.97223,1.6788378,3.7500203,,,,,,,,,,,,,,,,,128.97223,1.7687756,0.1964483,128.97223,1.7687756,0.00755584,,,,,,,,,,,,,,,,,,,,128.97223,1.7687756,0.20143242,128.97223,1.7687756,28.386305,128.97223,1.7687756,0.0067144134,128.97223,1.7687756,0.007191985,128.97223,1.7687756,4.0,,,,,,,
128.97223,1.708817,0.36033022,128.97223,1.708817,0.07266101,,,,,,,,,,,,,,,,,,,,,,,,,,,,,,,,,,,,,,,,,,,,,,,,,,,,,,,,,,,,,128.97223,1.708817,103.23812,128.97223,1.708817,4.0959167,,,,,,,,,,,,,,,,,128.97223,1.7987548,0.18765324,128.97223,1.7987548,0.0064116805,,,,,,,,,,,,,,,,,,,,128.97223,1.7987548,0.19536473,128.97223,1.7987548,28.359606,128.97223,1.7987548,0.0065121576,128.97223,1.7987548,1.0000001e-07,128.97223,1.7987548,7.0,,,,,,,
128.97223,1.7387962,0.33880708,128.97223,1.7387962,0.071872674,,,,,,,,,,,,,,,,,,,,,,,,,,,,,,,,,,,,,,,,,,,,,,,,,,,,,,,,,,,,,128.97223,1.7387962,95.696846,128.97223,1.7387962,3.8345273,,,,,,,,,,,,,,,,,128.97223,1.828734,0.17739393,128.97223,1.828734,0.0065838965,,,,,,,,,,,,,,,,,,,,128.97223,1.828734,0.18627271,128.97223,1.828734,28.3196,128.97223,1.828734,0.0062090904,128.97223,1.828734,1.0000001e-07,128.97223,1.828734,7.0,,,,,,,
128.97223,1.7687755,0.31897962,128.97223,1.7687755,0.07251227,,,,,,,,,,,,,,,,,,,,,,,,,,,,,,,,,,,,,,,,,,,,,,,,,,,,,,,,,,,,,128.97223,1.7687755,88.76132,128.97223,1.7687755,4.1117153,,,,,,,,,,,,,,,,,128.97223,1.8587133,0.15180975,128.97223,1.8587133,0.004818431,,,,,,,,,,,,,,,,,,,,128.97223,1.8587133,0.15694577,128.97223,1.8587133,28.190561,128.97223,1.8587133,0.0052315253,128.97223,1.8587133,1.0000001e-07,128.97223,1.8587133,7.0,,,,,,,
128.97223,1.7987547,0.30278146,128.97223,1.7987547,0.07077197,,,,,,,,,,,,,,,,,,,,,,,,,,,,,,,,,,,,,,,,,,,,,,,,,,,,,,,,,,,,,128.97223,1.7987547,83.12521,128.97223,1.7987547,3.455746,,,,,,,,,,,,,,,,,128.97223,1.8886925,0.13269857,128.97223,1.8886925,0.004483154,,,,,,,,,,,,,,,,,,,,128.97223,1.8886925,0.13339786,128.97223,1.8886925,28.086952,128.97223,1.8886925,0.004446596,128.97223,1.8886925,1.0000001e-07,128.97223,1.8886925,7.0,,,,,,,
128.97223,1.828734,0.27782238,128.97223,1.828734,0.07054886,,,,,,,,,,,,,,,,,,,,,,,,,,,,,,,,,,,,,,,,,,,,,,,,,,,,,,,,,,,,,128.97223,1.828734,74.41283,128.97223,1.828734,3.3715205,,,,,,,,,,,,,,,,,128.97223,1.9186717,0.10827958,128.97223,1.9186717,0.002977338,,,,,,,,,,,,,,,,,,,,128.97223,1.9186717,0.10257424,128.97223,1.9186717,27.951326,128.97223,1.9186717,0.0034191413,128.97223,1.9186717,1.0000001e-07,128.97223,1.9186717,7.0,,,,,,,
128.97223,1.8587133,0.24438494,128.97223,1.8587133,0.06840696,,,,,,,,,,,,,,,,,,,,,,,,,,,,,,,,,,,,,,,,,,,,,,,,,,,,,,,,,,,,,128.97223,1.8587133,62.7092,128.97223,1.8587133,2.5395179,,,,,,,,,,,,,,,,,128.97223,1.948651,0.086677164,128.97223,1.948651,0.005339977,,,,,,,,,,,,,,,,,,,,128.97223,1.948651,0.07728909,128.97223,1.948651,27.84007,128.97223,1.948651,0.002576303,128.97223,1.948651,1.0000001e-07,128.97223,1.948651,7.0,,,,,,,
128.97223,1.8886925,0.21642123,128.97223,1.8886925,0.06779711,,,,,,,,,,,,,,,,,,,,,,,,,,,,,,,,,,,,,,,,,,,,,,,,,,,,,,,,,,,,,128.97223,1.8886925,52.955727,128.97223,1.8886925,2.3781013,,,,,,,,,,,,,,,,,128.97223,1.9786303,0.07826728,128.97223,1.9786303,0.0031551442,,,,,,,,,,,,,,,,,,,,128.97223,1.9786303,0.06597563,128.97223,1.9786303,27.790293,128.97223,1.9786303,0.0021991876,128.97223,1.9786303,1.0000001e-07,128.97223,1.9786303,7.0,,,,,,,
128.97223,1.9186717,0.1843671,128.97223,1.9186717,0.06586345,,,,,,,,,,,,,,,,,,,,,,,,,,,,,,,,,,,,,,,,,,,,,,,,,,,,,,,,,,,,,128.97223,1.9186717,41.742672,128.97223,1.9186717,1.6846538,,,,,,,,,,,,,,,,,128.97223,2.0086095,0.076135725,128.97223,2.0086095,0.0033640307,,,,,,,,,,,,,,,,,,,,128.97223,2.0086095,0.06379577,128.97223,2.0086095,27.780703,128.97223,2.0086095,0.0021265254,128.97223,2.0086095,1.0000001e-07,128.97223,2.0086095,7.0,,,,,,,
128.97223,1.948651,0.15817343,128.97223,1.948651,0.06834747,,,,,,,,,,,,,,,,,,,,,,,,,,,,,,,,,,,,,,,,,,,,,,,,,,,,,,,,,,,,,128.97223,1.948651,32.651306,128.97223,1.948651,2.571332,,,,,,,,,,,,,,,,,128.97223,2.0385888,0.07406188,128.97223,2.0385888,0.0019824384,,,,,,,,,,,,,,,,,,,,128.97223,2.0385888,0.061679747,128.97223,2.0385888,27.77139,128.97223,2.0385888,0.0020559914,128.97223,2.0385888,1.0000001e-07,128.97223,2.0385888,7.0,,,,,,,
128.97223,1.9786302,0.14710695,128.97223,1.9786302,0.065952696,,,,,,,,,,,,,,,,,,,,,,,,,,,,,,,,,,,,,,,,,,,,,,,,,,,,,,,,,,,,,128.97223,1.9786302,28.814928,128.97223,1.9786302,1.6670828,,,,,,,,,,,,,,,,,128.97223,2.068568,0.07337832,128.97223,2.068568,0.00356614,,,,,,,,,,,,,,,,,,,,128.97223,2.068568,0.060827263,128.97223,2.068568,27.767641,128.97223,2.068568,0.0020275756,128.97223,2.068568,1.0000001e-07,128.97223,2.068568,7.0,,,,,,,
128.97223,2.0086095,0.14280827,128.97223,2.0086095,0.066012196,,,,,,,,,,,,,,,,,,,,,,,,,,,,,,,,,,,,,,,,,,,,,,,,,,,,,,,,,,,,,128.97223,2.0086095,27.25999,128.97223,2.0086095,1.6998141,,,,,,,,,,,,,,,,,128.97223,2.0985472,0.06685203,128.97223,2.0985472,0.0029303413,,,,,,,,,,,,,,,,,,,,128.97223,2.0985472,0.053718213,128.97223,2.0985472,27.736359,128.97223,2.0985472,0.0017906069,128.97223,2.0985472,1.0000001e-07,128.97223,2.0985472,7.0,,,,,,,
128.97223,2.0385888,0.13836086,128.97223,2.0385888,0.06449501,,,,,,,,,,,,,,,,,,,,,,,,,,,,,,,,,,,,,,,,,,,,,,,,,,,,,,,,,,,,,128.97223,2.0385888,25.714651,128.97223,2.0385888,1.2150261,,,,,,,,,,,,,,,,,128.97223,2.1285264,0.06675705,128.97223,2.1285264,0.0021940852,,,,,,,,,,,,,,,,,,,,128.97223,2.1285264,0.053355847,128.97223,2.1285264,27.734764,128.97223,2.1285264,0.0017785283,128.97223,2.1285264,1.0000001e-07,128.97223,2.1285264,7.0,,,,,,,
128.97223,2.068568,0.13498437,128.97223,2.068568,0.065878324,,,,,,,,,,,,,,,,,,,,,,,,,,,,,,,,,,,,,,,,,,,,,,,,,,,,,,,,,,,,,128.97223,2.068568,24.52502,128.97223,2.068568,1.6112282,,,,,,,,,,,,,,,,,128.97223,2.1585057,0.06834981,128.97223,2.1585057,0.0033181123,,,,,,,,,,,,,,,,,,,,128.97223,2.1585057,0.055994947,128.97223,2.1585057,27.746376,128.97223,2.1585057,0.0018664984,128.97223,2.1585057,1.0000001e-07,128.97223,2.1585057,7.0,,,,,,,
128.97223,2.0985472,0.12730923,128.97223,2.0985472,0.06523873,,,,,,,,,,,,,,,,,,,,,,,,,,,,,,,,,,,,,,,,,,,,,,,,,,,,,,,,,,,,,128.97223,2.0985472,21.882254,128.97223,2.0985472,1.4502847,,,,,,,,,,,,,,,,,128.97223,2.188485,0.0656532,128.97223,2.188485,0.0018963827,,,,,,,,,,,,,,,,,,,,128.97223,2.188485,0.052637763,128.97223,2.188485,27.731606,128.97223,2.188485,0.001754592,128.97223,2.188485,1.0000001e-07,128.97223,2.188485,7.0,,,,,,,
128.97223,2.1285264,0.12539046,128.97223,2.1285264,0.06448014,,,,,,,,,,,,,,,,,,,,,,,,,,,,,,,,,,,,,,,,,,,,,,,,,,,,,,,,,,,,,128.97223,2.1285264,21.204124,128.97223,2.1285264,1.1542329,,,,,,,,,,,,,,,,,128.97223,2.2184641,0.06268448,128.97223,2.2184641,0.004861529,,,,,,,,,,,,,,,,,,,,128.97223,2.2184641,0.04983503,128.97223,2.2184641,27.719275,128.97223,2.2184641,0.0016611676,128.97223,2.2184641,1.0000001e-07,128.97223,2.2184641,7.0,,,,,,,
128.97223,2.1585057,0.12533095,128.97223,2.1585057,0.06541722,,,,,,,,,,,,,,,,,,,,,,,,,,,,,,,,,,,,,,,,,,,,,,,,,,,,,,,,,,,,,128.97223,2.1585057,21.170092,128.97223,2.1585057,1.4980812,,,,,,,,,,,,,,,,,128.97223,2.2484434,0.06279777,128.97223,2.2484434,0.001660819,,,,,,,,,,,,,,,,,,,,128.97223,2.2484434,0.0477076,128.97223,2.2484434,27.709913,128.97223,2.2484434,0.0015902533,128.97223,2.2484434,1.0000001e-07,128.97223,2.2484434,7.0,,,,,,,
128.97223,2.188485,0.12162725,128.97223,2.188485,0.06407854,,,,,,,,,,,,,,,,,,,,,,,,,,,,,,,,,,,,,,,,,,,,,,,,,,,,,,,,,,,,,128.97223,2.188485,19.885649,128.97223,2.188485,1.0574331,,,,,,,,,,,,,,,,,128.97223,2.2784226,0.0607864,128.97223,2.2784226,0.0021021147,,,,,,,,,,,,,,,,,,,,128.97223,2.2784226,0.04792605,128.97223,2.2784226,27.710873,128.97223,2.2784226,0.001597535,128.97223,2.2784226,1.0000001e-07,128.97223,2.2784226,7.0,,,,,,,
128.97223,2.2184641,0.11715008,128.97223,2.2184641,0.06645843,,,,,,,,,,,,,,,,,,,,,,,,,,,,,,,,,,,,,,,,,,,,,,,,,,,,,,,,,,,,,128.97223,2.2184641,18.352,128.97223,2.2184641,1.9255434,,,,,,,,,,,,,,,,,128.97223,2.308402,0.058747187,128.97223,2.308402,0.002491948,,,,,,,,,,,,,,,,,,,,128.97223,2.308402,0.044916227,128.97223,2.308402,27.697634,128.97223,2.308402,0.0014972074,128.97223,2.308402,1.0000001e-07,128.97223,2.308402,7.0,,,,,,,
128.97223,2.2484434,0.11624274,128.97223,2.2484434,0.063795924,,,,,,,,,,,,,,,,,,,,,,,,,,,,,,,,,,,,,,,,,,,,,,,,,,,,,,,,,,,,,128.97223,2.2484434,17.9807,128.97223,2.2484434,0.90299034,,,,,,,,,,,,,,,,,128.97223,2.3383813,0.05979246,128.97223,2.3383813,0.0025054472,,,,,,,,,,,,,,,,,,,,128.97223,2.3383813,0.046012565,128.97223,2.3383813,27.702457,128.97223,2.3383813,0.0015337518,128.97223,2.3383813,1.0000001e-07,128.97223,2.3383813,7.0,,,,,,,
128.97223,2.2784226,0.113773614,128.97223,2.2784226,0.06404879,,,,,,,,,,,,,,,,,,,,,,,,,,,,,,,,,,,,,,,,,,,,,,,,,,,,,,,,,,,,,128.97223,2.2784226,17.148436,128.97223,2.2784226,1.0315429,,,,,,,,,,,,,,,,,128.97223,2.3683605,0.05892832,128.97223,2.3683605,0.0031972202,,,,,,,,,,,,,,,,,,,,128.97223,2.3683605,0.045013916,128.97223,2.3683605,27.698063,128.97223,2.3683605,0.0015004638,128.97223,2.3683605,1.0000001e-07,128.97223,2.3683605,7.0,,,,,,,
128.97223,2.3084018,0.11115573,128.97223,2.3084018,0.06425703,,,,,,,,,,,,,,,,,,,,,,,,,,,,,,,,,,,,,,,,,,,,,,,,,,,,,,,,,,,,,128.97223,2.3084018,16.20853,128.97223,2.3084018,1.1409998,,,,,,,,,,,,,,,,,128.97223,2.3983397,0.057825387,128.97223,2.3983397,0.0037925583,,,,,,,,,,,,,,,,,,,,128.97223,2.3983397,0.044385143,128.97223,2.3983397,27.695293,128.97223,2.3983397,0.0014795047,128.97223,2.3983397,1.0000001e-07,128.97223,2.3983397,7.0,,,,,,,
128.97223,2.338381,0.11038227,128.97223,2.338381,0.06422728,,,,,,,,,,,,,,,,,,,,,,,,,,,,,,,,,,,,,,,,,,,,,,,,,,,,,,,,,,,,,128.97223,2.338381,15.919835,128.97223,2.338381,1.0466712,,,,,,,,,,,,,,,,,128.97223,2.428319,0.057686217,128.97223,2.428319,0.0031973002,,,,,,,,,,,,,,,,,,,,128.97223,2.428319,0.044595372,128.97223,2.428319,27.69622,128.97223,2.428319,0.0014865121,128.97223,2.428319,1.0000001e-07,128.97223,2.428319,7.0,,,,,,,
128.97223,2.3683605,0.10880559,128.97223,2.3683605,0.064703256,,,,,,,,,,,,,,,,,,,,,,,,,,,,,,,,,,,,,,,,,,,,,,,,,,,,,,,,,,,,,128.97223,2.3683605,15.374339,128.97223,2.3683605,1.2706015,,,,,,,,,,,,,,,,,128.97223,2.4582982,0.058186095,128.97223,2.4582982,-0.00018030751,,,,,,,,,,,,,,,,,,,,128.97223,2.4582982,0.045989413,128.97223,2.4582982,27.702353,128.97223,2.4582982,0.0015329805,128.97223,2.4582982,1.0000001e-07,128.97223,2.4582982,7.0,,,,,,,
128.97223,2.3983397,0.107258655,128.97223,2.3983397,0.065075114,,,,,,,,,,,,,,,,,,,,,,,,,,,,,,,,,,,,,,,,,,,,,,,,,,,,,,,,,,,,,128.97223,2.3983397,14.840134,128.97223,2.3983397,1.4072449,,,,,,,,,,,,,,,,,128.97223,2.4882774,0.054412678,128.97223,2.4882774,0.002194045,,,,,,,,,,,,,,,,,,,,128.97223,2.4882774,0.042151336,128.97223,2.4882774,27.685467,128.97223,2.4882774,0.0014050447,128.97223,2.4882774,1.0000001e-07,128.97223,2.4882774,7.0,,,,,,,
128.97223,2.428319,0.10627696,128.97223,2.428319,0.064599134,,,,,,,,,,,,,,,,,,,,,,,,,,,,,,,,,,,,,,,,,,,,,,,,,,,,,,,,,,,,,128.97223,2.428319,14.502365,128.97223,2.428319,1.2533407,,,,,,,,,,,,,,,,,128.97223,2.5182567,0.05277049,128.97223,2.5182567,0.0006269996,,,,,,,,,,,,,,,,,,,,128.97223,2.5182567,0.0394143,128.97223,2.5182567,27.673424,128.97223,2.5182567,0.0013138101,128.97223,2.5182567,1.0000001e-07,128.97223,2.5182567,7.0,,,,,,,
128.97223,2.4582982,0.10446229,128.97223,2.4582982,0.062234122,,,,,,,,,,,,,,,,,,,,,,,,,,,,,,,,,,,,,,,,,,,,,,,,,,,,,,,,,,,,,128.97223,2.4582982,13.9105835,128.97223,2.4582982,0.40868315,,,,,,,,,,,,,,,,,128.97223,2.548236,0.05019301,128.97223,2.548236,-0.0027091794,,,,,,,,,,,,,,,,,,,,128.97223,2.548236,0.035165034,128.97223,2.548236,27.654726,128.97223,2.548236,0.0011721676,128.97223,2.548236,1.0000001e-07,128.97223,2.548236,7.0,,,,,,,
128.97223,2.4882774,0.10127919,128.97223,2.4882774,0.06378105,,,,,,,,,,,,,,,,,,,,,,,,,,,,,,,,,,,,,,,,,,,,,,,,,,,,,,,,,,,,,128.97223,2.4882774,12.7832985,128.97223,2.4882774,0.9237866,,,,,,,,,,,,,,,,,128.97223,2.5782151,0.045098096,128.97223,2.5782151,0.0032348975,,,,,,,,,,,,,,,,,,,,128.97223,2.5782151,0.02962332,128.97223,2.5782151,27.63034,128.97223,2.5782151,0.0009874441,128.97223,2.5782151,1.0000001e-07,128.97223,2.5782151,7.0,,,,,,,
128.97223,2.5182567,0.09974713,128.97223,2.5182567,0.06285884,,,,,,,,,,,,,,,,,,,,,,,,,,,,,,,,,,,,,,,,,,,,,,,,,,,,,,,,,,,,,128.97223,2.5182567,12.224822,128.97223,2.5182567,0.626132,,,,,,,,,,,,,,,,,128.97223,2.6081944,0.047959175,128.97223,2.6081944,0.0018574217,,,,,,,,,,,,,,,,,,,,128.97223,2.6081944,0.035873257,128.97223,2.6081944,27.657845,128.97223,2.6081944,0.0011957753,128.97223,2.6081944,1.0000001e-07,128.97223,2.6081944,7.0,,,,,,,
128.97223,2.548236,0.097917594,128.97223,2.548236,0.060672324,,,,,,,,,,,,,,,,,,,,,,,,,,,,,,,,,,,,,,,,,,,,,,,,,,,,,,,,,,,,,128.97223,2.548236,11.596348,128.97223,2.548236,-0.22423553,,,,,,,,,,,,,,,,,128.97223,2.6381736,0.044247333,128.97223,2.6381736,0.0031652942,,,,,,,,,,,,,,,,,,,,128.97223,2.6381736,0.03029564,128.97223,2.6381736,27.633299,128.97223,2.6381736,0.0010098547,128.97223,2.6381736,1.0000001e-07,128.97223,2.6381736,7.0,,,,,,,
128.97223,2.5782151,0.09384204,128.97223,2.5782151,0.06422728,,,,,,,,,,,,,,,,,,,,,,,,,,,,,,,,,,,,,,,,,,,,,,,,,,,,,,,,,,,,,128.97223,2.5782151,10.188061,128.97223,2.5782151,1.1127355,,,,,,,,,,,,,,,,,128.97223,2.6681528,0.04449884,128.97223,2.6681528,0.00081136444,,,,,,,,,,,,,,,,,,,,128.97223,2.6681528,0.02922176,128.97223,2.6681528,27.628574,128.97223,2.6681528,0.0009740587,128.97223,2.6681528,1.0000001e-07,128.97223,2.6681528,7.0,,,,,,,
128.97223,2.6081944,0.09480886,128.97223,2.6081944,0.06339432,,,,,,,,,,,,,,,,,,,,,,,,,,,,,,,,,,,,,,,,,,,,,,,,,,,,,,,,,,,,,128.97223,2.6081944,10.538051,128.97223,2.6081944,0.7973785,,,,,,,,,,,,,,,,,128.97223,2.698132,0.045065228,128.97223,2.698132,0.0006844743,,,,,,,,,,,,,,,,,,,,128.97223,2.698132,0.031023225,128.97223,2.698132,27.636503,128.97223,2.698132,0.0010341075,128.97223,2.698132,1.0000001e-07,128.97223,2.698132,7.0,,,,,,,
128.97223,2.6381736,0.09134315,128.97223,2.6381736,0.06397441,,,,,,,,,,,,,,,,,,,,,,,,,,,,,,,,,,,,,,,,,,,,,,,,,,,,,,,,,,,,,128.97223,2.6381736,9.331994,128.97223,2.6381736,1.0439509,,,,,,,,,,,,,,,,,128.97223,2.7281115,0.03996293,128.97223,2.7281115,0.00014107361,,,,,,,,,,,,,,,,,,,,128.97223,2.7281115,0.025631674,128.97223,2.7281115,27.612778,128.97223,2.7281115,0.0008543892,128.97223,2.7281115,1.0000001e-07,128.97223,2.7281115,7.0,,,,,,,
128.97223,2.6681528,0.09132828,128.97223,2.6681528,0.06263573,,,,,,,,,,,,,,,,,,,,,,,,,,,,,,,,,,,,,,,,,,,,,,,,,,,,,,,,,,,,,128.97223,2.6681528,9.317418,128.97223,2.6681528,0.4968498,,,,,,,,,,,,,,,,,128.97223,2.7580907,0.038365353,128.97223,2.7580907,-0.00068402424,,,,,,,,,,,,,,,,,,,,128.97223,2.7580907,0.02109613,128.97223,2.7580907,27.592821,128.97223,2.7580907,0.00070320436,128.97223,2.7580907,1.0000001e-07,128.97223,2.7580907,7.0,,,,,,,
128.97223,2.698132,0.09175963,128.97223,2.698132,0.062561356,,,,,,,,,,,,,,,,,,,,,,,,,,,,,,,,,,,,,,,,,,,,,,,,,,,,,,,,,,,,,128.97223,2.698132,9.449658,128.97223,2.698132,0.4634853,,,,,,,,,,,,,,,,,128.97223,2.78807,0.05149509,128.97223,2.78807,-0.00037677324,,,,,,,,,,,,,,,,,,,,128.97223,2.78807,0.0432645,128.97223,2.78807,27.690363,128.97223,2.78807,0.0014421501,128.97223,2.78807,1.0000001e-07,128.97223,2.78807,7.0,,,,,,,
128.97223,2.7281113,0.08810055,128.97223,2.7281113,0.062204376,,,,,,,,,,,,,,,,,,,,,,,,,,,,,,,,,,,,,,,,,,,,,,,,,,,,,,,,,,,,,128.97223,2.7281113,8.202369,128.97223,2.7281113,0.3671724,,,,,,,,,,,,,,,,,128.97223,2.8180492,0.038400605,128.97223,2.8180492,-0.0015045492,,,,,,,,,,,,,,,,,,,,128.97223,2.8180492,0.026362207,128.97223,2.8180492,27.615993,128.97223,2.8180492,0.00087874033,128.97223,2.8180492,1.0000001e-07,128.97223,2.8180492,7.0,,,,,,,
128.97223,2.7580905,0.08627102,128.97223,2.7580905,0.06181764,,,,,,,,,,,,,,,,,,,,,,,,,,,,,,,,,,,,,,,,,,,,,,,,,,,,,,,,,,,,,128.97223,2.7580905,7.5370655,128.97223,2.7580905,0.23849815,,,,,,,,,,,,,,,,,128.97223,2.8480284,0.042087052,128.97223,2.8480284,0.0032340642,,,,,,,,,,,,,,,,,,,,128.97223,2.8480284,0.026448905,128.97223,2.8480284,27.616375,128.97223,2.8480284,0.0008816302,128.97223,2.8480284,1.0000001e-07,128.97223,2.8480284,7.0,,,,,,,
128.97223,2.78807,0.09280083,128.97223,2.78807,0.062115125,,,,,,,,,,,,,,,,,,,,,,,,,,,,,,,,,,,,,,,,,,,,,,,,,,,,,,,,,,,,,128.97223,2.78807,9.832749,128.97223,2.78807,0.329184,,,,,,,,,,,,,,,,,128.97223,2.8780077,0.039145723,128.97223,2.8780077,0.001287227,,,,,,,,,,,,,,,,,,,,128.97223,2.8780077,0.025889466,128.97223,2.8780077,27.613914,128.97223,2.8780077,0.0008629823,128.97223,2.8780077,1.0000001e-07,128.97223,2.8780077,7.0,,,,,,,
128.97223,2.8180492,0.08533393,128.97223,2.8180492,0.061416037,,,,,,,,,,,,,,,,,,,,,,,,,,,,,,,,,,,,,,,,,,,,,,,,,,,,,,,,,,,,,128.97223,2.8180492,7.2258625,128.97223,2.8180492,0.06980271,,,,,,,,,,,,,,,,,128.97223,2.9079869,0.038662862,128.97223,2.9079869,0.001555953,,,,,,,,,,,,,,,,,,,,128.97223,2.9079869,0.024895709,128.97223,2.9079869,27.609543,128.97223,2.9079869,0.000829857,128.97223,2.9079869,1.0000001e-07,128.97223,2.9079869,7.0,,,,,,,
128.97223,2.8480284,0.08688086,128.97223,2.8480284,0.06370668,,,,,,,,,,,,,,,,,,,,,,,,,,,,,,,,,,,,,,,,,,,,,,,,,,,,,,,,,,,,,128.97223,2.8480284,7.7409844,128.97223,2.8480284,0.8972438,,,,,,,,,,,,,,,,,128.97223,2.937966,0.03745775,128.97223,2.937966,0.0012000981,,,,,,,,,,,,,,,,,,,,128.97223,2.937966,0.01922048,128.97223,2.937966,27.58457,128.97223,2.937966,0.0006406827,128.97223,2.937966,1.0000001e-07,128.97223,2.937966,7.0,,,,,,,
128.97223,2.8780077,0.08531906,128.97223,2.8780077,0.06285885,,,,,,,,,,,,,,,,,,,,,,,,,,,,,,,,,,,,,,,,,,,,,,,,,,,,,,,,,,,,,128.97223,2.8780077,7.2383533,128.97223,2.8780077,0.62936705,,,,,,,,,,,,,,,,,128.97223,2.9679453,0.032925416,128.97223,2.9679453,0.0015452685,,,,,,,,,,,,,,,,,,,,128.97223,2.9679453,0.019259848,128.97223,2.9679453,27.584743,128.97223,2.9679453,0.000641995,128.97223,2.9679453,1.0000001e-07,128.97223,2.9679453,7.0,,,,,,,
128.97223,2.9079869,0.08472408,128.97223,2.9079869,0.06287371,,,,,,,,,,,,,,,,,,,,,,,,,,,,,,,,,,,,,,,,,,,,,,,,,,,,,,,,,,,,,128.97223,2.9079869,7.003643,128.97223,2.9079869,0.60702294,,,,,,,,,,,,,,,,,128.97223,2.9979246,0.03646283,128.97223,2.9979246,-0.0019528014,,,,,,,,,,,,,,,,,,,,128.97223,2.9979246,0.023656609,128.97223,2.9979246,27.604088,128.97223,2.9979246,0.0007885536,128.97223,2.9979246,1.0000001e-07,128.97223,2.9979246,7.0,,,,,,,
128.97223,2.937966,0.0832664,128.97223,2.937966,0.0627696,,,,,,,,,,,,,,,,,,,,,,,,,,,,,,,,,,,,,,,,,,,,,,,,,,,,,,,,,,,,,128.97223,2.937966,6.472274,128.97223,2.937966,0.53402114,,,,,,,,,,,,,,,,,128.97223,3.0279038,0.03184003,128.97223,3.0279038,0.002870952,,,,,,,,,,,,,,,,,,,,128.97223,3.0279038,0.012444852,128.97223,3.0279038,27.554758,128.97223,3.0279038,0.00041482842,128.97223,3.0279038,1.0000001e-07,128.97223,3.0279038,7.0,,,,,,,
128.97223,2.9679453,0.08088651,128.97223,2.9679453,0.06281422,,,,,,,,,,,,,,,,,,,,,,,,,,,,,,,,,,,,,,,,,,,,,,,,,,,,,,,,,,,,,128.97223,2.9679453,5.704836,128.97223,2.9679453,0.6045161,,,,,,,,,,,,,,,,,128.97223,3.057883,0.036292218,128.97223,3.057883,-0.0032457055,,,,,,,,,,,,,,,,,,,,128.97223,3.057883,0.018043619,128.97223,3.057883,27.579391,128.97223,3.057883,0.00060145394,128.97223,3.057883,1.0000001e-07,128.97223,3.057883,7.0,,,,,,,
128.97223,2.9979246,0.08204671,128.97223,2.9979246,0.061282173,,,,,,,,,,,,,,,,,,,,,,,,,,,,,,,,,,,,,,,,,,,,,,,,,,,,,,,,,,,,,128.97223,2.9979246,6.077629,128.97223,2.9979246,0.029323552,,,,,,,,,,,,,,,,,128.97223,3.0878623,0.034141634,128.97223,3.0878623,0.0007381746,,,,,,,,,,,,,,,,,,,,128.97223,3.0878623,0.017610347,128.97223,3.0878623,27.577488,128.97223,3.0878623,0.0005870115,128.97223,3.0878623,1.0000001e-07,128.97223,3.0878623,7.0,,,,,,,
128.97223,3.0279038,0.080113046,128.97223,3.0279038,0.06330507,,,,,,,,,,,,,,,,,,,,,,,,,,,,,,,,,,,,,,,,,,,,,,,,,,,,,,,,,,,,,128.97223,3.0279038,5.371079,128.97223,3.0279038,0.73622537,,,,,,,,,,,,,,,,,128.97223,3.1178415,0.03561558,128.97223,3.1178415,-0.0011522906,,,,,,,,,,,,,,,,,,,,128.97223,3.1178415,0.017811107,128.97223,3.1178415,27.57837,128.97223,3.1178415,0.00059370353,128.97223,3.1178415,1.0000001e-07,128.97223,3.1178415,7.0,,,,,,,
128.97223,3.057883,0.08145173,128.97223,3.057883,0.0606872,,,,,,,,,,,,,,,,,,,,,,,,,,,,,,,,,,,,,,,,,,,,,,,,,,,,,,,,,,,,,128.97223,3.057883,5.8572903,128.97223,3.057883,-0.18583947,,,,,,,,,,,,,,,,,128.97223,3.147821,0.042173326,128.97223,3.147821,0.0016870018,,,,,,,,,,,,,,,,,,,,128.97223,3.147821,0.03184643,128.97223,3.147821,27.640125,128.97223,3.147821,0.0010615475,128.97223,3.147821,1.0000001e-07,128.97223,3.147821,7.0,,,,,,,
128.97223,3.0878623,0.08017255,128.97223,3.0878623,0.062472112,,,,,,,,,,,,,,,,,,,,,,,,,,,,,,,,,,,,,,,,,,,,,,,,,,,,,,,,,,,,,128.97223,3.0878623,5.390882,128.97223,3.0878623,0.4242694,,,,,,,,,,,,,,,,,128.97223,3.1778002,0.037613858,128.97223,3.1778002,0.0051506436,,,,,,,,,,,,,,,,,,,,128.97223,3.1778002,0.022510596,128.97223,3.1778002,27.599047,128.97223,3.1778002,0.00075035327,128.97223,3.1778002,1.0000001e-07,128.97223,3.1778002,7.0,,,,,,,
128.97223,3.1178415,0.0806039,128.97223,3.1178415,0.061460655,,,,,,,,,,,,,,,,,,,,,,,,,,,,,,,,,,,,,,,,,,,,,,,,,,,,,,,,,,,,,128.97223,3.1178415,5.5450854,128.97223,3.1178415,0.10759286,,,,,,,,,,,,,,,,,128.97223,3.2077794,0.043311793,128.97223,3.2077794,0.0013670094,,,,,,,,,,,,,,,,,,,,128.97223,3.2077794,0.03221084,128.97223,3.2077794,27.641727,128.97223,3.2077794,0.0010736948,128.97223,3.2077794,1.0000001e-07,128.97223,3.2077794,7.0,,,,,,,
128.97223,3.1478207,0.08277555,128.97223,3.1478207,0.06284397,,,,,,,,,,,,,,,,,,,,,,,,,,,,,,,,,,,,,,,,,,,,,,,,,,,,,,,,,,,,,128.97223,3.1478207,6.3269258,128.97223,3.1478207,0.58530265,,,,,,,,,,,,,,,,,128.97223,3.2377586,0.04531619,128.97223,3.2377586,0.0010305517,,,,,,,,,,,,,,,,,,,,128.97223,3.2377586,0.037138976,128.97223,3.2377586,27.663412,128.97223,3.2377586,0.0012379659,128.97223,3.2377586,1.0000001e-07,128.97223,3.2377586,7.0,,,,,,,
128.97223,3.1778,0.08102038,128.97223,3.1778,0.06410828,,,,,,,,,,,,,,,,,,,,,,,,,,,,,,,,,,,,,,,,,,,,,,,,,,,,,,,,,,,,,128.97223,3.1778,5.704176,128.97223,3.1778,1.0577922,,,,,,,,,,,,,,,,,128.97223,3.2677379,0.043832835,128.97223,3.2677379,0.0027522962,,,,,,,,,,,,,,,,,,,,128.97223,3.2677379,0.034241226,128.97223,3.2677379,27.650661,128.97223,3.2677379,0.0011413741,128.97223,3.2677379,1.0000001e-07,128.97223,3.2677379,7.0,,,,,,,
128.97223,3.2077794,0.08320691,128.97223,3.2077794,0.062516734,,,,,,,,,,,,,,,,,,,,,,,,,,,,,,,,,,,,,,,,,,,,,,,,,,,,,,,,,,,,,128.97223,3.2077794,6.4737616,128.97223,3.2077794,0.44857407,,,,,,,,,,,,,,,,,128.97223,3.297717,0.045156334,128.97223,3.297717,0.0020203958,,,,,,,,,,,,,,,,,,,,128.97223,3.297717,0.039352406,128.97223,3.297717,27.67315,128.97223,3.297717,0.0013117469,128.97223,3.297717,1.0000001e-07,128.97223,3.297717,7.0,,,,,,,
128.97223,3.2377586,0.08335564,128.97223,3.2377586,0.06245723,,,,,,,,,,,,,,,,,,,,,,,,,,,,,,,,,,,,,,,,,,,,,,,,,,,,,,,,,,,,,128.97223,3.2377586,6.542356,128.97223,3.2377586,0.4490402,,,,,,,,,,,,,,,,,128.97223,3.3276963,0.046556357,128.97223,3.3276963,0.00645708,,,,,,,,,,,,,,,,,,,,128.97223,3.3276963,0.03672543,128.97223,3.3276963,27.661592,128.97223,3.3276963,0.0012241811,128.97223,3.3276963,1.0000001e-07,128.97223,3.3276963,7.0,,,,,,,
128.97223,3.2677379,0.08249293,128.97223,3.2677379,0.06321582,,,,,,,,,,,,,,,,,,,,,,,,,,,,,,,,,,,,,,,,,,,,,,,,,,,,,,,,,,,,,128.97223,3.2677379,6.227631,128.97223,3.2677379,0.7256892,,,,,,,,,,,,,,,,,128.97223,3.3576756,0.03967256,128.97223,3.3576756,-0.0008347266,,,,,,,,,,,,,,,,,,,,128.97223,3.3576756,0.031343687,128.97223,3.3576756,27.63791,128.97223,3.3576756,0.0010447897,128.97223,3.3576756,1.0000001e-07,128.97223,3.3576756,7.0,,,,,,,
128.97223,3.297717,0.08279043,128.97223,3.297717,0.06266548,,,,,,,,,,,,,,,,,,,,,,,,,,,,,,,,,,,,,,,,,,,,,,,,,,,,,,,,,,,,,128.97223,3.297717,6.329411,128.97223,3.297717,0.5457712,,,,,,,,,,,,,,,,,128.97223,3.3876548,0.036692917,128.97223,3.3876548,6.595916e-05,,,,,,,,,,,,,,,,,,,,128.97223,3.3876548,0.022606399,128.97223,3.3876548,27.599468,128.97223,3.3876548,0.0007535466,128.97223,3.3876548,1.0000001e-07,128.97223,3.3876548,7.0,,,,,,,
128.97223,3.3276963,0.083177164,128.97223,3.3276963,0.06440577,,,,,,,,,,,,,,,,,,,,,,,,,,,,,,,,,,,,,,,,,,,,,,,,,,,,,,,,,,,,,128.97223,3.3276963,6.460342,128.97223,3.3276963,1.1567698,,,,,,,,,,,,,,,,,128.97223,3.417634,0.035939418,128.97223,3.417634,0.00058169436,,,,,,,,,,,,,,,,,,,,128.97223,3.417634,0.02558425,128.97223,3.417634,27.61257,128.97223,3.417634,0.0008528084,128.97223,3.417634,1.0000001e-07,128.97223,3.417634,7.0,,,,,,,
128.97223,3.3576756,0.08030641,128.97223,3.3576756,0.061713524,,,,,,,,,,,,,,,,,,,,,,,,,,,,,,,,,,,,,,,,,,,,,,,,,,,,,,,,,,,,,128.97223,3.3576756,5.4696836,128.97223,3.3576756,0.13140713,,,,,,,,,,,,,,,,,128.97223,3.4476132,0.026619403,128.97223,3.4476132,0.0025223223,,,,,,,,,,,,,,,,,,,,128.97223,3.4476132,0.0055350703,128.97223,3.4476132,27.524357,128.97223,3.4476132,0.00018450237,128.97223,3.4476132,1.0000001e-07,128.97223,3.4476132,7.0,,,,,,,
128.97223,3.3876548,0.07855124,128.97223,3.3876548,0.061981253,,,,,,,,,,,,,,,,,,,,,,,,,,,,,,,,,,,,,,,,,,,,,,,,,,,,,,,,,,,,,128.97223,3.3876548,4.8492684,128.97223,3.3876548,0.26725087,,,,,,,,,,,,,,,,,128.97223,3.4775925,0.023938145,128.97223,3.4775925,0.0025326004,,,,,,,,,,,,,,,,,,,,128.97223,3.4775925,0.004286243,128.97223,3.4775925,27.51886,128.97223,3.4775925,0.00014287478,128.97223,3.4775925,1.0000001e-07,128.97223,3.4775925,7.0,,,,,,,
128.97223,3.417634,0.07820913,128.97223,3.417634,0.06224899,,,,,,,,,,,,,,,,,,,,,,,,,,,,,,,,,,,,,,,,,,,,,,,,,,,,,,,,,,,,,128.97223,3.417634,4.7303157,128.97223,3.417634,0.36634892,,,,,,,,,,,,,,,,,128.97223,3.5075717,0.02577989,128.97223,3.5075717,-0.0032599368,,,,,,,,,,,,,,,,,,,,128.97223,3.5075717,0.007802829,128.97223,3.5075717,27.534332,128.97223,3.5075717,0.0002600943,128.97223,3.5075717,1.0000001e-07,128.97223,3.5075717,7.0,,,,,,,
128.97223,3.4476132,0.07504091,128.97223,3.4476132,0.06284396,,,,,,,,,,,,,,,,,,,,,,,,,,,,,,,,,,,,,,,,,,,,,,,,,,,,,,,,,,,,,128.97223,3.4476132,3.615272,128.97223,3.4476132,0.5528295,,,,,,,,,,,,,,,,,128.97223,3.5375512,0.023432363,128.97223,3.5375512,0.00071611017,,,,,,,,,,,,,,,,,,,,128.97223,3.5375512,0.0037910235,128.97223,3.5375512,27.51668,128.97223,3.5375512,0.00012636745,128.97223,3.5375512,1.0000001e-07,128.97223,3.5375512,7.0,,,,,,,
128.97223,3.4775925,0.073672466,128.97223,3.4775925,0.06281422,,,,,,,,,,,,,,,,,,,,,,,,,,,,,,,,,,,,,,,,,,,,,,,,,,,,,,,,,,,,,128.97223,3.4775925,3.1332788,128.97223,3.4775925,0.5644266,,,,,,,,,,,,,,,,,128.97223,3.5675304,0.028193567,128.97223,3.5675304,0.0077068284,,,,,,,,,,,,,,,,,,,,128.97223,3.5675304,0.009696048,128.97223,3.5675304,27.542662,128.97223,3.5675304,0.00032320165,128.97223,3.5675304,1.0000001e-07,128.97223,3.5675304,7.0,,,,,,,
128.97223,3.5075717,0.074103825,128.97223,3.5075717,0.06091031,,,,,,,,,,,,,,,,,,,,,,,,,,,,,,,,,,,,,,,,,,,,,,,,,,,,,,,,,,,,,128.97223,3.5075717,3.291219,128.97223,3.5075717,-0.08646511,,,,,,,,,,,,,,,,,128.97223,3.5975096,0.029885229,128.97223,3.5975096,-0.0018430973,,,,,,,,,,,,,,,,,,,,128.97223,3.5975096,0.015605584,128.97223,3.5975096,27.568665,128.97223,3.5975096,0.00052018615,128.97223,3.5975096,1.0000001e-07,128.97223,3.5975096,7.0,,,,,,,
128.97223,3.537551,0.07328573,128.97223,3.537551,0.062204376,,,,,,,,,,,,,,,,,,,,,,,,,,,,,,,,,,,,,,,,,,,,,,,,,,,,,,,,,,,,,128.97223,3.537551,3.0086536,128.97223,3.537551,0.36732844,,,,,,,,,,,,,,,,,128.97223,3.6274889,0.028275145,128.97223,3.6274889,0.0022089637,,,,,,,,,,,,,,,,,,,,128.97223,3.6274889,0.011538688,128.97223,3.6274889,27.550772,128.97223,3.6274889,0.00038462295,128.97223,3.6274889,1.0000001e-07,128.97223,3.6274889,7.0,,,,,,,
128.97223,3.5675302,0.07472854,128.97223,3.5675302,0.06443553,,,,,,,,,,,,,,,,,,,,,,,,,,,,,,,,,,,,,,,,,,,,,,,,,,,,,,,,,,,,,128.97223,3.5675302,3.4999835,128.97223,3.5675302,1.1738523,,,,,,,,,,,,,,,,,128.97223,3.657468,0.027701387,128.97223,3.657468,-0.0042822016,,,,,,,,,,,,,,,,,,,,128.97223,3.657468,0.011604329,128.97223,3.657468,27.55106,128.97223,3.657468,0.00038681098,128.97223,3.657468,1.0000001e-07,128.97223,3.657468,7.0,,,,,,,
128.97223,3.5975094,0.0751004,128.97223,3.5975094,0.061326787,,,,,,,,,,,,,,,,,,,,,,,,,,,,,,,,,,,,,,,,,,,,,,,,,,,,,,,,,,,,,128.97223,3.5975094,3.657141,128.97223,3.5975094,0.052771766,,,,,,,,,,,,,,,,,128.97223,3.6874473,0.033736248,128.97223,3.6874473,-0.0076014977,,,,,,,,,,,,,,,,,,,,128.97223,3.6874473,0.019626895,128.97223,3.6874473,27.586359,128.97223,3.6874473,0.0006542299,128.97223,3.6874473,1.0000001e-07,128.97223,3.6874473,7.0,,,,,,,
128.97223,3.6274889,0.074490555,128.97223,3.6274889,0.0626506,,,,,,,,,,,,,,,,,,,,,,,,,,,,,,,,,,,,,,,,,,,,,,,,,,,,,,,,,,,,,128.97223,3.6274889,3.4159696,128.97223,3.6274889,0.49703586,,,,,,,,,,,,,,,,,128.97223,3.7174265,0.024543522,128.97223,3.7174265,-0.00546329,,,,,,,,,,,,,,,,,,,,128.97223,3.7174265,0.004454487,128.97223,3.7174265,27.5196,128.97223,3.7174265,0.00014848291,128.97223,3.7174265,1.0000001e-07,128.97223,3.7174265,7.0,,,,,,,
128.97223,3.657468,0.073672466,128.97223,3.657468,0.060731813,,,,,,,,,,,,,,,,,,,,,,,,,,,,,,,,,,,,,,,,,,,,,,,,,,,,,,,,,,,,,128.97223,3.657468,3.154997,128.97223,3.657468,-0.16120522,,,,,,,,,,,,,,,,,128.97223,3.7474058,0.02305377,128.97223,3.7474058,-0.0068324897,,,,,,,,,,,,,,,,,,,,128.97223,3.7474058,0.0018089704,128.97223,3.7474058,27.507957,128.97223,3.7474058,6.0299037e-05,128.97223,3.7474058,1.0000001e-07,128.97223,3.7474058,7.0,,,,,,,
128.97223,3.6874473,0.075442515,128.97223,3.6874473,0.05973524,,,,,,,,,,,,,,,,,,,,,,,,,,,,,,,,,,,,,,,,,,,,,,,,,,,,,,,,,,,,,128.97223,3.6874473,3.7519617,128.97223,3.6874473,-0.5404717,,,,,,,,,,,,,,,,,128.97223,3.777385,0.030068662,128.97223,3.777385,-0.006920144,,,,,,,,,,,,,,,,,,,,128.97223,3.777385,0.014667388,128.97223,3.777385,27.564535,128.97223,3.777385,0.000488913,128.97223,3.777385,1.0000001e-07,128.97223,3.777385,7.0,,,,,,,
128.97223,3.7174265,0.07304775,128.97223,3.7174265,0.06027071,,,,,,,,,,,,,,,,,,,,,,,,,,,,,,,,,,,,,,,,,,,,,,,,,,,,,,,,,,,,,128.97223,3.7174265,2.9219599,128.97223,3.7174265,-0.36437878,,,,,,,,,,,,,,,,,128.97223,3.8073642,0.028813371,128.97223,3.8073642,-0.00012129535,,,,,,,,,,,,,,,,,,,,128.97223,3.8073642,0.010342855,128.97223,3.8073642,27.54551,128.97223,3.8073642,0.00034476185,128.97223,3.8073642,1.0000001e-07,128.97223,3.8073642,7.0,,,,,,,
128.97223,3.7474058,0.072437905,128.97223,3.7474058,0.05988398,,,,,,,,,,,,,,,,,,,,,,,,,,,,,,,,,,,,,,,,,,,,,,,,,,,,,,,,,,,,,128.97223,3.7474058,2.7055943,128.97223,3.7474058,-0.47144932,,,,,,,,,,,,,,,,,128.97223,3.8373435,0.03437434,128.97223,3.8373435,-0.0018463954,,,,,,,,,,,,,,,,,,,,128.97223,3.8373435,0.022715287,128.97223,3.8373435,27.599949,128.97223,3.8373435,0.0007571762,128.97223,3.8373435,1.0000001e-07,128.97223,3.8373435,7.0,,,,,,,
128.97223,3.777385,0.07413356,128.97223,3.777385,0.05988398,,,,,,,,,,,,,,,,,,,,,,,,,,,,,,,,,,,,,,,,,,,,,,,,,,,,,,,,,,,,,128.97223,3.777385,3.2830904,128.97223,3.777385,-0.4916219,,,,,,,,,,,,,,,,,128.97223,3.8673227,0.0381403,128.97223,3.8673227,-0.0035038383,,,,,,,,,,,,,,,,,,,,128.97223,3.8673227,0.027243737,128.97223,3.8673227,27.619875,128.97223,3.8673227,0.00090812455,128.97223,3.8673227,1.0000001e-07,128.97223,3.8673227,7.0,,,,,,,
128.97223,3.8073642,0.07389559,128.97223,3.8073642,0.061832514,,,,,,,,,,,,,,,,,,,,,,,,,,,,,,,,,,,,,,,,,,,,,,,,,,,,,,,,,,,,,128.97223,3.8073642,3.1950448,128.97223,3.8073642,0.22423466,,,,,,,,,,,,,,,,,128.97223,3.897302,0.028782176,128.97223,3.897302,0.004106995,,,,,,,,,,,,,,,,,,,,128.97223,3.897302,0.013474857,128.97223,3.897302,27.559288,128.97223,3.897302,0.00044916203,128.97223,3.897302,1.0000001e-07,128.97223,3.897302,7.0,,,,,,,
128.97223,3.8373435,0.07492191,128.97223,3.8373435,0.061371412,,,,,,,,,,,,,,,,,,,,,,,,,,,,,,,,,,,,,,,,,,,,,,,,,,,,,,,,,,,,,128.97223,3.8373435,3.548167,128.97223,3.8373435,0.06875606,,,,,,,,,,,,,,,,,128.97223,3.9272811,0.025582246,128.97223,3.9272811,0.0058020013,,,,,,,,,,,,,,,,,,,,128.97223,3.9272811,0.004353154,128.97223,3.9272811,27.519156,128.97223,3.9272811,0.00014510512,128.97223,3.9272811,1.0000001e-07,128.97223,3.9272811,7.0,,,,,,,
128.97223,3.8673227,0.07599287,128.97223,3.8673227,0.060969803,,,,,,,,,,,,,,,,,,,,,,,,,,,,,,,,,,,,,,,,,,,,,,,,,,,,,,,,,,,,,128.97223,3.8673227,3.954442,128.97223,3.8673227,-0.111618005,,,,,,,,,,,,,,,,,128.97223,3.9572606,0.032052472,128.97223,3.9572606,0.00089013804,,,,,,,,,,,,,,,,,,,,128.97223,3.9572606,0.01648264,128.97223,3.9572606,27.572523,128.97223,3.9572606,0.00054942135,128.97223,3.9572606,1.0000001e-07,128.97223,3.9572606,7.0,,,,,,,
128.97223,3.897302,0.07298824,128.97223,3.897302,0.062918335,,,,,,,,,,,,,,,,,,,,,,,,,,,,,,,,,,,,,,,,,,,,,,,,,,,,,,,,,,,,,128.97223,3.897302,2.8882933,128.97223,3.897302,0.6012731,,,,,,,,,,,,,,,,,128.97223,3.9872398,0.036116615,128.97223,3.9872398,0.0010287068,,,,,,,,,,,,,,,,,,,,128.97223,3.9872398,0.030332685,128.97223,3.9872398,27.633465,128.97223,3.9872398,0.0010110895,128.97223,3.9872398,1.0000001e-07,128.97223,3.9872398,7.0,,,,,,,
128.97223,3.9272811,0.07217017,128.97223,3.9272811,0.06339432,,,,,,,,,,,,,,,,,,,,,,,,,,,,,,,,,,,,,,,,,,,,,,,,,,,,,,,,,,,,,128.97223,3.9272811,2.6033423,128.97223,3.9272811,0.7896626,,,,,,,,,,,,,,,,,128.97223,4.017219,0.027874192,128.97223,4.017219,-0.0026838533,,,,,,,,,,,,,,,,,,,,128.97223,4.017219,0.011430585,128.97223,4.017219,27.550295,128.97223,4.017219,0.0003810195,128.97223,4.017219,1.0000001e-07,128.97223,4.017219,7.0,,,,,,,
128.97223,3.9572604,0.07382121,128.97223,3.9572604,0.062115125,,,,,,,,,,,,,,,,,,,,,,,,,,,,,,,,,,,,,,,,,,,,,,,,,,,,,,,,,,,,,128.97223,3.9572604,3.1836467,128.97223,3.9572604,0.34305677,,,,,,,,,,,,,,,,,128.97223,4.0471983,0.034874108,128.97223,4.0471983,-0.005261555,,,,,,,,,,,,,,,,,,,,128.97223,4.0471983,0.024824452,128.97223,4.0471983,27.609226,128.97223,4.0471983,0.00082748174,128.97223,4.0471983,1.0000001e-07,128.97223,4.0471983,7.0,,,,,,,
128.97223,3.9872396,0.074609555,128.97223,3.9872396,0.062085375,,,,,,,,,,,,,,,,,,,,,,,,,,,,,,,,,,,,,,,,,,,,,,,,,,,,,,,,,,,,,128.97223,3.9872396,3.4858391,128.97223,3.9872396,0.32081383,,,,,,,,,,,,,,,,,128.97223,4.0771775,0.032584086,128.97223,4.0771775,-0.0029764802,,,,,,,,,,,,,,,,,,,,128.97223,4.0771775,0.024116682,128.97223,4.0771775,27.606113,128.97223,4.0771775,0.0008038895,128.97223,4.0771775,1.0000001e-07,128.97223,4.0771775,7.0,,,,,,,
128.97223,4.017219,0.072824635,128.97223,4.017219,0.061178043,,,,,,,,,,,,,,,,,,,,,,,,,,,,,,,,,,,,,,,,,,,,,,,,,,,,,,,,,,,,,128.97223,4.017219,2.8315046,128.97223,4.017219,-0.0076896814,,,,,,,,,,,,,,,,,128.97223,4.1071568,0.018623773,128.97223,4.1071568,-0.0057787523,,,,,,,,,,,,,,,,,,,,128.97223,4.1071568,0.0019966231,128.97223,4.1071568,27.508783,128.97223,4.1071568,6.6554116e-05,128.97223,4.1071568,1.0000001e-07,128.97223,4.1071568,7.0,,,,,,,
128.97223,4.0471983,0.07402945,128.97223,4.0471983,0.06050871,,,,,,,,,,,,,,,,,,,,,,,,,,,,,,,,,,,,,,,,,,,,,,,,,,,,,,,,,,,,,128.97223,4.0471983,3.2731829,128.97223,4.0471983,-0.24822743,,,,,,,,,,,,,,,,,128.97223,4.137136,0.019905584,128.97223,4.137136,-0.0004702821,,,,,,,,,,,,,,,,,,,,128.97223,4.137136,0.0025450797,128.97223,4.137136,27.5112,128.97223,4.137136,8.483599e-05,128.97223,4.137136,1.0000001e-07,128.97223,4.137136,7.0,,,,,,,
128.97223,4.0771775,0.073330365,128.97223,4.0771775,0.0611483,,,,,,,,,,,,,,,,,,,,,,,,,,,,,,,,,,,,,,,,,,,,,,,,,,,,,,,,,,,,,128.97223,4.0771775,3.0240016,128.97223,4.0771775,-0.0030351612,,,,,,,,,,,,,,,,,128.97223,4.167115,0.016739978,128.97223,4.167115,0.00051819417,,,,,,,,,,,,,,,,,,,,128.97223,4.167115,-0.0017731562,128.97223,4.167115,27.492197,128.97223,4.167115,-5.9105198e-05,128.97223,4.167115,1.0000001e-07,128.97223,4.167115,7.0,,,,,,,
128.97223,4.1071568,0.069924146,128.97223,4.1071568,0.0604492,,,,,,,,,,,,,,,,,,,,,,,,,,,,,,,,,,,,,,,,,,,,,,,,,,,,,,,,,,,,,128.97223,4.1071568,1.8340704,128.97223,4.1071568,-0.31309736,,,,,,,,,,,,,,,,,128.97223,4.1970944,0.02803149,128.97223,4.1970944,-0.004468272,,,,,,,,,,,,,,,,,,,,128.97223,4.1970944,0.011073895,128.97223,4.1970944,27.548727,128.97223,4.1970944,0.00036912982,128.97223,4.1970944,1.0000001e-07,128.97223,4.1970944,7.0,,,,,,,
128.97223,4.137136,0.07010264,128.97223,4.137136,0.06162427,,,,,,,,,,,,,,,,,,,,,,,,,,,,,,,,,,,,,,,,,,,,,,,,,,,,,,,,,,,,,128.97223,4.137136,1.8972833,128.97223,4.137136,0.09800688,,,,,,,,,,,,,,,,,128.97223,4.2270737,0.016031435,128.97223,4.2270737,0.0060072932,,,,,,,,,,,,,,,,,,,,128.97223,4.2270737,-0.003310032,128.97223,4.2270737,27.485435,128.97223,4.2270737,-0.00011033437,128.97223,4.2270737,1.0000001e-07,128.97223,4.2270737,7.0,,,,,,,
128.97223,4.167115,0.06926968,128.97223,4.167115,0.061892014,,,,,,,,,,,,,,,,,,,,,,,,,,,,,,,,,,,,,,,,,,,,,,,,,,,,,,,,,,,,,128.97223,4.167115,1.5893345,128.97223,4.167115,0.24002467,,,,,,,,,,,,,,,,,128.97223,4.257053,0.025184423,128.97223,4.257053,0.0021414955,,,,,,,,,,,,,,,,,,,,128.97223,4.257053,0.011711954,128.97223,4.257053,27.551535,128.97223,4.257053,0.0003903985,128.97223,4.257053,1.0000001e-07,128.97223,4.257053,7.0,,,,,,,
128.97223,4.1970944,0.07181318,128.97223,4.1970944,0.06077644,,,,,,,,,,,,,,,,,,,,,,,,,,,,,,,,,,,,,,,,,,,,,,,,,,,,,,,,,,,,,128.97223,4.1970944,2.4717882,128.97223,4.1970944,-0.17694429,,,,,,,,,,,,,,,,,128.97223,4.287032,0.023229478,128.97223,4.287032,0.00019857215,,,,,,,,,,,,,,,,,,,,128.97223,4.287032,0.0074011553,128.97223,4.287032,27.532564,128.97223,4.287032,0.00024670517,128.97223,4.287032,1.0000001e-07,128.97223,4.287032,7.0,,,,,,,
128.97223,4.2270737,0.06910606,128.97223,4.2270737,0.063096836,,,,,,,,,,,,,,,,,,,,,,,,,,,,,,,,,,,,,,,,,,,,,,,,,,,,,,,,,,,,,128.97223,4.2270737,1.5401077,128.97223,4.2270737,0.68137234,,,,,,,,,,,,,,,,,128.97223,4.3170114,0.029545238,128.97223,4.3170114,-0.0036751693,,,,,,,,,,,,,,,,,,,,128.97223,4.3170114,0.023083255,128.97223,4.3170114,27.601566,128.97223,4.3170114,0.0007694418,128.97223,4.3170114,1.0000001e-07,128.97223,4.3170114,7.0,,,,,,,
128.97223,4.257053,0.071128964,128.97223,4.257053,0.06215975,,,,,,,,,,,,,,,,,,,,,,,,,,,,,,,,,,,,,,,,,,,,,,,,,,,,,,,,,,,,,128.97223,4.257053,2.2530487,128.97223,4.257053,0.29600716,,,,,,,,,,,,,,,,,128.97223,4.3469906,0.025212271,128.97223,4.3469906,0.00010203879,,,,,,,,,,,,,,,,,,,,128.97223,4.3469906,0.007286059,128.97223,4.3469906,27.532059,128.97223,4.3469906,0.00024286861,128.97223,4.3469906,1.0000001e-07,128.97223,4.3469906,7.0,,,,,,,
128.97223,4.287032,0.07056374,128.97223,4.287032,0.061892007,,,,,,,,,,,,,,,,,,,,,,,,,,,,,,,,,,,,,,,,,,,,,,,,,,,,,,,,,,,,,128.97223,4.287032,2.065771,128.97223,4.287032,0.22986396,,,,,,,,,,,,,,,,,128.97223,4.37697,0.028478332,128.97223,4.37697,0.00186957,,,,,,,,,,,,,,,,,,,,128.97223,4.37697,0.017878322,128.97223,4.37697,27.578665,128.97223,4.37697,0.0005959441,128.97223,4.37697,1.0000001e-07,128.97223,4.37697,7.0,,,,,,,
128.97223,4.3170114,0.07178343,128.97223,4.3170114,0.060895428,,,,,,,,,,,,,,,,,,,,,,,,,,,,,,,,,,,,,,,,,,,,,,,,,,,,,,,,,,,,,128.97223,4.3170114,2.4983954,128.97223,4.3170114,-0.10385071,,,,,,,,,,,,,,,,,128.97223,4.406949,0.029258728,128.97223,4.406949,0.0007765639,,,,,,,,,,,,,,,,,,,,128.97223,4.406949,0.013389801,128.97223,4.406949,27.558914,128.97223,4.406949,0.00044632668,128.97223,4.406949,1.0000001e-07,128.97223,4.406949,7.0,,,,,,,
128.97223,4.3469906,0.07083147,128.97223,4.3469906,0.06181764,,,,,,,,,,,,,,,,,,,,,,,,,,,,,,,,,,,,,,,,,,,,,,,,,,,,,,,,,,,,,128.97223,4.3469906,2.1478827,128.97223,4.3469906,0.21198788,,,,,,,,,,,,,,,,,128.97223,4.4369283,0.01663201,128.97223,4.4369283,-0.0023567053,,,,,,,,,,,,,,,,,,,,128.97223,4.4369283,-0.006589478,128.97223,4.4369283,27.471008,128.97223,4.4369283,-0.00021964927,128.97223,4.4369283,1.0000001e-07,128.97223,4.4369283,7.0,,,,,,,
128.97223,4.37697,0.07135208,128.97223,4.37697,0.062115125,,,,,,,,,,,,,,,,,,,,,,,,,,,,,,,,,,,,,,,,,,,,,,,,,,,,,,,,,,,,,128.97223,4.37697,2.3302846,128.97223,4.37697,0.32450262,,,,,,,,,,,,,,,,,128.97223,4.4669075,0.026981318,128.97223,4.4669075,-0.004075174,,,,,,,,,,,,,,,,,,,,128.97223,4.4669075,0.016858116,128.97223,4.4669075,27.574175,128.97223,4.4669075,0.0005619372,128.97223,4.4669075,1.0000001e-07,128.97223,4.4669075,7.0,,,,,,,
128.97223,4.406949,0.07142645,128.97223,4.406949,0.06187714,,,,,,,,,,,,,,,,,,,,,,,,,,,,,,,,,,,,,,,,,,,,,,,,,,,,,,,,,,,,,128.97223,4.406949,2.3579443,128.97223,4.406949,0.28851497,,,,,,,,,,,,,,,,,128.97223,4.4968867,0.020239329,128.97223,4.4968867,0.0015367777,,,,,,,,,,,,,,,,,,,,128.97223,4.4968867,0.0078811105,128.97223,4.4968867,27.534676,128.97223,4.4968867,0.00026270372,128.97223,4.4968867,1.0000001e-07,128.97223,4.4968867,7.0,,,,,,,
128.97223,4.4369283,0.06880857,128.97223,4.4369283,0.061252423,,,,,,,,,,,,,,,,,,,,,,,,,,,,,,,,,,,,,,,,,,,,,,,,,,,,,,,,,,,,,128.97223,4.4369283,1.439063,128.97223,4.4369283,-0.011011428,,,,,,,,,,,,,,,,,128.97223,4.526866,0.022485802,128.97223,4.526866,0.005958276,,,,,,,,,,,,,,,,,,,,128.97223,4.526866,0.005167118,128.97223,4.526866,27.522734,128.97223,4.526866,0.00017223727,128.97223,4.526866,1.0000001e-07,128.97223,4.526866,7.0,,,,,,,
128.97223,4.4669075,0.07080172,128.97223,4.4669075,0.06088056,,,,,,,,,,,,,,,,,,,,,,,,,,,,,,,,,,,,,,,,,,,,,,,,,,,,,,,,,,,,,128.97223,4.4669075,2.1350439,128.97223,4.4669075,-0.09710192,,,,,,,,,,,,,,,,,128.97223,4.556845,0.018818455,128.97223,4.556845,0.0059304466,,,,,,,,,,,,,,,,,,,,128.97223,4.556845,0.009850297,128.97223,4.556845,27.543343,128.97223,4.556845,0.00032834327,128.97223,4.556845,1.0000001e-07,128.97223,4.556845,7.0,,,,,,,
128.97223,4.4968867,0.069373794,128.97223,4.4968867,0.06202588,,,,,,,,,,,,,,,,,,,,,,,,,,,,,,,,,,,,,,,,,,,,,,,,,,,,,,,,,,,,,128.97223,4.4968867,1.639006,128.97223,4.4968867,0.30453596,,,,,,,,,,,,,,,,,128.97223,4.586825,0.025619036,128.97223,4.586825,-0.0007600972,,,,,,,,,,,,,,,,,,,,128.97223,4.586825,0.022091595,128.97223,4.586825,27.597206,128.97223,4.586825,0.0007363865,128.97223,4.586825,1.0000001e-07,128.97223,4.586825,7.0,,,,,,,
128.97223,4.526866,0.069760524,128.97223,4.526866,0.062918335,,,,,,,,,,,,,,,,,,,,,,,,,,,,,,,,,,,,,,,,,,,,,,,,,,,,,,,,,,,,,128.97223,4.526866,1.7678256,128.97223,4.526866,0.5821126,,,,,,,,,,,,,,,,,128.97223,4.616804,0.024897125,128.97223,4.616804,0.0035245335,,,,,,,,,,,,,,,,,,,,128.97223,4.616804,0.011082106,128.97223,4.616804,27.548761,128.97223,4.616804,0.00036940348,128.97223,4.616804,1.0000001e-07,128.97223,4.616804,7.0,,,,,,,
128.97223,4.556845,0.06901681,128.97223,4.556845,0.06279935,,,,,,,,,,,,,,,,,,,,,,,,,,,,,,,,,,,,,,,,,,,,,,,,,,,,,,,,,,,,,128.97223,4.556845,1.5172524,128.97223,4.556845,0.5715616,,,,,,,,,,,,,,,,,128.97223,4.6467834,0.016662998,128.97223,4.6467834,0.002402459,,,,,,,,,,,,,,,,,,,,128.97223,4.6467834,-0.00013031407,128.97223,4.6467834,27.499428,128.97223,4.6467834,-4.343805e-06,128.97223,4.6467834,1.0000001e-07,128.97223,4.6467834,7.0,,,,,,,
128.97223,4.5868244,0.07028112,128.97223,4.5868244,0.061654024,,,,,,,,,,,,,,,,,,,,,,,,,,,,,,,,,,,,,,,,,,,,,,,,,,,,,,,,,,,,,128.97223,4.5868244,1.9781492,128.97223,4.5868244,0.15449487,,,,,,,,,,,,,,,,,128.97223,4.6767626,0.022334265,128.97223,4.6767626,-0.0068408987,,,,,,,,,,,,,,,,,,,,128.97223,4.6767626,0.005856436,128.97223,4.6767626,27.52577,128.97223,4.6767626,0.00019521451,128.97223,4.6767626,1.0000001e-07,128.97223,4.6767626,7.0,,,,,,,
128.97223,4.6168036,0.06998363,128.97223,4.6168036,0.06242748,,,,,,,,,,,,,,,,,,,,,,,,,,,,,,,,,,,,,,,,,,,,,,,,,,,,,,,,,,,,,128.97223,4.6168036,1.8610878,128.97223,4.6168036,0.44596496,,,,,,,,,,,,,,,,,128.97223,4.706742,0.015461813,128.97223,4.706742,-0.0045663235,,,,,,,,,,,,,,,,,,,,128.97223,4.706742,-0.0054637976,128.97223,4.706742,27.47596,128.97223,4.706742,-0.00018212658,128.97223,4.706742,1.0000001e-07,128.97223,4.706742,7.0,,,,,,,
128.97223,4.646783,0.06834747,128.97223,4.646783,0.06215975,,,,,,,,,,,,,,,,,,,,,,,,,,,,,,,,,,,,,,,,,,,,,,,,,,,,,,,,,,,,,128.97223,4.646783,1.2598757,128.97223,4.646783,0.33203763,,,,,,,,,,,,,,,,,128.97223,4.736721,0.012444929,128.97223,4.736721,-0.0027258242,,,,,,,,,,,,,,,,,,,,128.97223,4.736721,-0.00035659637,128.97223,4.736721,27.498432,128.97223,4.736721,-1.1886574e-05,128.97223,4.736721,1.0000001e-07,128.97223,4.736721,7.0,,,,,,,
128.97223,4.676762,0.06934405,128.97223,4.676762,0.060508702,,,,,,,,,,,,,,,,,,,,,,,,,,,,,,,,,,,,,,,,,,,,,,,,,,,,,,,,,,,,,128.97223,4.676762,1.6102004,128.97223,4.676762,-0.29068506,,,,,,,,,,,,,,,,,128.97223,4.7667003,0.018405147,128.97223,4.7667003,0.004794327,,,,,,,,,,,,,,,,,,,,128.97223,4.7667003,-0.004074432,128.97223,4.7667003,27.482073,128.97223,4.7667003,-0.0001358144,128.97223,4.7667003,1.0000001e-07,128.97223,4.7667003,7.0,,,,,,,
128.97223,4.706742,0.06818385,128.97223,4.706742,0.06083593,,,,,,,,,,,,,,,,,,,,,,,,,,,,,,,,,,,,,,,,,,,,,,,,,,,,,,,,,,,,,128.97223,4.706742,1.2149962,128.97223,4.706742,-0.12011513,,,,,,,,,,,,,,,,,128.97223,4.7966795,0.014981184,128.97223,4.7966795,-0.006836961,,,,,,,,,,,,,,,,,,,,128.97223,4.7966795,-0.009511215,128.97223,4.7966795,27.458153,128.97223,4.7966795,-0.00031704048,128.97223,4.7966795,1.0000001e-07,128.97223,4.7966795,7.0,,,,,,,
128.97223,4.736721,0.06755913,128.97223,4.736721,0.06123754,,,,,,,,,,,,,,,,,,,,,,,,,,,,,,,,,,,,,,,,,,,,,,,,,,,,,,,,,,,,,128.97223,4.736721,1.0150337,128.97223,4.736721,-0.023725536,,,,,,,,,,,,,,,,,128.97223,4.8266587,0.022637496,128.97223,4.8266587,0.0032505067,,,,,,,,,,,,,,,,,,,,128.97223,4.8266587,-0.0010966328,128.97223,4.8266587,27.495174,128.97223,4.8266587,-3.6554426e-05,128.97223,4.8266587,1.0000001e-07,128.97223,4.8266587,7.0,,,,,,,
128.97223,4.7667003,0.06865982,128.97223,4.7667003,0.06254648,,,,,,,,,,,,,,,,,,,,,,,,,,,,,,,,,,,,,,,,,,,,,,,,,,,,,,,,,,,,,128.97223,4.7667003,1.3963798,128.97223,4.7667003,0.4202096,,,,,,,,,,,,,,,,,128.97223,4.856638,0.021229394,128.97223,4.856638,-0.009625922,,,,,,,,,,,,,,,,,,,,128.97223,4.856638,0.0073452913,128.97223,4.856638,27.532318,128.97223,4.856638,0.00024484302,128.97223,4.856638,1.0000001e-07,128.97223,4.856638,7.0,,,,,,,
128.97223,4.7966795,0.06790123,128.97223,4.7966795,0.060523577,,,,,,,,,,,,,,,,,,,,,,,,,,,,,,,,,,,,,,,,,,,,,,,,,,,,,,,,,,,,,128.97223,4.7966795,1.1102825,128.97223,4.7966795,-0.248296,,,,,,,,,,,,,,,,,128.97223,4.886617,0.012502648,128.97223,4.886617,0.004218228,,,,,,,,,,,,,,,,,,,,128.97223,4.886617,-0.015265039,128.97223,4.886617,27.432833,128.97223,4.886617,-0.0005088347,128.97223,4.886617,1.0000001e-07,128.97223,4.886617,7.0,,,,,,,
128.97223,4.8266587,0.0691953,128.97223,4.8266587,0.062278748,,,,,,,,,,,,,,,,,,,,,,,,,,,,,,,,,,,,,,,,,,,,,,,,,,,,,,,,,,,,,128.97223,4.8266587,1.5589378,128.97223,4.8266587,0.3632521,,,,,,,,,,,,,,,,,128.97223,4.9165964,0.018129708,128.97223,4.9165964,-0.003552159,,,,,,,,,,,,,,,,,,,,128.97223,4.9165964,0.0008079615,128.97223,4.9165964,27.503553,128.97223,4.9165964,2.6932052e-05,128.97223,4.9165964,1.0000001e-07,128.97223,4.9165964,7.0,,,,,,,
128.97223,4.856638,0.068957314,128.97223,4.856638,0.060032725,,,,,,,,,,,,,,,,,,,,,,,,,,,,,,,,,,,,,,,,,,,,,,,,,,,,,,,,,,,,,128.97223,4.856638,1.5138748,128.97223,4.856638,-0.4228995,,,,,,,,,,,,,,,,,128.97223,4.9465756,0.01811425,128.97223,4.9465756,0.010388148,,,,,,,,,,,,,,,,,,,,128.97223,4.9465756,0.00071066665,128.97223,4.9465756,27.503124,128.97223,4.9465756,2.3688875e-05,128.97223,4.9465756,1.0000001e-07,128.97223,4.9465756,7.0,,,,,,,
128.97223,4.886617,0.067395516,128.97223,4.886617,0.062323365,,,,,,,,,,,,,,,,,,,,,,,,,,,,,,,,,,,,,,,,,,,,,,,,,,,,,,,,,,,,,128.97223,4.886617,0.93444145,128.97223,4.886617,0.42331192,,,,,,,,,,,,,,,,,128.97223,4.976555,0.012437192,128.97223,4.976555,0.012628686,,,,,,,,,,,,,,,,,,,,128.97223,4.976555,-0.0075531155,128.97223,4.976555,27.466764,128.97223,4.976555,-0.00025177054,128.97223,4.976555,1.0000001e-07,128.97223,4.976555,7.0,,,,,,,
128.97223,4.9165964,0.06821359,128.97223,4.9165964,0.06105905,,,,,,,,,,,,,,,,,,,,,,,,,,,,,,,,,,,,,,,,,,,,,,,,,,,,,,,,,,,,,128.97223,4.9165964,1.2432325,128.97223,4.9165964,-0.051724054,,,,,,,,,,,,,,,,,128.97223,5.006534,0.017684149,128.97223,5.006534,0.0023663507,,,,,,,,,,,,,,,,,,,,128.97223,5.006534,0.003976363,128.97223,5.006534,27.517498,128.97223,5.006534,0.00013254544,128.97223,5.006534,1.0000001e-07,128.97223,5.006534,7.0,,,,,,,
128.97223,4.9465756,0.0682136,128.97223,4.9465756,0.063438945,,,,,,,,,,,,,,,,,,,,,,,,,,,,,,,,,,,,,,,,,,,,,,,,,,,,,,,,,,,,,128.97223,4.9465756,1.2324203,128.97223,4.9465756,0.81245875,,,,,,,,,,,,,,,,,128.97223,5.0365133,0.025224576,128.97223,5.0365133,-0.0061192275,,,,,,,,,,,,,,,,,,,,128.97223,5.0365133,0.015524447,128.97223,5.0365133,27.568308,128.97223,5.0365133,0.00051748153,128.97223,5.0365133,1.0000001e-07,128.97223,5.0365133,7.0,,,,,,,
128.97223,4.976555,0.06732113,128.97223,4.976555,0.063736424,,,,,,,,,,,,,,,,,,,,,,,,,,,,,,,,,,,,,,,,,,,,,,,,,,,,,,,,,,,,,128.97223,4.976555,0.94507,128.97223,4.976555,0.91375184,,,,,,,,,,,,,,,,,128.97223,5.0664926,0.020736514,128.97223,5.0664926,-0.0010608179,,,,,,,,,,,,,,,,,,,,128.97223,5.0664926,0.0069292504,128.97223,5.0664926,27.530485,128.97223,5.0664926,0.00023097501,128.97223,5.0664926,1.0000001e-07,128.97223,5.0664926,7.0,,,,,,,
128.97223,5.006534,0.06810948,128.97223,5.006534,0.062070504,,,,,,,,,,,,,,,,,,,,,,,,,,,,,,,,,,,,,,,,,,,,,,,,,,,,,,,,,,,,,128.97223,5.006534,1.211359,128.97223,5.006534,0.3444835,,,,,,,,,,,,,,,,,128.97223,5.096472,0.01942254,128.97223,5.096472,-0.015634723,,,,,,,,,,,,,,,,,,,,128.97223,5.096472,-0.0011986279,128.97223,5.096472,27.494726,128.97223,5.096472,-3.995426e-05,128.97223,5.096472,1.0000001e-07,128.97223,5.096472,7.0,,,,,,,
128.97223,5.0365133,0.06921018,128.97223,5.0365133,0.060716942,,,,,,,,,,,,,,,,,,,,,,,,,,,,,,,,,,,,,,,,,,,,,,,,,,,,,,,,,,,,,128.97223,5.0365133,1.5904441,128.97223,5.0365133,-0.17623156,,,,,,,,,,,,,,,,,128.97223,5.126451,0.014268999,128.97223,5.126451,-0.004017107,,,,,,,,,,,,,,,,,,,,128.97223,5.126451,-0.0054579326,128.97223,5.126451,27.475983,128.97223,5.126451,-0.00018193111,128.97223,5.126451,1.0000001e-07,128.97223,5.126451,7.0,,,,,,,
128.97223,5.0664926,0.06851108,128.97223,5.0664926,0.06149041,,,,,,,,,,,,,,,,,,,,,,,,,,,,,,,,,,,,,,,,,,,,,,,,,,,,,,,,,,,,,128.97223,5.0664926,1.3446357,128.97223,5.0664926,0.10088996,,,,,,,,,,,,,,,,,128.97223,5.1564302,0.023454636,128.97223,5.1564302,0.0033456853,,,,,,,,,,,,,,,,,,,,128.97223,5.1564302,-0.00045463722,128.97223,5.1564302,27.498,128.97223,5.1564302,-1.5154643e-05,128.97223,5.1564302,1.0000001e-07,128.97223,5.1564302,7.0,,,,,,,
128.97223,5.096472,0.068198726,128.97223,5.096472,0.05922951,,,,,,,,,,,,,,,,,,,,,,,,,,,,,,,,,,,,,,,,,,,,,,,,,,,,,,,,,,,,,128.97223,5.096472,1.2113619,128.97223,5.096472,-0.6970946,,,,,,,,,,,,,,,,,128.97223,5.1864095,-0.0010746069,128.97223,5.1864095,-0.0029070803,,,,,,,,,,,,,,,,,,,,128.97223,5.1864095,-0.036858633,128.97223,5.1864095,27.337822,128.97223,5.1864095,-0.0012286211,128.97223,5.1864095,1.0000001e-07,128.97223,5.1864095,7.0,,,,,,,
128.97223,5.126451,0.06741038,128.97223,5.126451,0.061044175,,,,,,,,,,,,,,,,,,,,,,,,,,,,,,,,,,,,,,,,,,,,,,,,,,,,,,,,,,,,,128.97223,5.126451,0.95814925,128.97223,5.126451,-0.04790938,,,,,,,,,,,,,,,,,128.97223,5.2163887,0.013619494,128.97223,5.2163887,-0.0008006699,,,,,,,,,,,,,,,,,,,,128.97223,5.2163887,-0.008732578,128.97223,5.2163887,27.461578,128.97223,5.2163887,-0.00029108595,128.97223,5.2163887,1.0000001e-07,128.97223,5.2163887,7.0,,,,,,,
128.97223,5.1564302,0.06883832,128.97223,5.1564302,0.062144883,,,,,,,,,,,,,,,,,,,,,,,,,,,,,,,,,,,,,,,,,,,,,,,,,,,,,,,,,,,,,128.97223,5.1564302,1.450949,128.97223,5.1564302,0.37090755,,,,,,,,,,,,,,,,,128.97223,5.246368,0.025866551,128.97223,5.246368,0.0039496515,,,,,,,,,,,,,,,,,,,,128.97223,5.246368,0.01794015,128.97223,5.246368,27.578938,128.97223,5.246368,0.0005980051,128.97223,5.246368,1.0000001e-07,128.97223,5.246368,7.0,,,,,,,
128.97223,5.1864095,0.065015614,128.97223,5.1864095,0.061178047,,,,,,,,,,,,,,,,,,,,,,,,,,,,,,,,,,,,,,,,,,,,,,,,,,,,,,,,,,,,,128.97223,5.1864095,0.109181166,128.97223,5.1864095,-0.019610276,,,,,,,,,,,,,,,,,128.97223,5.276347,0.024818439,128.97223,5.276347,0.007170989,,,,,,,,,,,,,,,,,,,,128.97223,5.276347,0.0075153057,128.97223,5.276347,27.533068,128.97223,5.276347,0.0002505102,128.97223,5.276347,1.0000001e-07,128.97223,5.276347,7.0,,,,,,,
128.97223,5.2163887,0.06721702,128.97223,5.2163887,0.061624274,,,,,,,,,,,,,,,,,,,,,,,,,,,,,,,,,,,,,,,,,,,,,,,,,,,,,,,,,,,,,128.97223,5.2163887,0.8642819,128.97223,5.2163887,0.09757413,,,,,,,,,,,,,,,,,128.97223,5.3063264,0.009045651,128.97223,5.3063264,0.003589585,,,,,,,,,,,,,,,,,,,,128.97223,5.3063264,-0.013835509,128.97223,5.3063264,27.439125,128.97223,5.3063264,-0.00046118363,128.97223,5.3063264,1.0000001e-07,128.97223,5.3063264,7.0,,,,,,,
128.97223,5.246368,0.06898706,128.97223,5.246368,0.062219247,,,,,,,,,,,,,,,,,,,,,,,,,,,,,,,,,,,,,,,,,,,,,,,,,,,,,,,,,,,,,128.97223,5.246368,1.493094,128.97223,5.246368,0.4029288,,,,,,,,,,,,,,,,,128.97223,5.3363056,0.019435083,128.97223,5.3363056,-0.011876947,,,,,,,,,,,,,,,,,,,,128.97223,5.3363056,-0.00075152435,128.97223,5.3363056,27.496695,128.97223,5.3363056,-2.5050766e-05,128.97223,5.3363056,1.0000001e-07,128.97223,5.3363056,7.0,,,,,,,
128.97223,5.276347,0.068853185,128.97223,5.276347,0.06263573,,,,,,,,,,,,,,,,,,,,,,,,,,,,,,,,,,,,,,,,,,,,,,,,,,,,,,,,,,,,,128.97223,5.276347,1.4523304,128.97223,5.276347,0.50064826,,,,,,,,,,,,,,,,,128.97223,5.366285,0.025070647,128.97223,5.366285,-0.0075147385,,,,,,,,,,,,,,,,,,,,128.97223,5.366285,0.008874041,128.97223,5.366285,27.539045,128.97223,5.366285,0.0002958014,128.97223,5.366285,1.0000001e-07,128.97223,5.366285,7.0,,,,,,,
128.97223,5.3063264,0.06648818,128.97223,5.3063264,0.06215975,,,,,,,,,,,,,,,,,,,,,,,,,,,,,,,,,,,,,,,,,,,,,,,,,,,,,,,,,,,,,128.97223,5.3063264,0.6082923,128.97223,5.3063264,0.35869595,,,,,,,,,,,,,,,,,128.97223,5.396264,0.021667957,128.97223,5.396264,0.010981935,,,,,,,,,,,,,,,,,,,,128.97223,5.396264,0.014700474,128.97223,5.396264,27.564682,128.97223,5.396264,0.00049001584,128.97223,5.396264,1.0000001e-07,128.97223,5.396264,7.0,,,,,,,
128.97223,5.3363056,0.06799048,128.97223,5.3363056,0.059854228,,,,,,,,,,,,,,,,,,,,,,,,,,,,,,,,,,,,,,,,,,,,,,,,,,,,,,,,,,,,,128.97223,5.3363056,1.1480297,128.97223,5.3363056,-0.44876534,,,,,,,,,,,,,,,,,128.97223,5.426244,0.02485737,128.97223,5.426244,-0.010893951,,,,,,,,,,,,,,,,,,,,128.97223,5.426244,0.008039594,128.97223,5.426244,27.535376,128.97223,5.426244,0.00026798647,128.97223,5.426244,1.0000001e-07,128.97223,5.426244,7.0,,,,,,,
128.97223,5.366285,0.068704456,128.97223,5.366285,0.060642574,,,,,,,,,,,,,,,,,,,,,,,,,,,,,,,,,,,,,,,,,,,,,,,,,,,,,,,,,,,,,128.97223,5.366285,1.3819079,128.97223,5.366285,-0.16351727,,,,,,,,,,,,,,,,,128.97223,5.456223,0.020234922,128.97223,5.456223,-0.008854847,,,,,,,,,,,,,,,,,,,,128.97223,5.456223,-0.004266669,128.97223,5.456223,27.481228,128.97223,5.456223,-0.0001422223,128.97223,5.456223,1.0000001e-07,128.97223,5.456223,7.0,,,,,,,
128.97223,5.396264,0.06824335,128.97223,5.396264,0.06318608,,,,,,,,,,,,,,,,,,,,,,,,,,,,,,,,,,,,,,,,,,,,,,,,,,,,,,,,,,,,,128.97223,5.396264,1.2551198,128.97223,5.396264,0.73745066,,,,,,,,,,,,,,,,,128.97223,5.4862022,0.025117118,128.97223,5.4862022,0.0029732536,,,,,,,,,,,,,,,,,,,,128.97223,5.4862022,0.013641487,128.97223,5.4862022,27.56002,128.97223,5.4862022,0.00045471627,128.97223,5.4862022,1.0000001e-07,128.97223,5.4862022,7.0,,,,,,,
128.97223,5.4262433,0.06863008,128.97223,5.4262433,0.060151722,,,,,,,,,,,,,,,,,,,,,,,,,,,,,,,,,,,,,,,,,,,,,,,,,,,,,,,,,,,,,128.97223,5.4262433,1.3664821,128.97223,5.4262433,-0.38512355,,,,,,,,,,,,,,,,,128.97223,5.5161815,0.020529168,128.97223,5.5161815,0.0139822345,,,,,,,,,,,,,,,,,,,,128.97223,5.5161815,0.0056603905,128.97223,5.5161815,27.524906,128.97223,5.5161815,0.00018867971,128.97223,5.5161815,1.0000001e-07,128.97223,5.5161815,7.0,,,,,,,
128.97223,5.4562225,0.06800535,128.97223,5.4562225,0.060464084,,,,,,,,,,,,,,,,,,,,,,,,,,,,,,,,,,,,,,,,,,,,,,,,,,,,,,,,,,,,,128.97223,5.4562225,1.1508437,128.97223,5.4562225,-0.23803902,,,,,,,,,,,,,,,,,128.97223,5.5461607,0.019369848,128.97223,5.5461607,0.005697397,,,,,,,,,,,,,,,,,,,,128.97223,5.5461607,-0.0014616172,128.97223,5.5461607,27.493568,128.97223,5.5461607,-4.8720583e-05,128.97223,5.5461607,1.0000001e-07,128.97223,5.5461607,7.0,,,,,,,
128.97223,5.486202,0.068585455,128.97223,5.486202,0.062070504,,,,,,,,,,,,,,,,,,,,,,,,,,,,,,,,,,,,,,,,,,,,,,,,,,,,,,,,,,,,,128.97223,5.486202,1.3617696,128.97223,5.486202,0.32853067,,,,,,,,,,,,,,,,,128.97223,5.57614,0.01222225,128.97223,5.57614,-0.0068462617,,,,,,,,,,,,,,,,,,,,128.97223,5.57614,-0.012179896,128.97223,5.57614,27.446407,128.97223,5.57614,-0.0004059965,128.97223,5.57614,1.0000001e-07,128.97223,5.57614,7.0,,,,,,,
128.97223,5.516181,0.06788636,128.97223,5.516181,0.063498445,,,,,,,,,,,,,,,,,,,,,,,,,,,,,,,,,,,,,,,,,,,,,,,,,,,,,,,,,,,,,128.97223,5.516181,1.1240232,128.97223,5.516181,0.8156041,,,,,,,,,,,,,,,,,128.97223,5.606119,0.017262362,128.97223,5.606119,0.0039272746,,,,,,,,,,,,,,,,,,,,128.97223,5.606119,0.006845468,128.97223,5.606119,27.53012,128.97223,5.606119,0.00022818228,128.97223,5.606119,1.0000001e-07,128.97223,5.606119,7.0,,,,,,,
128.97223,5.5461607,0.067752495,128.97223,5.5461607,0.062382862,,,,,,,,,,,,,,,,,,,,,,,,,,,,,,,,,,,,,,,,,,,,,,,,,,,,,,,,,,,,,128.97223,5.5461607,1.0706064,128.97223,5.5461607,0.43668425,,,,,,,,,,,,,,,,,128.97223,5.6360984,0.012301531,128.97223,5.6360984,0.003986736,,,,,,,,,,,,,,,,,,,,128.97223,5.6360984,-0.02038822,128.97223,5.6360984,27.410292,128.97223,5.6360984,-0.00067960727,128.97223,5.6360984,1.0000001e-07,128.97223,5.6360984,7.0,,,,,,,
128.97223,5.57614,0.06675591,128.97223,5.57614,0.06065744,,,,,,,,,,,,,,,,,,,,,,,,,,,,,,,,,,,,,,,,,,,,,,,,,,,,,,,,,,,,,128.97223,5.57614,0.7119948,128.97223,5.57614,-0.206731,,,,,,,,,,,,,,,,,128.97223,5.6660776,0.020254122,128.97223,5.6660776,-0.0012080601,,,,,,,,,,,,,,,,,,,,128.97223,5.6660776,0.005903254,128.97223,5.6660776,27.525974,128.97223,5.6660776,0.00019677515,128.97223,5.6660776,1.0000001e-07,128.97223,5.6660776,7.0,,,,,,,
128.97223,5.606119,0.067350894,128.97223,5.606119,0.06205563,,,,,,,,,,,,,,,,,,,,,,,,,,,,,,,,,,,,,,,,,,,,,,,,,,,,,,,,,,,,,128.97223,5.606119,0.93897754,128.97223,5.606119,0.30218735,,,,,,,,,,,,,,,,,128.97223,5.696057,0.021437174,128.97223,5.696057,0.010852177,,,,,,,,,,,,,,,,,,,,128.97223,5.696057,0.010682238,128.97223,5.696057,27.547,128.97223,5.696057,0.0003560746,128.97223,5.696057,1.0000001e-07,128.97223,5.696057,7.0,,,,,,,
128.97223,5.6360984,0.06671129,128.97223,5.6360984,0.062070508,,,,,,,,,,,,,,,,,,,,,,,,,,,,,,,,,,,,,,,,,,,,,,,,,,,,,,,,,,,,,128.97223,5.6360984,0.69424343,128.97223,5.6360984,0.33626387,,,,,,,,,,,,,,,,,128.97223,5.726036,0.0071580303,128.97223,5.726036,0.006882443,,,,,,,,,,,,,,,,,,,,128.97223,5.726036,-0.02544137,128.97223,5.726036,27.38806,128.97223,5.726036,-0.0008480457,128.97223,5.726036,1.0000001e-07,128.97223,5.726036,7.0,,,,,,,
128.97223,5.6660776,0.06766325,128.97223,5.6660776,0.06144578,,,,,,,,,,,,,,,,,,,,,,,,,,,,,,,,,,,,,,,,,,,,,,,,,,,,,,,,,,,,,128.97223,5.6660776,1.0504539,128.97223,5.6660776,0.09066623,,,,,,,,,,,,,,,,,128.97223,5.7560153,0.0031847302,128.97223,5.7560153,-0.003319215,,,,,,,,,,,,,,,,,,,,128.97223,5.7560153,-0.017853232,128.97223,5.7560153,27.421444,128.97223,5.7560153,-0.0005951078,128.97223,5.7560153,1.0000001e-07,128.97223,5.7560153,7.0,,,,,,,
128.97223,5.696057,0.06784174,128.97223,5.696057,0.062977836,,,,,,,,,,,,,,,,,,,,,,,,,,,,,,,,,,,,,,,,,,,,,,,,,,,,,,,,,,,,,128.97223,5.696057,1.0927453,128.97223,5.696057,0.65004563,,,,,,,,,,,,,,,,,128.97223,5.7859945,0.023982968,128.97223,5.7859945,-0.0018914802,,,,,,,,,,,,,,,,,,,,128.97223,5.7859945,0.022131182,128.97223,5.7859945,27.597376,128.97223,5.7859945,0.0007377061,128.97223,5.7859945,1.0000001e-07,128.97223,5.7859945,7.0,,,,,,,
128.97223,5.726036,0.066012196,128.97223,5.726036,0.062457237,,,,,,,,,,,,,,,,,,,,,,,,,,,,,,,,,,,,,,,,,,,,,,,,,,,,,,,,,,,,,128.97223,5.726036,0.43714082,128.97223,5.726036,0.44176728,,,,,,,,,,,,,,,,,128.97223,5.8159738,0.017179277,128.97223,5.8159738,0.006275457,,,,,,,,,,,,,,,,,,,,128.97223,5.8159738,-0.015510921,128.97223,5.8159738,27.431753,128.97223,5.8159738,-0.00051703077,128.97223,5.8159738,1.0000001e-07,128.97223,5.8159738,7.0,,,,,,,
128.97223,5.7560153,0.06558084,128.97223,5.7560153,0.06111855,,,,,,,,,,,,,,,,,,,,,,,,,,,,,,,,,,,,,,,,,,,,,,,,,,,,,,,,,,,,,128.97223,5.7560153,0.29985768,128.97223,5.7560153,-0.03708893,,,,,,,,,,,,,,,,,128.97223,5.845953,0.009976724,128.97223,5.845953,-0.0032691797,,,,,,,,,,,,,,,,,,,,128.97223,5.845953,-0.0022255841,128.97223,5.845953,27.490206,128.97223,5.845953,-7.418615e-05,128.97223,5.845953,1.0000001e-07,128.97223,5.845953,7.0,,,,,,,
128.97223,5.7859945,0.06807973,128.97223,5.7859945,0.061371412,,,,,,,,,,,,,,,,,,,,,,,,,,,,,,,,,,,,,,,,,,,,,,,,,,,,,,,,,,,,,128.97223,5.7859945,1.2039728,128.97223,5.7859945,0.08599569,,,,,,,,,,,,,,,,,128.97223,5.875932,0.025575722,128.97223,5.875932,0.002226773,,,,,,,,,,,,,,,,,,,,128.97223,5.875932,0.0069608423,128.97223,5.875932,27.530632,128.97223,5.875932,0.00023202805,128.97223,5.875932,1.0000001e-07,128.97223,5.875932,7.0,,,,,,,
128.97223,5.8159738,0.06714264,128.97223,5.8159738,0.062263872,,,,,,,,,,,,,,,,,,,,,,,,,,,,,,,,,,,,,,,,,,,,,,,,,,,,,,,,,,,,,128.97223,5.8159738,0.83070105,128.97223,5.8159738,0.3935228,,,,,,,,,,,,,,,,,128.97223,5.9059114,0.03699594,128.97223,5.9059114,-0.0049298317,,,,,,,,,,,,,,,,,,,,128.97223,5.9059114,0.04728269,128.97223,5.9059114,27.708046,128.97223,5.9059114,0.0015760896,128.97223,5.9059114,1.0000001e-07,128.97223,5.9059114,7.0,,,,,,,
128.97223,5.845953,0.06632456,128.97223,5.845953,0.061163172,,,,,,,,,,,,,,,,,,,,,,,,,,,,,,,,,,,,,,,,,,,,,,,,,,,,,,,,,,,,,128.97223,5.845953,0.5639731,128.97223,5.845953,-0.0179782,,,,,,,,,,,,,,,,,128.97223,5.9358907,0.020050257,128.97223,5.9358907,0.0034020361,,,,,,,,,,,,,,,,,,,,128.97223,5.9358907,0.0013527418,128.97223,5.9358907,27.505953,128.97223,5.9358907,4.5091405e-05,128.97223,5.9358907,1.0000001e-07,128.97223,5.9358907,7.0,,,,,,,
128.97223,5.875932,0.0680946,128.97223,5.875932,0.06181764,,,,,,,,,,,,,,,,,,,,,,,,,,,,,,,,,,,,,,,,,,,,,,,,,,,,,,,,,,,,,128.97223,5.875932,1.1834211,128.97223,5.875932,0.23909804,,,,,,,,,,,,,,,,,128.97223,5.96587,0.014892802,128.97223,5.96587,-0.0028430335,,,,,,,,,,,,,,,,,,,,128.97223,5.96587,0.0053889942,128.97223,5.96587,27.523712,128.97223,5.96587,0.00017963313,128.97223,5.96587,1.0000001e-07,128.97223,5.96587,7.0,,,,,,,
128.97223,5.9059114,0.069403544,128.97223,5.9059114,0.060999554,,,,,,,,,,,,,,,,,,,,,,,,,,,,,,,,,,,,,,,,,,,,,,,,,,,,,,,,,,,,,128.97223,5.9059114,1.6525866,128.97223,5.9059114,-0.093109354,,,,,,,,,,,,,,,,,128.97223,5.995849,0.013731558,128.97223,5.995849,0.004509927,,,,,,,,,,,,,,,,,,,,128.97223,5.995849,0.0,128.97223,5.995849,27.5,128.97223,5.995849,0.0,128.97223,5.995849,1.0000001e-07,128.97223,5.995849,7.0,,,,,,,
128.97223,5.9358907,0.06738063,128.97223,5.9358907,0.06196638,,,,,,,,,,,,,,,,,,,,,,,,,,,,,,,,,,,,,,,,,,,,,,,,,,,,,,,,,,,,,128.97223,5.9358907,0.95017123,128.97223,5.9358907,0.25928217,,,,,,,,,,,,,,,,,128.97223,6.0258284,0.003503397,128.97223,6.0258284,-0.00022475587,,,,,,,,,,,,,,,,,,,,,,,,,,,,,128.97223,6.0258284,1.0000001e-07,128.97223,6.0258284,7.0,,,,,,,
128.97223,5.96587,0.06678566,128.97223,5.96587,0.06126729,,,,,,,,,,,,,,,,,,,,,,,,,,,,,,,,,,,,,,,,,,,,,,,,,,,,,,,,,,,,,128.97223,5.96587,0.72790694,128.97223,5.96587,0.019561423,,,,,,,,,,,,,,,,,128.97223,6.0558076,0.014008886,128.97223,6.0558076,-0.004223418,,,,,,,,,,,,,,,,,,,,,,,,,,,,,128.97223,6.0558076,1.0000001e-07,128.97223,6.0558076,7.0,,,,,,,
128.97223,5.995849,0.06665179,128.97223,5.995849,0.062070504,,,,,,,,,,,,,,,,,,,,,,,,,,,,,,,,,,,,,,,,,,,,,,,,,,,,,,,,,,,,,128.97223,5.995849,0.68166226,128.97223,5.995849,0.28985608,,,,,,,,,,,,,,,,,128.97223,6.085787,0.01950236,128.97223,6.085787,0.0019322219,,,,,,,,,,,,,,,,,,,,,,,,,,,,,128.97223,6.085787,1.0000001e-07,128.97223,6.085787,7.0,,,,,,,
128.97223,6.0258284,0.06556597,128.97223,6.0258284,0.061505277,,,,,,,,,,,,,,,,,,,,,,,,,,,,,,,,,,,,,,,,,,,,,,,,,,,,,,,,,,,,,128.97223,6.0258284,0.31314564,128.97223,6.0258284,0.14692146,,,,,,,,,,,,,,,,,128.97223,6.115766,0.01240436,128.97223,6.115766,-0.007848384,,,,,,,,,,,,,,,,,,,,,,,,,,,,,128.97223,6.115766,1.0000001e-07,128.97223,6.115766,7.0,,,,,,,
128.97223,6.0558076,0.06662205,128.97223,6.0558076,0.06105905,,,,,,,,,,,,,,,,,,,,,,,,,,,,,,,,,,,,,,,,,,,,,,,,,,,,,,,,,,,,,128.97223,6.0558076,0.66780746,128.97223,6.0558076,-0.0651605,,,,,,,,,,,,,,,,,128.97223,6.1457453,0.018637793,128.97223,6.1457453,-0.012685622,,,,,,,,,,,,,,,,,,,,,,,,,,,,,128.97223,6.1457453,1.0000001e-07,128.97223,6.1457453,7.0,,,,,,,
128.97223,6.085787,0.06726164,128.97223,6.085787,0.06178789,,,,,,,,,,,,,,,,,,,,,,,,,,,,,,,,,,,,,,,,,,,,,,,,,,,,,,,,,,,,,128.97223,6.085787,0.893143,128.97223,6.085787,0.19355859,,,,,,,,,,,,,,,,,128.97223,6.1757245,0.020916395,128.97223,6.1757245,0.004588145,,,,,,,,,,,,,,,,,,,,,,,,,,,,,128.97223,6.1757245,1.0000001e-07,128.97223,6.1757245,7.0,,,,,,,
128.97223,6.115766,0.06645843,128.97223,6.115766,0.06077644,,,,,,,,,,,,,,,,,,,,,,,,,,,,,,,,,,,,,,,,,,,,,,,,,,,,,,,,,,,,,128.97223,6.115766,0.610635,128.97223,6.115766,-0.14028102,,,,,,,,,,,,,,,,,128.97223,6.2057037,0.009071461,128.97223,6.2057037,0.0034478551,,,,,,,,,,,,,,,,,,,,,,,,,,,,,128.97223,6.2057037,1.0000001e-07,128.97223,6.2057037,7.0,,,,,,,
128.97223,6.1457453,0.06711289,128.97223,6.1457453,0.06019634,,,,,,,,,,,,,,,,,,,,,,,,,,,,,,,,,,,,,,,,,,,,,,,,,,,,,,,,,,,,,128.97223,6.1457453,0.82985616,128.97223,6.1457453,-0.41607356,,,,,,,,,,,,,,,,,128.97223,6.235683,0.01614827,128.97223,6.235683,-0.0070715025,,,,,,,,,,,,,,,,,,,,,,,,,,,,,128.97223,6.235683,1.0000001e-07,128.97223,6.235683,7.0,,,,,,,
128.97223,6.1757245,0.067321144,128.97223,6.1757245,0.062115125,,,,,,,,,,,,,,,,,,,,,,,,,,,,,,,,,,,,,,,,,,,,,,,,,,,,,,,,,,,,,128.97223,6.1757245,0.91181564,128.97223,6.1757245,0.27318713,,,,,,,,,,,,,,,,,128.97223,6.2656627,0.016143266,128.97223,6.2656627,0.0017555332,,,,,,,,,,,,,,,,,,,,,,,,,,,,,128.97223,6.2656627,1.0000001e-07,128.97223,6.2656627,7.0,,,,,,,
128.97223,6.2057037,0.066012196,128.97223,6.2057037,0.06199613,,,,,,,,,,,,,,,,,,,,,,,,,,,,,,,,,,,,,,,,,,,,,,,,,,,,,,,,,,,,,128.97223,6.2057037,0.45923382,128.97223,6.2057037,0.28395146,,,,,,,,,,,,,,,,,128.97223,6.295642,0.008823467,128.97223,6.295642,-0.013533287,,,,,,,,,,,,,,,,,,,,,,,,,,,,,128.97223,6.295642,1.0000001e-07,128.97223,6.295642,7.0,,,,,,,
128.97223,6.235683,0.06669642,128.97223,6.235683,0.060850807,,,,,,,,,,,,,,,,,,,,,,,,,,,,,,,,,,,,,,,,,,,,,,,,,,,,,,,,,,,,,128.97223,6.235683,0.68470216,128.97223,6.235683,-0.15720397,,,,,,,,,,,,,,,,,128.97223,6.325621,0.025355548,128.97223,6.325621,-0.012446474,,,,,,,,,,,,,,,,,,,,,,,,,,,,,128.97223,6.325621,1.0000001e-07,128.97223,6.325621,7.0,,,,,,,
128.97223,6.265662,0.066815406,128.97223,6.265662,0.061683774,,,,,,,,,,,,,,,,,,,,,,,,,,,,,,,,,,,,,,,,,,,,,,,,,,,,,,,,,,,,,128.97223,6.265662,0.74181265,128.97223,6.265662,0.1380195,,,,,,,,,,,,,,,,,128.97223,6.3556004,0.021204444,128.97223,6.3556004,0.008303542,,,,,,,,,,,,,,,,,,,,,,,,,,,,,128.97223,6.3556004,1.0000001e-07,128.97223,6.3556004,7.0,,,,,,,
128.97223,6.2956414,0.065997325,128.97223,6.2956414,0.060240965,,,,,,,,,,,,,,,,,,,,,,,,,,,,,,,,,,,,,,,,,,,,,,,,,,,,,,,,,,,,,128.97223,6.2956414,0.4765766,128.97223,6.2956414,-0.358012,,,,,,,,,,,,,,,,,128.97223,6.3855796,0.0066704475,128.97223,6.3855796,0.0020980516,,,,,,,,,,,,,,,,,,,,,,,,,,,,,128.97223,6.3855796,1.0000001e-07,128.97223,6.3855796,7.0,,,,,,,
128.97223,6.3256207,0.06764837,128.97223,6.3256207,0.06022609,,,,,,,,,,,,,,,,,,,,,,,,,,,,,,,,,,,,,,,,,,,,,,,,,,,,,,,,,,,,,128.97223,6.3256207,1.0116298,128.97223,6.3256207,-0.3678341,,,,,,,,,,,,,,,,,128.97223,6.415559,0.0322975,128.97223,6.415559,0.00020442503,,,,,,,,,,,,,,,,,,,,,,,,,,,,,128.97223,6.415559,1.0000001e-07,128.97223,6.415559,7.0,,,,,,,
128.97223,6.3556,0.06715752,128.97223,6.3556,0.06233824,,,,,,,,,,,,,,,,,,,,,,,,,,,,,,,,,,,,,,,,,,,,,,,,,,,,,,,,,,,,,128.97223,6.3556,0.86577404,128.97223,6.3556,0.4137721,,,,,,,,,,,,,,,,,128.97223,6.445538,0.024063157,128.97223,6.445538,0.00016047392,,,,,,,,,,,,,,,,,,,,,,,,,,,,,128.97223,6.445538,1.0000001e-07,128.97223,6.445538,7.0,,,,,,,
128.97223,6.385579,0.06575933,128.97223,6.385579,0.061683767,,,,,,,,,,,,,,,,,,,,,,,,,,,,,,,,,,,,,,,,,,,,,,,,,,,,,,,,,,,,,128.97223,6.385579,0.352704,128.97223,6.385579,0.1841247,,,,,,,,,,,,,,,,,128.97223,6.4755173,0.027333375,128.97223,6.4755173,-0.007343814,,,,,,,,,,,,,,,,,,,,,,,,,,,,,128.97223,6.4755173,1.0000001e-07,128.97223,6.4755173,7.0,,,,,,,
128.97223,6.415559,0.06825822,128.97223,6.415559,0.061564777,,,,,,,,,,,,,,,,,,,,,,,,,,,,,,,,,,,,,,,,,,,,,,,,,,,,,,,,,,,,,128.97223,6.415559,1.2813646,128.97223,6.415559,0.12196676,,,,,,,,,,,,,,,,,128.97223,6.5054965,0.024539987,128.97223,6.5054965,-0.027367739,,,,,,,,,,,,,,,,,,,,,,,,,,,,,128.97223,6.5054965,1.0000001e-07,128.97223,6.5054965,7.0,,,,,,,
128.97223,6.445538,0.06751451,128.97223,6.445538,0.06162427,,,,,,,,,,,,,,,,,,,,,,,,,,,,,,,,,,,,,,,,,,,,,,,,,,,,,,,,,,,,,128.97223,6.445538,0.9974827,128.97223,6.445538,0.17018001,,,,,,,,,,,,,,,,,128.97223,6.5354757,0.033547282,128.97223,6.5354757,0.0032778587,,,,,,,,,,,,,,,,,,,,,,,,,,,,,128.97223,6.5354757,1.0000001e-07,128.97223,6.5354757,7.0,,,,,,,
128.97223,6.4755173,0.06773762,128.97223,6.4755173,0.06083594,,,,,,,,,,,,,,,,,,,,,,,,,,,,,,,,,,,,,,,,,,,,,,,,,,,,,,,,,,,,,128.97223,6.4755173,1.0383366,128.97223,6.4755173,-0.12005888,,,,,,,,,,,,,,,,,128.97223,6.565455,0.026656725,128.97223,6.565455,0.017179465,,,,,,,,,,,,,,,,,,,,,,,,,,,,,128.97223,6.565455,1.0000001e-07,128.97223,6.565455,7.0,,,,,,,
128.97223,6.5054965,0.06738064,128.97223,6.5054965,0.058768407,,,,,,,,,,,,,,,,,,,,,,,,,,,,,,,,,,,,,,,,,,,,,,,,,,,,,,,,,,,,,128.97223,6.5054965,0.9382173,128.97223,6.5054965,-0.87531865,,,,,,,,,,,,,,,,,128.97223,6.595434,0.005234719,128.97223,6.595434,-0.01828539,,,,,,,,,,,,,,,,,,,,,,,,,,,,,128.97223,6.595434,1.0000001e-07,128.97223,6.595434,7.0,,,,,,,
128.97223,6.5354757,0.06828797,128.97223,6.5354757,0.061802763,,,,,,,,,,,,,,,,,,,,,,,,,,,,,,,,,,,,,,,,,,,,,,,,,,,,,,,,,,,,,128.97223,6.5354757,1.2829212,128.97223,6.5354757,0.19131507,,,,,,,,,,,,,,,,,128.97223,6.6254134,0.022532076,128.97223,6.6254134,0.010525192,,,,,,,,,,,,,,,,,,,,,,,,,,,,,128.97223,6.6254134,1.0000001e-07,128.97223,6.6254134,7.0,,,,,,,
128.97223,6.565455,0.067544244,128.97223,6.565455,0.06314146,,,,,,,,,,,,,,,,,,,,,,,,,,,,,,,,,,,,,,,,,,,,,,,,,,,,,,,,,,,,,128.97223,6.565455,0.9779028,128.97223,6.565455,0.67882514,,,,,,,,,,,,,,,,,128.97223,6.6553926,0.015051478,128.97223,6.6553926,-0.013139037,,,,,,,,,,,,,,,,,,,,,,,,,,,,,128.97223,6.6553926,1.0000001e-07,128.97223,6.6553926,7.0,,,,,,,
128.97223,6.595434,0.065491594,128.97223,6.595434,0.05973524,,,,,,,,,,,,,,,,,,,,,,,,,,,,,,,,,,,,,,,,,,,,,,,,,,,,,,,,,,,,,128.97223,6.595434,0.26259097,128.97223,6.595434,-0.5299676,,,,,,,,,,,,,,,,,128.97223,6.685372,0.05028873,128.97223,6.685372,-0.0017751439,,,,,,,,,,,,,,,,,,,,,,,,,,,,,128.97223,6.685372,1.0000001e-07,128.97223,6.685372,7.0,,,,,,,
128.97223,6.6254134,0.06717239,128.97223,6.6254134,0.062472112,,,,,,,,,,,,,,,,,,,,,,,,,,,,,,,,,,,,,,,,,,,,,,,,,,,,,,,,,,,,,128.97223,6.6254134,0.86746764,128.97223,6.6254134,0.446455,,,,,,,,,,,,,,,,,128.97223,6.715351,-0.00090990175,128.97223,6.715351,0.0009656232,,,,,,,,,,,,,,,,,,,,,,,,,,,,,128.97223,6.715351,1.0000001e-07,128.97223,6.715351,7.0,,,,,,,
128.97223,6.6553926,0.066413805,128.97223,6.6553926,0.06034508,,,,,,,,,,,,,,,,,,,,,,,,,,,,,,,,,,,,,,,,,,,,,,,,,,,,,,,,,,,,,128.97223,6.6553926,0.6207125,128.97223,6.6553926,-0.30913064,,,,,,,,,,,,,,,,,128.97223,6.7453303,0.021363383,128.97223,6.7453303,-0.0007672527,,,,,,,,,,,,,,,,,,,,,,,,,,,,,128.97223,6.7453303,1.0000001e-07,128.97223,6.7453303,7.0,,,,,,,
128.97223,6.685372,0.06962666,128.97223,6.685372,0.06144578,,,,,,,,,,,,,,,,,,,,,,,,,,,,,,,,,,,,,,,,,,,,,,,,,,,,,,,,,,,,,128.97223,6.685372,1.7142445,128.97223,6.685372,0.08806011,,,,,,,,,,,,,,,,,128.97223,6.7753096,-0.012717719,128.97223,6.7753096,0.014348311,,,,,,,,,,,,,,,,,,,,,,,,,,,,,128.97223,6.7753096,1.0000001e-07,128.97223,6.7753096,7.0,,,,,,,
128.97223,6.715351,0.06500074,128.97223,6.715351,0.0616689,,,,,,,,,,,,,,,,,,,,,,,,,,,,,,,,,,,,,,,,,,,,,,,,,,,,,,,,,,,,,128.97223,6.715351,0.11234869,128.97223,6.715351,0.17818676,,,,,,,,,,,,,,,,,128.97223,6.805289,0.0021139754,128.97223,6.805289,0.015164535,,,,,,,,,,,,,,,,,,,,,,,,,,,,,128.97223,6.805289,1.0000001e-07,128.97223,6.805289,7.0,,,,,,,
128.97223,6.7453303,0.06693441,128.97223,6.7453303,0.06149041,,,,,,,,,,,,,,,,,,,,,,,,,,,,,,,,,,,,,,,,,,,,,,,,,,,,,,,,,,,,,128.97223,6.7453303,0.7886276,128.97223,6.7453303,0.14087176,,,,,,,,,,,,,,,,,128.97223,6.835268,0.01480167,128.97223,6.835268,-0.01418524,,,,,,,,,,,,,,,,,,,,,,,,,,,,,128.97223,6.835268,1.0000001e-07,128.97223,6.835268,7.0,,,,,,,
128.97223,6.7753096,0.063855425,128.97223,6.7753096,0.06273985,,,,,,,,,,,,,,,,,,,,,,,,,,,,,,,,,,,,,,,,,,,,,,,,,,,,,,,,,,,,,128.97223,6.7753096,-0.2985071,128.97223,6.7753096,0.5033493,,,,,,,,,,,,,,,,,128.97223,6.8652472,0.0170677,128.97223,6.8652472,0.015129641,,,,,,,,,,,,,,,,,,,,,,,,,,,,,128.97223,6.8652472,1.0000001e-07,128.97223,6.8652472,7.0,,,,,,,
128.97223,6.805289,0.065194115,128.97223,6.805289,0.06291834,,,,,,,,,,,,,,,,,,,,,,,,,,,,,,,,,,,,,,,,,,,,,,,,,,,,,,,,,,,,,128.97223,6.805289,0.19591635,128.97223,6.805289,0.61402404,,,,,,,,,,,,,,,,,128.97223,6.8952265,0.0027046278,128.97223,6.8952265,-0.017348468,,,,,,,,,,,,,,,,,,,,,,,,,,,,,128.97223,6.8952265,1.0000001e-07,128.97223,6.8952265,7.0,,,,,,,
128.97223,6.835268,0.06630968,128.97223,6.835268,0.060240965,,,,,,,,,,,,,,,,,,,,,,,,,,,,,,,,,,,,,,,,,,,,,,,,,,,,,,,,,,,,,128.97223,6.835268,0.572821,128.97223,6.835268,-0.35176235,,,,,,,,,,,,,,,,,128.97223,6.9252057,0.0044809114,128.97223,6.9252057,0.003763965,,,,,,,,,,,,,,,,,,,,,,,,,,,,,128.97223,6.9252057,1.0000001e-07,128.97223,6.9252057,7.0,,,,,,,
128.97223,6.8652472,0.06650305,128.97223,6.8652472,0.06278446,,,,,,,,,,,,,,,,,,,,,,,,,,,,,,,,,,,,,,,,,,,,,,,,,,,,,,,,,,,,,128.97223,6.8652472,0.6575577,128.97223,6.8652472,0.6193981,,,,,,,,,,,,,,,,,128.97223,6.955185,-0.00014013093,128.97223,6.955185,-0.004480343,,,,,,,,,,,,,,,,,,,,,,,,,,,,,128.97223,6.955185,1.0000001e-07,128.97223,6.955185,7.0,,,,,,,
128.97223,6.8952265,0.0652536,128.97223,6.8952265,0.060121972,,,,,,,,,,,,,,,,,,,,,,,,,,,,,,,,,,,,,,,,,,,,,,,,,,,,,,,,,,,,,128.97223,6.8952265,0.20259812,128.97223,6.8952265,-0.40137225,,,,,,,,,,,,,,,,,128.97223,6.985164,0.013404861,128.97223,6.985164,-0.013484414,,,,,,,,,,,,,,,,,,,,,,,,,,,,,128.97223,6.985164,1.0000001e-07,128.97223,6.985164,7.0,,,,,,,
128.97223,6.9252057,0.0654321,128.97223,6.9252057,0.06181764,,,,,,,,,,,,,,,,,,,,,,,,,,,,,,,,,,,,,,,,,,,,,,,,,,,,,,,,,,,,,128.97223,6.9252057,0.24284424,128.97223,6.9252057,0.22977032,,,,,,,,,,,,,,,,,128.97223,7.0151434,0.021063754,128.97223,7.0151434,-0.015102544,,,,,,,,,,,,,,,,,,,,,,,,,,,,,128.97223,7.0151434,1.0000001e-07,128.97223,7.0151434,7.0,,,,,,,
128.97223,6.955185,0.064971,128.97223,6.955185,0.061133426,,,,,,,,,,,,,,,,,,,,,,,,,,,,,,,,,,,,,,,,,,,,,,,,,,,,,,,,,,,,,128.97223,6.955185,0.083585784,128.97223,6.955185,-0.046815265,,,,,,,,,,,,,,,,,128.97223,7.0451226,-0.0056897923,128.97223,7.0451226,-0.0122768795,,,,,,,,,,,,,,,,,,,,,,,,,,,,,128.97223,7.0451226,1.0000001e-07,128.97223,7.0451226,7.0,,,,,,,
128.97223,6.985164,0.06619069,128.97223,6.985164,0.060330205,,,,,,,,,,,,,,,,,,,,,,,,,,,,,,,,,,,,,,,,,,,,,,,,,,,,,,,,,,,,,128.97223,6.985164,0.5278443,128.97223,6.985164,-0.30736288,,,,,,,,,,,,,,,,,128.97223,7.0751023,0.022502106,128.97223,7.0751023,-0.025433652,,,,,,,,,,,,,,,,,,,,,,,,,,,,,128.97223,7.0751023,1.0000001e-07,128.97223,7.0751023,7.0,,,,,,,
128.97223,7.0151434,0.06675591,128.97223,7.0151434,0.060315337,,,,,,,,,,,,,,,,,,,,,,,,,,,,,,,,,,,,,,,,,,,,,,,,,,,,,,,,,,,,,128.97223,7.0151434,0.7353367,128.97223,7.0151434,-0.28164843,,,,,,,,,,,,,,,,,128.97223,7.1050816,0.030029813,128.97223,7.1050816,-0.008762427,,,,,,,,,,,,,,,,,,,,,,,,,,,,,128.97223,7.1050816,1.0000001e-07,128.97223,7.1050816,7.0,,,,,,,
128.97223,7.0451226,0.0645099,128.97223,7.0451226,0.06047895,,,,,,,,,,,,,,,,,,,,,,,,,,,,,,,,,,,,,,,,,,,,,,,,,,,,,,,,,,,,,128.97223,7.0451226,-0.06971521,128.97223,7.0451226,-0.23600382,,,,,,,,,,,,,,,,,128.97223,7.135061,0.0042778244,128.97223,7.135061,0.0070143044,,,,,,,,,,,,,,,,,,,,,,,,,,,,,128.97223,7.135061,1.0000001e-07,128.97223,7.135061,7.0,,,,,,,
128.97223,7.075102,0.06687491,128.97223,7.075102,0.059422884,,,,,,,,,,,,,,,,,,,,,,,,,,,,,,,,,,,,,,,,,,,,,,,,,,,,,,,,,,,,,128.97223,7.075102,0.7784183,128.97223,7.075102,-0.6292697,,,,,,,,,,,,,,,,,128.97223,7.16504,0.017875142,128.97223,7.16504,-0.009549098,,,,,,,,,,,,,,,,,,,,,,,,,,,,,128.97223,7.16504,1.0000001e-07,128.97223,7.16504,7.0,,,,,,,
128.97223,7.105081,0.06741038,128.97223,7.105081,0.06077644,,,,,,,,,,,,,,,,,,,,,,,,,,,,,,,,,,,,,,,,,,,,,,,,,,,,,,,,,,,,,128.97223,7.105081,0.9671143,128.97223,7.105081,-0.15907878,,,,,,,,,,,,,,,,,128.97223,7.1950192,0.04889224,128.97223,7.1950192,0.0043059355,,,,,,,,,,,,,,,,,,,,,,,,,,,,,128.97223,7.1950192,1.0000001e-07,128.97223,7.1950192,7.0,,,,,,,
128.97223,7.1350603,0.06541723,128.97223,7.1350603,0.062115125,,,,,,,,,,,,,,,,,,,,,,,,,,,,,,,,,,,,,,,,,,,,,,,,,,,,,,,,,,,,,128.97223,7.1350603,0.24955662,128.97223,7.1350603,0.3488046,,,,,,,,,,,,,,,,,128.97223,7.2249985,0.014226394,128.97223,7.2249985,0.00089561404,,,,,,,,,,,,,,,,,,,,,,,,,,,,,128.97223,7.2249985,1.0000001e-07,128.97223,7.2249985,7.0,,,,,,,
128.97223,7.1650395,0.0664138,128.97223,7.1650395,0.060761556,,,,,,,,,,,,,,,,,,,,,,,,,,,,,,,,,,,,,,,,,,,,,,,,,,,,,,,,,,,,,128.97223,7.1650395,0.5873568,128.97223,7.1650395,-0.1774518,,,,,,,,,,,,,,,,,128.97223,7.2549777,0.02570656,128.97223,7.2549777,-0.014920499,,,,,,,,,,,,,,,,,,,,,,,,,,,,,128.97223,7.2549777,1.0000001e-07,128.97223,7.2549777,7.0,,,,,,,
128.97223,7.195019,0.06880857,128.97223,7.195019,0.061802763,,,,,,,,,,,,,,,,,,,,,,,,,,,,,,,,,,,,,,,,,,,,,,,,,,,,,,,,,,,,,128.97223,7.195019,1.4366839,128.97223,7.195019,0.18319461,,,,,,,,,,,,,,,,,128.97223,7.284957,0.019107746,128.97223,7.284957,-0.021500565,,,,,,,,,,,,,,,,,,,,,,,,,,,,,128.97223,7.284957,1.0000001e-07,128.97223,7.284957,7.0,,,,,,,
128.97223,7.224998,0.06617582,128.97223,7.224998,0.061609402,,,,,,,,,,,,,,,,,,,,,,,,,,,,,,,,,,,,,,,,,,,,,,,,,,,,,,,,,,,,,128.97223,7.224998,0.5346806,128.97223,7.224998,0.16498873,,,,,,,,,,,,,,,,,128.97223,7.314936,0.03812846,128.97223,7.314936,0.005478022,,,,,,,,,,,,,,,,,,,,,,,,,,,,,128.97223,7.314936,1.0000001e-07,128.97223,7.314936,7.0,,,,,,,
128.97223,7.2549777,0.06694928,128.97223,7.2549777,0.060330212,,,,,,,,,,,,,,,,,,,,,,,,,,,,,,,,,,,,,,,,,,,,,,,,,,,,,,,,,,,,,128.97223,7.2549777,0.78583527,128.97223,7.2549777,-0.33908203,,,,,,,,,,,,,,,,,128.97223,7.3449154,0.02832571,128.97223,7.3449154,0.024692604,,,,,,,,,,,,,,,,,,,,,,,,,,,,,128.97223,7.3449154,1.0000001e-07,128.97223,7.3449154,7.0,,,,,,,
128.97223,7.284957,0.06642868,128.97223,7.284957,0.059854228,,,,,,,,,,,,,,,,,,,,,,,,,,,,,,,,,,,,,,,,,,,,,,,,,,,,,,,,,,,,,128.97223,7.284957,0.6001299,128.97223,7.284957,-0.49601847,,,,,,,,,,,,,,,,,128.97223,7.3748946,0.033898804,128.97223,7.3748946,0.004798359,,,,,,,,,,,,,,,,,,,,,,,,,,,,,128.97223,7.3748946,1.0000001e-07,128.97223,7.3748946,7.0,,,,,,,
128.97223,7.314936,0.06787148,128.97223,7.314936,0.061936636,,,,,,,,,,,,,,,,,,,,,,,,,,,,,,,,,,,,,,,,,,,,,,,,,,,,,,,,,,,,,128.97223,7.314936,1.1067686,128.97223,7.314936,0.262368,,,,,,,,,,,,,,,,,128.97223,7.404874,0.022849089,128.97223,7.404874,-0.0010177533,,,,,,,,,,,,,,,,,,,,,,,,,,,,,128.97223,7.404874,1.0000001e-07,128.97223,7.404874,7.0,,,,,,,
128.97223,7.3449154,0.06717239,128.97223,7.3449154,0.06342407,,,,,,,,,,,,,,,,,,,,,,,,,,,,,,,,,,,,,,,,,,,,,,,,,,,,,,,,,,,,,128.97223,7.3449154,0.84972256,128.97223,7.3449154,0.8119319,,,,,,,,,,,,,,,,,128.97223,7.434853,0.013544059,128.97223,7.434853,0.008869065,,,,,,,,,,,,,,,,,,,,,,,,,,,,,128.97223,7.434853,1.0000001e-07,128.97223,7.434853,7.0,,,,,,,
128.97223,7.3748946,0.06758888,128.97223,7.3748946,0.061877146,,,,,,,,,,,,,,,,,,,,,,,,,,,,,,,,,,,,,,,,,,,,,,,,,,,,,,,,,,,,,128.97223,7.3748946,1.0117213,128.97223,7.3748946,0.2417042,,,,,,,,,,,,,,,,,128.97223,7.4648323,0.01435257,128.97223,7.4648323,-0.0053214133,,,,,,,,,,,,,,,,,,,,,,,,,,,,,128.97223,7.4648323,1.0000001e-07,128.97223,7.4648323,7.0,,,,,,,
128.97223,7.404874,0.0667113,128.97223,7.404874,0.061430912,,,,,,,,,,,,,,,,,,,,,,,,,,,,,,,,,,,,,,,,,,,,,,,,,,,,,,,,,,,,,128.97223,7.404874,0.69743156,128.97223,7.404874,0.10226503,,,,,,,,,,,,,,,,,128.97223,7.4948115,0.041001208,128.97223,7.4948115,-0.00629245,,,,,,,,,,,,,,,,,,,,,,,,,,,,,128.97223,7.4948115,1.0000001e-07,128.97223,7.4948115,7.0,,,,,,,
128.97223,7.434853,0.065952696,128.97223,7.434853,0.062159758,,,,,,,,,,,,,,,,,,,,,,,,,,,,,,,,,,,,,,,,,,,,,,,,,,,,,,,,,,,,,128.97223,7.434853,0.44809267,128.97223,7.434853,0.32437027,,,,,,,,,,,,,,,,,128.97223,7.524791,0.027098773,128.97223,7.524791,-0.003368399,,,,,,,,,,,,,,,,,,,,,,,,,,,,,128.97223,7.524791,1.0000001e-07,128.97223,7.524791,7.0,,,,,,,
128.97223,7.4648323,0.06605682,128.97223,7.4648323,0.06111855,,,,,,,,,,,,,,,,,,,,,,,,,,,,,,,,,,,,,,,,,,,,,,,,,,,,,,,,,,,,,128.97223,7.4648323,0.48125947,128.97223,7.4648323,-0.06674679,,,,,,,,,,,,,,,,,128.97223,7.55477,0.030785061,128.97223,7.55477,0.0005669064,,,,,,,,,,,,,,,,,,,,,,,,,,,,,128.97223,7.55477,1.0000001e-07,128.97223,7.55477,7.0,,,,,,,
128.97223,7.4948115,0.06796073,128.97223,7.4948115,0.06098468,,,,,,,,,,,,,,,,,,,,,,,,,,,,,,,,,,,,,,,,,,,,,,,,,,,,,,,,,,,,,128.97223,7.4948115,1.1364342,128.97223,7.4948115,-0.05572019,,,,,,,,,,,,,,,,,128.97223,7.584749,0.021258255,128.97223,7.584749,0.0015103179,,,,,,,,,,,,,,,,,,,,,,,,,,,,,128.97223,7.584749,1.0000001e-07,128.97223,7.584749,7.0,,,,,,,
128.97223,7.524791,0.06691953,128.97223,7.524791,0.061252423,,,,,,,,,,,,,,,,,,,,,,,,,,,,,,,,,,,,,,,,,,,,,,,,,,,,,,,,,,,,,128.97223,7.524791,0.77869534,128.97223,7.524791,0.016006874,,,,,,,,,,,,,,,,,128.97223,7.6147285,0.002615314,128.97223,7.6147285,0.010405738,,,,,,,,,,,,,,,,,,,,,,,,,,,,,128.97223,7.6147285,1.0000001e-07,128.97223,7.6147285,7.0,,,,,,,
128.97223,7.55477,0.06717239,128.97223,7.55477,0.061535027,,,,,,,,,,,,,,,,,,,,,,,,,,,,,,,,,,,,,,,,,,,,,,,,,,,,,,,,,,,,,128.97223,7.55477,0.87503403,128.97223,7.55477,0.10336191,,,,,,,,,,,,,,,,,128.97223,7.6447077,0.01443653,128.97223,7.6447077,0.024664937,,,,,,,,,,,,,,,,,,,,,,,,,,,,,128.97223,7.6447077,1.0000001e-07,128.97223,7.6447077,7.0,,,,,,,
128.97223,7.584749,0.06651792,128.97223,7.584749,0.061579652,,,,,,,,,,,,,,,,,,,,,,,,,,,,,,,,,,,,,,,,,,,,,,,,,,,,,,,,,,,,,128.97223,7.584749,0.617709,128.97223,7.584749,0.14196828,,,,,,,,,,,,,,,,,128.97223,7.674687,0.045199085,128.97223,7.674687,-0.007262745,,,,,,,,,,,,,,,,,,,,,,,,,,,,,128.97223,7.674687,1.0000001e-07,128.97223,7.674687,7.0,,,,,,,
128.97223,7.6147285,0.06516436,128.97223,7.6147285,0.062144876,,,,,,,,,,,,,,,,,,,,,,,,,,,,,,,,,,,,,,,,,,,,,,,,,,,,,,,,,,,,,128.97223,7.6147285,0.18462949,128.97223,7.6147285,0.30450758,,,,,,,,,,,,,,,,,128.97223,7.704666,0.000261296,128.97223,7.704666,0.0086335875,,,,,,,,,,,,,,,,,,,,,,,,,,,,,128.97223,7.704666,1.0000001e-07,128.97223,7.704666,7.0,,,,,,,
128.97223,7.6447077,0.065922946,128.97223,7.6447077,0.0631712,,,,,,,,,,,,,,,,,,,,,,,,,,,,,,,,,,,,,,,,,,,,,,,,,,,,,,,,,,,,,128.97223,7.6447077,0.46840322,128.97223,7.6447077,0.7364927,,,,,,,,,,,,,,,,,128.97223,7.7346454,0.012646519,128.97223,7.7346454,-0.002549273,,,,,,,,,,,,,,,,,,,,,,,,,,,,,128.97223,7.7346454,1.0000001e-07,128.97223,7.7346454,7.0,,,,,,,
128.97223,7.674687,0.0680946,128.97223,7.674687,0.0610293,,,,,,,,,,,,,,,,,,,,,,,,,,,,,,,,,,,,,,,,,,,,,,,,,,,,,,,,,,,,,128.97223,7.674687,1.1817485,128.97223,7.674687,-0.070103735,,,,,,,,,,,,,,,,,128.97223,7.7646246,0.019208588,128.97223,7.7646246,-0.0106599,,,,,,,,,,,,,,,,,,,,,,,,,,,,,128.97223,7.7646246,1.0000001e-07,128.97223,7.7646246,7.0,,,,,,,
128.97223,7.704666,0.065089986,128.97223,7.704666,0.061996136,,,,,,,,,,,,,,,,,,,,,,,,,,,,,,,,,,,,,,,,,,,,,,,,,,,,,,,,,,,,,128.97223,7.704666,0.13087612,128.97223,7.704666,0.29876545,,,,,,,,,,,,,,,,,128.97223,7.794604,0.021531044,128.97223,7.794604,0.016624488,,,,,,,,,,,,,,,,,,,,,,,,,,,,,128.97223,7.794604,1.0000001e-07,128.97223,7.794604,7.0,,,,,,,
128.97223,7.7346454,0.06575934,128.97223,7.7346454,0.061311916,,,,,,,,,,,,,,,,,,,,,,,,,,,,,,,,,,,,,,,,,,,,,,,,,,,,,,,,,,,,,128.97223,7.7346454,0.35287893,128.97223,7.7346454,0.03919873,,,,,,,,,,,,,,,,,128.97223,7.824583,0.04272185,128.97223,7.824583,-0.02118814,,,,,,,,,,,,,,,,,,,,,,,,,,,,,128.97223,7.824583,1.0000001e-07,128.97223,7.824583,7.0,,,,,,,
128.97223,7.7646246,0.06629481,128.97223,7.7646246,0.060761563,,,,,,,,,,,,,,,,,,,,,,,,,,,,,,,,,,,,,,,,,,,,,,,,,,,,,,,,,,,,,128.97223,7.7646246,0.5752692,128.97223,7.7646246,-0.16018383,,,,,,,,,,,,,,,,,128.97223,7.8545623,0.006235561,128.97223,7.8545623,-0.017486228,,,,,,,,,,,,,,,,,,,,,,,,,,,,,128.97223,7.8545623,1.0000001e-07,128.97223,7.8545623,7.0,,,,,,,
128.97223,7.794604,0.0664733,128.97223,7.794604,0.062591106,,,,,,,,,,,,,,,,,,,,,,,,,,,,,,,,,,,,,,,,,,,,,,,,,,,,,,,,,,,,,128.97223,7.794604,0.64925915,128.97223,7.794604,0.5426747,,,,,,,,,,,,,,,,,128.97223,7.8845415,0.031085696,128.97223,7.8845415,0.011501448,,,,,,,,,,,,,,,,,,,,,,,,,,,,,128.97223,7.8845415,1.0000001e-07,128.97223,7.8845415,7.0,,,,,,,
128.97223,7.824583,0.067811996,128.97223,7.824583,0.060032725,,,,,,,,,,,,,,,,,,,,,,,,,,,,,,,,,,,,,,,,,,,,,,,,,,,,,,,,,,,,,128.97223,7.824583,1.0831393,128.97223,7.824583,-0.42297226,,,,,,,,,,,,,,,,,128.97223,7.914521,0.02759489,128.97223,7.914521,-0.019204417,,,,,,,,,,,,,,,,,,,,,,,,,,,,,128.97223,7.914521,1.0000001e-07,128.97223,7.914521,7.0,,,,,,,
128.97223,7.8545623,0.06538747,128.97223,7.8545623,0.060285583,,,,,,,,,,,,,,,,,,,,,,,,,,,,,,,,,,,,,,,,,,,,,,,,,,,,,,,,,,,,,128.97223,7.8545623,0.24724977,128.97223,7.8545623,-0.34193805,,,,,,,,,,,,,,,,,128.97223,7.9445004,0.026281599,128.97223,7.9445004,0.00035944083,,,,,,,,,,,,,,,,,,,,,,,,,,,,,128.97223,7.9445004,1.0000001e-07,128.97223,7.9445004,7.0,,,,,,,
128.97223,7.8845415,0.06697903,128.97223,7.8845415,0.062234122,,,,,,,,,,,,,,,,,,,,,,,,,,,,,,,,,,,,,,,,,,,,,,,,,,,,,,,,,,,,,128.97223,7.8845415,0.80324775,128.97223,7.8845415,0.40077373,,,,,,,,,,,,,,,,,128.97223,7.9744797,0.054898873,128.97223,7.9744797,-0.0004730011,,,,,,,,,,,,,,,,,,,,,,,,,,,,,128.97223,7.9744797,1.0000001e-07,128.97223,7.9744797,7.0,,,,,,,
128.97223,7.9145207,0.066741034,128.97223,7.9145207,0.060181465,,,,,,,,,,,,,,,,,,,,,,,,,,,,,,,,,,,,,,,,,,,,,,,,,,,,,,,,,,,,,128.97223,7.9145207,0.7028192,128.97223,7.9145207,-0.37918124,,,,,,,,,,,,,,,,,128.97223,8.004458,0.018591449,128.97223,8.004458,-0.036242273,,,,,,,,,,,,,,,,,,,,,,,,,,,,,128.97223,8.004458,1.0000001e-07,128.97223,8.004458,7.0,,,,,,,
128.97223,7.9445,0.06665179,128.97223,7.9445,0.06141603,,,,,,,,,,,,,,,,,,,,,,,,,,,,,,,,,,,,,,,,,,,,,,,,,,,,,,,,,,,,,128.97223,7.9445,0.70910853,128.97223,7.9445,0.04122534,,,,,,,,,,,,,,,,,128.97223,8.034438,0.0278899,128.97223,8.034438,-0.010132008,,,,,,,,,,,,,,,,,,,,,,,,,,,,,128.97223,8.034438,1.0000001e-07,128.97223,8.034438,7.0,,,,,,,
128.97223,7.974479,0.06845158,128.97223,7.974479,0.06146066,,,,,,,,,,,,,,,,,,,,,,,,,,,,,,,,,,,,,,,,,,,,,,,,,,,,,,,,,,,,,128.97223,7.974479,1.3227133,128.97223,7.974479,0.11800393,,,,,,,,,,,,,,,,,128.97223,8.064417,0.019984612,128.97223,8.064417,-0.007504078,,,,,,,,,,,,,,,,,,,,,,,,,,,,,128.97223,8.064417,1.0000001e-07,128.97223,8.064417,7.0,,,,,,,
128.97223,8.004458,0.066131204,128.97223,8.004458,0.059184883,,,,,,,,,,,,,,,,,,,,,,,,,,,,,,,,,,,,,,,,,,,,,,,,,,,,,,,,,,,,,128.97223,8.004458,0.5050956,128.97223,8.004458,-0.7655943,,,,,,,,,,,,,,,,,128.97223,8.094397,0.0068157325,128.97223,8.094397,0.019310221,,,,,,,,,,,,,,,,,,,,,,,,,,,,,128.97223,8.094397,1.0000001e-07,128.97223,8.094397,7.0,,,,,,,
128.97223,8.034438,0.066770785,128.97223,8.034438,0.060746685,,,,,,,,,,,,,,,,,,,,,,,,,,,,,,,,,,,,,,,,,,,,,,,,,,,,,,,,,,,,,128.97223,8.034438,0.719543,128.97223,8.034438,-0.1766018,,,,,,,,,,,,,,,,,128.97223,8.124375,0.017412214,128.97223,8.124375,-0.014248222,,,,,,,,,,,,,,,,,,,,,,,,,,,,,128.97223,8.124375,1.0000001e-07,128.97223,8.124375,7.0,,,,,,,
128.97223,8.064417,0.06617582,128.97223,8.064417,0.0610293,,,,,,,,,,,,,,,,,,,,,,,,,,,,,,,,,,,,,,,,,,,,,,,,,,,,,,,,,,,,,128.97223,8.064417,0.49507433,128.97223,8.064417,-0.0828596,,,,,,,,,,,,,,,,,128.97223,8.154355,0.017898517,128.97223,8.154355,-0.008959555,,,,,,,,,,,,,,,,,,,,,,,,,,,,,128.97223,8.154355,1.0000001e-07,128.97223,8.154355,7.0,,,,,,,
128.97223,8.094397,0.06544697,128.97223,8.094397,0.06266548,,,,,,,,,,,,,,,,,,,,,,,,,,,,,,,,,,,,,,,,,,,,,,,,,,,,,,,,,,,,,128.97223,8.094397,0.25657701,128.97223,8.094397,0.5101334,,,,,,,,,,,,,,,,,128.97223,8.184334,-0.005137035,128.97223,8.184334,-0.007226669,,,,,,,,,,,,,,,,,,,,,,,,,,,,,128.97223,8.184334,1.0000001e-07,128.97223,8.184334,7.0,,,,,,,
128.97223,8.124375,0.066012196,128.97223,8.124375,0.060523577,,,,,,,,,,,,,,,,,,,,,,,,,,,,,,,,,,,,,,,,,,,,,,,,,,,,,,,,,,,,,128.97223,8.124375,0.48196453,128.97223,8.124375,-0.2557565,,,,,,,,,,,,,,,,,128.97223,8.2143135,0.024035826,128.97223,8.2143135,0.012871524,,,,,,,,,,,,,,,,,,,,,,,,,,,,,128.97223,8.2143135,1.0000001e-07,128.97223,8.2143135,7.0,,,,,,,
128.97223,8.154355,0.06604195,128.97223,8.154355,0.060850814,,,,,,,,,,,,,,,,,,,,,,,,,,,,,,,,,,,,,,,,,,,,,,,,,,,,,,,,,,,,,128.97223,8.154355,0.4808988,128.97223,8.154355,-0.16388938,,,,,,,,,,,,,,,,,128.97223,8.244292,0.0035238033,128.97223,8.244292,-0.0020610036,,,,,,,,,,,,,,,,,,,,,,,,,,,,,128.97223,8.244292,1.0000001e-07,128.97223,8.244292,7.0,,,,,,,
128.97223,8.184334,0.06458426,128.97223,8.184334,0.06101443,,,,,,,,,,,,,,,,,,,,,,,,,,,,,,,,,,,,,,,,,,,,,,,,,,,,,,,,,,,,,128.97223,8.184334,-0.044264328,128.97223,8.184334,-0.06105301,,,,,,,,,,,,,,,,,128.97223,8.274272,0.019188002,128.97223,8.274272,0.0032257321,,,,,,,,,,,,,,,,,,,,,,,,,,,,,128.97223,8.274272,1.0000001e-07,128.97223,8.274272,7.0,,,,,,,
128.97223,8.2143135,0.066398926,128.97223,8.2143135,0.06215975,,,,,,,,,,,,,,,,,,,,,,,,,,,,,,,,,,,,,,,,,,,,,,,,,,,,,,,,,,,,,128.97223,8.2143135,0.6100652,128.97223,8.2143135,0.33888912,,,,,,,,,,,,,,,,,128.97223,8.304251,0.039818577,128.97223,8.304251,-0.0047999285,,,,,,,,,,,,,,,,,,,,,,,,,,,,,128.97223,8.304251,1.0000001e-07,128.97223,8.304251,7.0,,,,,,,
128.97223,8.244292,0.065134615,128.97223,8.244292,0.061282173,,,,,,,,,,,,,,,,,,,,,,,,,,,,,,,,,,,,,,,,,,,,,,,,,,,,,,,,,,,,,128.97223,8.244292,0.15398198,128.97223,8.244292,0.026085667,,,,,,,,,,,,,,,,,128.97223,8.33423,-0.0013642567,128.97223,8.33423,-0.010402493,,,,,,,,,,,,,,,,,,,,,,,,,,,,,128.97223,8.33423,1.0000001e-07,128.97223,8.33423,7.0,,,,,,,
128.97223,8.274272,0.06604195,128.97223,8.274272,0.061654024,,,,,,,,,,,,,,,,,,,,,,,,,,,,,,,,,,,,,,,,,,,,,,,,,,,,,,,,,,,,,128.97223,8.274272,0.47352982,128.97223,8.274272,0.16949514,,,,,,,,,,,,,,,,,128.97223,8.36421,0.049614444,128.97223,8.36421,0.0012107372,,,,,,,,,,,,,,,,,,,,,,,,,,,,,128.97223,8.36421,1.0000001e-07,128.97223,8.36421,7.0,,,,,,,
128.97223,8.304251,0.067306265,128.97223,8.304251,0.0611483,,,,,,,,,,,,,,,,,,,,,,,,,,,,,,,,,,,,,,,,,,,,,,,,,,,,,,,,,,,,,128.97223,8.304251,0.92436546,128.97223,8.304251,-0.07289513,,,,,,,,,,,,,,,,,128.97223,8.394189,0.024211116,128.97223,8.394189,-0.0013539017,,,,,,,,,,,,,,,,,,,,,,,,,,,,,128.97223,8.394189,1.0000001e-07,128.97223,8.394189,7.0,,,,,,,
128.97223,8.33423,0.06488175,128.97223,8.33423,0.060850814,,,,,,,,,,,,,,,,,,,,,,,,,,,,,,,,,,,,,,,,,,,,,,,,,,,,,,,,,,,,,128.97223,8.33423,0.07753585,128.97223,8.33423,-0.10595154,,,,,,,,,,,,,,,,,128.97223,8.424169,0.023804279,128.97223,8.424169,-0.0015226515,,,,,,,,,,,,,,,,,,,,,,,,,,,,,128.97223,8.424169,1.0000001e-07,128.97223,8.424169,7.0,,,,,,,
128.97223,8.364209,0.06779712,128.97223,8.364209,0.06144578,,,,,,,,,,,,,,,,,,,,,,,,,,,,,,,,,,,,,,,,,,,,,,,,,,,,,,,,,,,,,128.97223,8.364209,1.1044612,128.97223,8.364209,0.03463258,,,,,,,,,,,,,,,,,128.97223,8.454147,0.015094434,128.97223,8.454147,-0.001391939,,,,,,,,,,,,,,,,,,,,,,,,,,,,,128.97223,8.454147,1.0000001e-07,128.97223,8.454147,7.0,,,,,,,
128.97223,8.394189,0.066354305,128.97223,8.394189,0.06129704,,,,,,,,,,,,,,,,,,,,,,,,,,,,,,,,,,,,,,,,,,,,,,,,,,,,,,,,,,,,,128.97223,8.394189,0.5843898,128.97223,8.394189,0.031498875,,,,,,,,,,,,,,,,,128.97223,8.484127,0.005780646,128.97223,8.484127,-0.00816934,,,,,,,,,,,,,,,,,,,,,,,,,,,,,128.97223,8.484127,1.0000001e-07,128.97223,8.484127,7.0,,,,,,,
128.97223,8.424168,0.06632456,128.97223,8.424168,0.061386295,,,,,,,,,,,,,,,,,,,,,,,,,,,,,,,,,,,,,,,,,,,,,,,,,,,,,,,,,,,,,128.97223,8.424168,0.5985738,128.97223,8.424168,0.040061027,,,,,,,,,,,,,,,,,128.97223,8.514106,0.012438623,128.97223,8.514106,0.008868446,,,,,,,,,,,,,,,,,,,,,,,,,,,,,128.97223,8.514106,1.0000001e-07,128.97223,8.514106,7.0,,,,,,,
128.97223,8.454147,0.06581883,128.97223,8.454147,0.06138628,,,,,,,,,,,,,,,,,,,,,,,,,,,,,,,,,,,,,,,,,,,,,,,,,,,,,,,,,,,,,128.97223,8.454147,0.3811828,128.97223,8.454147,0.10097648,,,,,,,,,,,,,,,,,128.97223,8.5440855,0.012255253,128.97223,8.5440855,0.02702145,,,,,,,,,,,,,,,,,,,,,,,,,,,,,128.97223,8.5440855,1.0000001e-07,128.97223,8.5440855,7.0,,,,,,,
128.97223,8.484126,0.06529823,128.97223,8.484126,0.061073925,,,,,,,,,,,,,,,,,,,,,,,,,,,,,,,,,,,,,,,,,,,,,,,,,,,,,,,,,,,,,128.97223,8.484126,0.19106048,128.97223,8.484126,-0.066455394,,,,,,,,,,,,,,,,,128.97223,8.574064,0.033790722,128.97223,8.574064,0.0057689035,,,,,,,,,,,,,,,,,,,,,,,,,,,,,128.97223,8.574064,1.0000001e-07,128.97223,8.574064,7.0,,,,,,,
128.97223,8.514106,0.06565521,128.97223,8.514106,0.061892014,,,,,,,,,,,,,,,,,,,,,,,,,,,,,,,,,,,,,,,,,,,,,,,,,,,,,,,,,,,,,128.97223,8.514106,0.3146576,128.97223,8.514106,0.2725782,,,,,,,,,,,,,,,,,128.97223,8.604044,0.022642491,128.97223,8.604044,-0.0032930085,,,,,,,,,,,,,,,,,,,,,,,,,,,,,128.97223,8.604044,1.0000001e-07,128.97223,8.604044,7.0,,,,,,,
128.97223,8.5440855,0.06558084,128.97223,8.5440855,0.062933214,,,,,,,,,,,,,,,,,,,,,,,,,,,,,,,,,,,,,,,,,,,,,,,,,,,,,,,,,,,,,128.97223,8.5440855,0.32136893,128.97223,8.5440855,0.5979952,,,,,,,,,,,,,,,,,128.97223,8.634023,-0.028272523,128.97223,8.634023,-0.012553496,,,,,,,,,,,,,,,,,,,,,,,,,,,,,128.97223,8.634023,1.0000001e-07,128.97223,8.634023,7.0,,,,,,,
128.97223,8.574064,0.066785656,128.97223,8.574064,0.06169865,,,,,,,,,,,,,,,,,,,,,,,,,,,,,,,,,,,,,,,,,,,,,,,,,,,,,,,,,,,,,128.97223,8.574064,0.72506905,128.97223,8.574064,0.15293404,,,,,,,,,,,,,,,,,128.97223,8.664002,0.01271715,128.97223,8.664002,0.0061649233,,,,,,,,,,,,,,,,,,,,,,,,,,,,,128.97223,8.664002,1.0000001e-07,128.97223,8.664002,7.0,,,,,,,
128.97223,8.604044,0.06619069,128.97223,8.604044,0.061311916,,,,,,,,,,,,,,,,,,,,,,,,,,,,,,,,,,,,,,,,,,,,,,,,,,,,,,,,,,,,,128.97223,8.604044,0.4950589,128.97223,8.604044,0.039553244,,,,,,,,,,,,,,,,,128.97223,8.693981,0.016356893,128.97223,8.693981,0.027219864,,,,,,,,,,,,,,,,,,,,,,,,,,,,,128.97223,8.693981,1.0000001e-07,128.97223,8.693981,7.0,,,,,,,
128.97223,8.634023,0.063379444,128.97223,8.634023,0.060761563,,,,,,,,,,,,,,,,,,,,,,,,,,,,,,,,,,,,,,,,,,,,,,,,,,,,,,,,,,,,,128.97223,8.634023,-0.45566326,128.97223,8.634023,-0.14055225,,,,,,,,,,,,,,,,,128.97223,8.723961,0.0170728,128.97223,8.723961,-0.01614669,,,,,,,,,,,,,,,,,,,,,,,,,,,,,128.97223,8.723961,1.0000001e-07,128.97223,8.723961,7.0,,,,,,,
128.97223,8.664002,0.0654916,128.97223,8.664002,0.061758146,,,,,,,,,,,,,,,,,,,,,,,,,,,,,,,,,,,,,,,,,,,,,,,,,,,,,,,,,,,,,128.97223,8.664002,0.2953152,128.97223,8.664002,0.20645161,,,,,,,,,,,,,,,,,128.97223,8.75394,0.0033489475,128.97223,8.75394,0.018786589,,,,,,,,,,,,,,,,,,,,,,,,,,,,,128.97223,8.75394,1.0000001e-07,128.97223,8.75394,7.0,,,,,,,
128.97223,8.693981,0.065878324,128.97223,8.693981,0.062903464,,,,,,,,,,,,,,,,,,,,,,,,,,,,,,,,,,,,,,,,,,,,,,,,,,,,,,,,,,,,,128.97223,8.693981,0.40011716,128.97223,8.693981,0.6206,,,,,,,,,,,,,,,,,128.97223,8.783919,0.02503078,128.97223,8.783919,-0.026843553,,,,,,,,,,,,,,,,,,,,,,,,,,,,,128.97223,8.783919,1.0000001e-07,128.97223,8.783919,7.0,,,,,,,
128.97223,8.723961,0.06580395,128.97223,8.723961,0.060538452,,,,,,,,,,,,,,,,,,,,,,,,,,,,,,,,,,,,,,,,,,,,,,,,,,,,,,,,,,,,,128.97223,8.723961,0.3853674,128.97223,8.723961,-0.2081813,,,,,,,,,,,,,,,,,128.97223,8.813898,0.027785705,128.97223,8.813898,0.003115151,,,,,,,,,,,,,,,,,,,,,,,,,,,,,128.97223,8.813898,1.0000001e-07,128.97223,8.813898,7.0,,,,,,,
128.97223,8.75394,0.06507512,128.97223,8.75394,0.062382862,,,,,,,,,,,,,,,,,,,,,,,,,,,,,,,,,,,,,,,,,,,,,,,,,,,,,,,,,,,,,128.97223,8.75394,0.14429611,128.97223,8.75394,0.46096304,,,,,,,,,,,,,,,,,128.97223,8.843878,0.030683704,128.97223,8.843878,0.017412752,,,,,,,,,,,,,,,,,,,,,,,,,,,,,128.97223,8.843878,1.0000001e-07,128.97223,8.843878,7.0,,,,,,,
128.97223,8.783919,0.06623531,128.97223,8.783919,0.06001785,,,,,,,,,,,,,,,,,,,,,,,,,,,,,,,,,,,,,,,,,,,,,,,,,,,,,,,,,,,,,128.97223,8.783919,0.5543521,128.97223,8.783919,-0.47073078,,,,,,,,,,,,,,,,,128.97223,8.873857,-0.017936176,128.97223,8.873857,-0.0027877002,,,,,,,,,,,,,,,,,,,,,,,,,,,,,128.97223,8.873857,1.0000001e-07,128.97223,8.873857,7.0,,,,,,,
128.97223,8.813898,0.066324554,128.97223,8.813898,0.061549902,,,,,,,,,,,,,,,,,,,,,,,,,,,,,,,,,,,,,,,,,,,,,,,,,,,,,,,,,,,,,128.97223,8.813898,0.5590665,128.97223,8.813898,0.13433531,,,,,,,,,,,,,,,,,128.97223,8.903836,-0.012849384,128.97223,8.903836,0.0041411403,,,,,,,,,,,,,,,,,,,,,,,,,,,,,128.97223,8.903836,1.0000001e-07,128.97223,8.903836,7.0,,,,,,,
128.97223,8.843878,0.0664733,128.97223,8.843878,0.06236799,,,,,,,,,,,,,,,,,,,,,,,,,,,,,,,,,,,,,,,,,,,,,,,,,,,,,,,,,,,,,128.97223,8.843878,0.603634,128.97223,8.843878,0.3753572,,,,,,,,,,,,,,,,,128.97223,8.933815,-0.01389767,128.97223,8.933815,-0.030897293,,,,,,,,,,,,,,,,,,,,,,,,,,,,,128.97223,8.933815,1.0000001e-07,128.97223,8.933815,7.0,,,,,,,
128.97223,8.873857,0.06395955,128.97223,8.873857,0.06131192,,,,,,,,,,,,,,,,,,,,,,,,,,,,,,,,,,,,,,,,,,,,,,,,,,,,,,,,,,,,,128.97223,8.873857,-0.24691105,128.97223,8.873857,0.044582225,,,,,,,,,,,,,,,,,128.97223,8.963795,0.008350594,128.97223,8.963795,-0.010724638,,,,,,,,,,,,,,,,,,,,,,,,,,,,,128.97223,8.963795,1.0000001e-07,128.97223,8.963795,7.0,,,,,,,
128.97223,8.903836,0.064227276,128.97223,8.903836,0.06157966,,,,,,,,,,,,,,,,,,,,,,,,,,,,,,,,,,,,,,,,,,,,,,,,,,,,,,,,,,,,,128.97223,8.903836,-0.17788704,128.97223,8.903836,0.15616736,,,,,,,,,,,,,,,,,128.97223,8.993773,0.03536648,128.97223,8.993773,-0.0009429778,,,,,,,,,,,,,,,,,,,,,,,,,,,,,128.97223,8.993773,1.0000001e-07,128.97223,8.993773,7.0,,,,,,,
128.97223,8.933815,0.06419753,128.97223,8.933815,0.05979473,,,,,,,,,,,,,,,,,,,,,,,,,,,,,,,,,,,,,,,,,,,,,,,,,,,,,,,,,,,,,128.97223,8.933815,-0.17935893,128.97223,8.933815,-0.5201909,,,,,,,,,,,,,,,,,128.97223,9.023753,0.05378582,128.97223,9.023753,0.004447915,,,,,,,,,,,,,,,,,,,,,,,,,,,,,128.97223,9.023753,1.0000001e-07,128.97223,9.023753,7.0,,,,,,,
128.97223,8.963795,0.0653726,128.97223,8.963795,0.060821056,,,,,,,,,,,,,,,,,,,,,,,,,,,,,,,,,,,,,,,,,,,,,,,,,,,,,,,,,,,,,128.97223,8.963795,0.24289966,128.97223,8.963795,-0.13133465,,,,,,,,,,,,,,,,,128.97223,9.053732,-0.013375489,128.97223,9.053732,-0.026085777,,,,,,,,,,,,,,,,,,,,,,,,,,,,,128.97223,9.053732,1.0000001e-07,128.97223,9.053732,7.0,,,,,,,
128.97223,8.993773,0.06666666,128.97223,8.993773,0.061371412,,,,,,,,,,,,,,,,,,,,,,,,,,,,,,,,,,,,,,,,,,,,,,,,,,,,,,,,,,,,,128.97223,8.993773,0.7104299,128.97223,8.993773,0.07238882,,,,,,,,,,,,,,,,,128.97223,9.083712,0.0065941433,128.97223,9.083712,-0.004551472,,,,,,,,,,,,,,,,,,,,,,,,,,,,,128.97223,9.083712,1.0000001e-07,128.97223,9.083712,7.0,,,,,,,
128.97223,9.023753,0.06754425,128.97223,9.023753,0.061609402,,,,,,,,,,,,,,,,,,,,,,,,,,,,,,,,,,,,,,,,,,,,,,,,,,,,,,,,,,,,,128.97223,9.023753,1.0245007,128.97223,9.023753,0.13542458,,,,,,,,,,,,,,,,,128.97223,9.11369,0.008017449,128.97223,9.11369,0.016520295,,,,,,,,,,,,,,,,,,,,,,,,,,,,,128.97223,9.11369,1.0000001e-07,128.97223,9.11369,7.0,,,,,,,
128.97223,9.053732,0.06421241,128.97223,9.053732,0.060092226,,,,,,,,,,,,,,,,,,,,,,,,,,,,,,,,,,,,,,,,,,,,,,,,,,,,,,,,,,,,,128.97223,9.053732,-0.1820347,128.97223,9.053732,-0.37936085,,,,,,,,,,,,,,,,,128.97223,9.14367,0.016373983,128.97223,9.14367,-0.016217446,,,,,,,,,,,,,,,,,,,,,,,,,,,,,128.97223,9.14367,1.0000001e-07,128.97223,9.14367,7.0,,,,,,,
128.97223,9.083712,0.06519411,128.97223,9.083712,0.061133426,,,,,,,,,,,,,,,,,,,,,,,,,,,,,,,,,,,,,,,,,,,,,,,,,,,,,,,,,,,,,128.97223,9.083712,0.173389,128.97223,9.083712,-0.044778325,,,,,,,,,,,,,,,,,128.97223,9.17365,0.036096502,128.97223,9.17365,0.01824863,,,,,,,,,,,,,,,,,,,,,,,,,,,,,128.97223,9.17365,1.0000001e-07,128.97223,9.17365,7.0,,,,,,,
128.97223,9.11369,0.06535772,128.97223,9.11369,0.062219243,,,,,,,,,,,,,,,,,,,,,,,,,,,,,,,,,,,,,,,,,,,,,,,,,,,,,,,,,,,,,128.97223,9.11369,0.24075338,128.97223,9.11369,0.3787516,,,,,,,,,,,,,,,,,128.97223,9.203629,0.039240286,128.97223,9.203629,-0.029817978,,,,,,,,,,,,,,,,,,,,,,,,,,,,,128.97223,9.203629,1.0000001e-07,128.97223,9.203629,7.0,,,,,,,
128.97223,9.14367,0.06569984,128.97223,9.14367,0.060612816,,,,,,,,,,,,,,,,,,,,,,,,,,,,,,,,,,,,,,,,,,,,,,,,,,,,,,,,,,,,,128.97223,9.14367,0.35141456,128.97223,9.14367,-0.24568947,,,,,,,,,,,,,,,,,128.97223,9.233608,0.014433082,128.97223,9.233608,0.0025340687,,,,,,,,,,,,,,,,,,,,,,,,,,,,,128.97223,9.233608,1.0000001e-07,128.97223,9.233608,7.0,,,,,,,
128.97223,9.173649,0.06660717,128.97223,9.173649,0.062293623,,,,,,,,,,,,,,,,,,,,,,,,,,,,,,,,,,,,,,,,,,,,,,,,,,,,,,,,,,,,,128.97223,9.173649,0.6601658,128.97223,9.173649,0.34496915,,,,,,,,,,,,,,,,,128.97223,9.263587,0.04464274,128.97223,9.263587,0.027471904,,,,,,,,,,,,,,,,,,,,,,,,,,,,,128.97223,9.263587,1.0000001e-07,128.97223,9.263587,7.0,,,,,,,
128.97223,9.203629,0.06681541,128.97223,9.203629,0.059973225,,,,,,,,,,,,,,,,,,,,,,,,,,,,,,,,,,,,,,,,,,,,,,,,,,,,,,,,,,,,,128.97223,9.203629,0.7637738,128.97223,9.203629,-0.5035216,,,,,,,,,,,,,,,,,128.97223,9.293567,0.03401572,128.97223,9.293567,0.0057653934,,,,,,,,,,,,,,,,,,,,,,,,,,,,,128.97223,9.293567,1.0000001e-07,128.97223,9.293567,7.0,,,,,,,
128.97223,9.233607,0.06556597,128.97223,9.233607,0.06149041,,,,,,,,,,,,,,,,,,,,,,,,,,,,,,,,,,,,,,,,,,,,,,,,,,,,,,,,,,,,,128.97223,9.233607,0.3191562,128.97223,9.233607,0.13762498,,,,,,,,,,,,,,,,,128.97223,9.323545,-0.0091987215,128.97223,9.323545,0.0032980521,,,,,,,,,,,,,,,,,,,,,,,,,,,,,128.97223,9.323545,1.0000001e-07,128.97223,9.323545,7.0,,,,,,,
128.97223,9.263587,0.06703853,128.97223,9.263587,0.06268035,,,,,,,,,,,,,,,,,,,,,,,,,,,,,,,,,,,,,,,,,,,,,,,,,,,,,,,,,,,,,128.97223,9.263587,0.8179347,128.97223,9.263587,0.5241475,,,,,,,,,,,,,,,,,128.97223,9.353525,0.03439887,128.97223,9.353525,-0.048668817,,,,,,,,,,,,,,,,,,,,,,,,,,,,,128.97223,9.353525,1.0000001e-07,128.97223,9.353525,7.0,,,,,,,
128.97223,9.293566,0.0664733,128.97223,9.293566,0.061609402,,,,,,,,,,,,,,,,,,,,,,,,,,,,,,,,,,,,,,,,,,,,,,,,,,,,,,,,,,,,,128.97223,9.293566,0.6316111,128.97223,9.293566,0.17345707,,,,,,,,,,,,,,,,,128.97223,9.383504,0.022650693,128.97223,9.383504,-0.031757757,,,,,,,,,,,,,,,,,,,,,,,,,,,,,128.97223,9.383504,1.0000001e-07,128.97223,9.383504,7.0,,,,,,,
128.97223,9.323545,0.06448015,128.97223,9.323545,0.061594527,,,,,,,,,,,,,,,,,,,,,,,,,,,,,,,,,,,,,,,,,,,,,,,,,,,,,,,,,,,,,128.97223,9.323545,-0.055847764,128.97223,9.323545,0.15111542,,,,,,,,,,,,,,,,,128.97223,9.413484,-0.023801714,128.97223,9.413484,-0.012105786,,,,,,,,,,,,,,,,,,,,,,,,,,,,,128.97223,9.413484,1.0000001e-07,128.97223,9.413484,7.0,,,,,,,
128.97223,9.353524,0.06644355,128.97223,9.353524,0.059065893,,,,,,,,,,,,,,,,,,,,,,,,,,,,,,,,,,,,,,,,,,,,,,,,,,,,,,,,,,,,,128.97223,9.353524,0.6227634,128.97223,9.353524,-0.77608114,,,,,,,,,,,,,,,,,128.97223,9.443462,0.040741213,128.97223,9.443462,-0.018188097,,,,,,,,,,,,,,,,,,,,,,,,,,,,,128.97223,9.443462,1.0000001e-07,128.97223,9.443462,7.0,,,,,,,
128.97223,9.383504,0.065937825,128.97223,9.383504,0.060002975,,,,,,,,,,,,,,,,,,,,,,,,,,,,,,,,,,,,,,,,,,,,,,,,,,,,,,,,,,,,,128.97223,9.383504,0.42145854,128.97223,9.383504,-0.42171156,,,,,,,,,,,,,,,,,128.97223,9.473442,-0.021796012,128.97223,9.473442,-0.018413514,,,,,,,,,,,,,,,,,,,,,,,,,,,,,128.97223,9.473442,1.0000001e-07,128.97223,9.473442,7.0,,,,,,,
128.97223,9.413484,0.063810796,128.97223,9.413484,0.060850814,,,,,,,,,,,,,,,,,,,,,,,,,,,,,,,,,,,,,,,,,,,,,,,,,,,,,,,,,,,,,128.97223,9.413484,-0.3095265,128.97223,9.413484,-0.12634036,,,,,,,,,,,,,,,,,128.97223,9.503421,0.04822366,128.97223,9.503421,0.024386333,,,,,,,,,,,,,,,,,,,,,,,,,,,,,128.97223,9.503421,1.0000001e-07,128.97223,9.503421,7.0,,,,,,,
128.97223,9.443462,0.066741034,128.97223,9.443462,0.0606277,,,,,,,,,,,,,,,,,,,,,,,,,,,,,,,,,,,,,,,,,,,,,,,,,,,,,,,,,,,,,128.97223,9.443462,0.71994126,128.97223,9.443462,-0.19628389,,,,,,,,,,,,,,,,,128.97223,9.533401,0.029447798,128.97223,9.533401,0.0138238575,,,,,,,,,,,,,,,,,,,,,,,,,,,,,128.97223,9.533401,1.0000001e-07,128.97223,9.533401,7.0,,,,,,,
128.97223,9.473442,0.06395955,128.97223,9.473442,0.060538445,,,,,,,,,,,,,,,,,,,,,,,,,,,,,,,,,,,,,,,,,,,,,,,,,,,,,,,,,,,,,128.97223,9.473442,-0.24447696,128.97223,9.473442,-0.21491925,,,,,,,,,,,,,,,,,128.97223,9.563379,0.003890401,128.97223,9.563379,-0.016812103,,,,,,,,,,,,,,,,,,,,,,,,,,,,,128.97223,9.563379,1.0000001e-07,128.97223,9.563379,7.0,,,,,,,
128.97223,9.503421,0.06703853,128.97223,9.503421,0.06250186,,,,,,,,,,,,,,,,,,,,,,,,,,,,,,,,,,,,,,,,,,,,,,,,,,,,,,,,,,,,,128.97223,9.503421,0.8204695,128.97223,9.503421,0.4677532,,,,,,,,,,,,,,,,,128.97223,9.593359,0.025412273,128.97223,9.593359,-0.009266355,,,,,,,,,,,,,,,,,,,,,,,,,,,,,128.97223,9.593359,1.0000001e-07,128.97223,9.593359,7.0,,,,,,,
128.97223,9.533401,0.06622043,128.97223,9.533401,0.06196638,,,,,,,,,,,,,,,,,,,,,,,,,,,,,,,,,,,,,,,,,,,,,,,,,,,,,,,,,,,,,128.97223,9.533401,0.52285284,128.97223,9.533401,0.25332516,,,,,,,,,,,,,,,,,128.97223,9.623338,-0.041718565,128.97223,9.623338,-0.0059212297,,,,,,,,,,,,,,,,,,,,,,,,,,,,,128.97223,9.623338,1.0000001e-07,128.97223,9.623338,7.0,,,,,,,
128.97223,9.563379,0.064971,128.97223,9.563379,0.060612824,,,,,,,,,,,,,,,,,,,,,,,,,,,,,,,,,,,,,,,,,,,,,,,,,,,,,,,,,,,,,128.97223,9.563379,0.11678587,128.97223,9.563379,-0.24554078,,,,,,,,,,,,,,,,,128.97223,9.653317,0.01916743,128.97223,9.653317,-0.018577164,,,,,,,,,,,,,,,,,,,,,,,,,,,,,128.97223,9.653317,1.0000001e-07,128.97223,9.653317,7.0,,,,,,,
128.97223,9.593359,0.0659527,128.97223,9.593359,0.060999554,,,,,,,,,,,,,,,,,,,,,,,,,,,,,,,,,,,,,,,,,,,,,,,,,,,,,,,,,,,,,128.97223,9.593359,0.44494608,128.97223,9.593359,-0.040138934,,,,,,,,,,,,,,,,,128.97223,9.683296,-0.02370876,128.97223,9.683296,-0.019651381,,,,,,,,,,,,,,,,,,,,,,,,,,,,,128.97223,9.683296,1.0000001e-07,128.97223,9.683296,7.0,,,,,,,
128.97223,9.623338,0.062992714,128.97223,9.623338,0.061163172,,,,,,,,,,,,,,,,,,,,,,,,,,,,,,,,,,,,,,,,,,,,,,,,,,,,,,,,,,,,,128.97223,9.623338,-0.58935905,128.97223,9.623338,-0.06160651,,,,,,,,,,,,,,,,,128.97223,9.713276,0.040268406,128.97223,9.713276,0.008913933,,,,,,,,,,,,,,,,,,,,,,,,,,,,,128.97223,9.713276,1.0000001e-07,128.97223,9.713276,7.0,,,,,,,
128.97223,9.653317,0.06568496,128.97223,9.653317,0.060583074,,,,,,,,,,,,,,,,,,,,,,,,,,,,,,,,,,,,,,,,,,,,,,,,,,,,,,,,,,,,,128.97223,9.653317,0.37096018,128.97223,9.653317,-0.2357796,,,,,,,,,,,,,,,,,128.97223,9.743255,0.025261713,128.97223,9.743255,-0.020535965,,,,,,,,,,,,,,,,,,,,,,,,,,,,,128.97223,9.743255,1.0000001e-07,128.97223,9.743255,7.0,,,,,,,
128.97223,9.683296,0.063885175,128.97223,9.683296,0.0605682,,,,,,,,,,,,,,,,,,,,,,,,,,,,,,,,,,,,,,,,,,,,,,,,,,,,,,,,,,,,,128.97223,9.683296,-0.28142262,128.97223,9.683296,-0.24831325,,,,,,,,,,,,,,,,,128.97223,9.773234,0.02112522,128.97223,9.773234,0.016072307,,,,,,,,,,,,,,,,,,,,,,,,,,,,,128.97223,9.773234,1.0000001e-07,128.97223,9.773234,7.0,,,,,,,
128.97223,9.713276,0.06663692,128.97223,9.713276,0.061773017,,,,,,,,,,,,,,,,,,,,,,,,,,,,,,,,,,,,,,,,,,,,,,,,,,,,,,,,,,,,,128.97223,9.713276,0.70361197,128.97223,9.713276,0.22100805,,,,,,,,,,,,,,,,,128.97223,9.803213,0.00067064207,128.97223,9.803213,-0.017538868,,,,,,,,,,,,,,,,,,,,,,,,,,,,,128.97223,9.803213,1.0000001e-07,128.97223,9.803213,7.0,,,,,,,
128.97223,9.743255,0.065922946,128.97223,9.743255,0.060464077,,,,,,,,,,,,,,,,,,,,,,,,,,,,,,,,,,,,,,,,,,,,,,,,,,,,,,,,,,,,,128.97223,9.743255,0.40856856,128.97223,9.743255,-0.25223818,,,,,,,,,,,,,,,,,128.97223,9.833193,0.021857895,128.97223,9.833193,-0.04353632,,,,,,,,,,,,,,,,,,,,,,,,,,,,,128.97223,9.833193,1.0000001e-07,128.97223,9.833193,7.0,,,,,,,
128.97223,9.773234,0.06572959,128.97223,9.773234,0.06205563,,,,,,,,,,,,,,,,,,,,,,,,,,,,,,,,,,,,,,,,,,,,,,,,,,,,,,,,,,,,,128.97223,9.773234,0.38734162,128.97223,9.773234,0.30235976,,,,,,,,,,,,,,,,,128.97223,9.863172,0.043263745,128.97223,9.863172,0.020671535,,,,,,,,,,,,,,,,,,,,,,,,,,,,,128.97223,9.863172,1.0000001e-07,128.97223,9.863172,7.0,,,,,,,
128.97223,9.803213,0.0649115,128.97223,9.803213,0.060672317,,,,,,,,,,,,,,,,,,,,,,,,,,,,,,,,,,,,,,,,,,,,,,,,,,,,,,,,,,,,,128.97223,9.803213,0.067104004,128.97223,9.803213,-0.22041231,,,,,,,,,,,,,,,,,128.97223,9.893151,0.023250239,128.97223,9.893151,0.0403855,,,,,,,,,,,,,,,,,,,,,,,,,,,,,128.97223,9.893151,1.0000001e-07,128.97223,9.893151,7.0,,,,,,,
128.97223,9.833193,0.06581883,128.97223,9.833193,0.059571624,,,,,,,,,,,,,,,,,,,,,,,,,,,,,,,,,,,,,,,,,,,,,,,,,,,,,,,,,,,,,128.97223,9.833193,0.3936109,128.97223,9.833193,-0.59183556,,,,,,,,,,,,,,,,,128.97223,9.92313,-0.02544128,128.97223,9.92313,-0.019940652,,,,,,,,,,,,,,,,,,,,,,,,,,,,,128.97223,9.92313,1.0000001e-07,128.97223,9.92313,7.0,,,,,,,
128.97223,9.863172,0.06666667,128.97223,9.863172,0.062219247,,,,,,,,,,,,,,,,,,,,,,,,,,,,,,,,,,,,,,,,,,,,,,,,,,,,,,,,,,,,,128.97223,9.863172,0.6965432,128.97223,9.863172,0.3602699,,,,,,,,,,,,,,,,,128.97223,9.95311,0.02962174,128.97223,9.95311,0.0043073026,,,,,,,,,,,,,,,,,,,,,,,,,,,,,128.97223,9.95311,1.0000001e-07,128.97223,9.95311,7.0,,,,,,,
128.97223,9.893151,0.065908074,128.97223,9.893151,0.063067086,,,,,,,,,,,,,,,,,,,,,,,,,,,,,,,,,,,,,,,,,,,,,,,,,,,,,,,,,,,,,128.97223,9.893151,0.43491238,128.97223,9.893151,0.7237589,,,,,,,,,,,,,,,,,128.97223,9.9830885,-0.026482306,128.97223,9.9830885,0.036142137,,,,,,,,,,,,,,,,,,,,,,,,,,,,,128.97223,9.9830885,1.0000001e-07,128.97223,9.9830885,7.0,,,,,,,
128.97223,9.92313,0.063795924,128.97223,9.92313,0.060493827,,,,,,,,,,,,,,,,,,,,,,,,,,,,,,,,,,,,,,,,,,,,,,,,,,,,,,,,,,,,,128.97223,9.92313,-0.32300153,128.97223,9.92313,-0.2799193,,,,,,,,,,,,,,,,,128.97223,10.013068,0.057824127,128.97223,10.013068,-0.030961858,,,,,,,,,,,,,,,,,,,,,,,,,,,,,128.97223,10.013068,1.0000001e-07,128.97223,10.013068,7.0,,,,,,,
128.97223,9.95311,0.06610145,128.97223,9.95311,0.061624274,,,,,,,,,,,,,,,,,,,,,,,,,,,,,,,,,,,,,,,,,,,,,,,,,,,,,,,,,,,,,128.97223,9.95311,0.4923209,128.97223,9.95311,0.1415804,,,,,,,,,,,,,,,,,128.97223,10.043048,-0.011779566,128.97223,10.043048,0.03572333,,,,,,,,,,,,,,,,,,,,,,,,,,,,,128.97223,10.043048,1.0000001e-07,128.97223,10.043048,7.0,,,,,,,
128.97223,9.9830885,0.063825674,128.97223,9.9830885,0.06290347,,,,,,,,,,,,,,,,,,,,,,,,,,,,,,,,,,,,,,,,,,,,,,,,,,,,,,,,,,,,,128.97223,9.9830885,-0.31231847,128.97223,9.9830885,0.62157774,,,,,,,,,,,,,,,,,128.97223,10.073027,-0.010983101,128.97223,10.073027,0.03315093,,,,,,,,,,,,,,,,,,,,,,,,,,,,,128.97223,10.073027,1.0000001e-07,128.97223,10.073027,7.0,,,,,,,
128.97223,10.013068,0.06721702,128.97223,10.013068,0.060077343,,,,,,,,,,,,,,,,,,,,,,,,,,,,,,,,,,,,,,,,,,,,,,,,,,,,,,,,,,,,,128.97223,10.013068,0.89430565,128.97223,10.013068,-0.37869588,,,,,,,,,,,,,,,,,128.97223,10.103006,0.0011733244,128.97223,10.103006,0.004488617,,,,,,,,,,,,,,,,,,,,,,,,,,,,,128.97223,10.103006,1.0000001e-07,128.97223,10.103006,7.0,,,,,,,
128.97223,10.043047,0.06436115,128.97223,10.043047,0.06284396,,,,,,,,,,,,,,,,,,,,,,,,,,,,,,,,,,,,,,,,,,,,,,,,,,,,,,,,,,,,,128.97223,10.043047,-0.1308515,128.97223,10.043047,0.609537,,,,,,,,,,,,,,,,,128.97223,10.132985,0.017936055,128.97223,10.132985,-0.018246798,,,,,,,,,,,,,,,,,,,,,,,,,,,,,128.97223,10.132985,1.0000001e-07,128.97223,10.132985,7.0,,,,,,,
128.97223,10.073027,0.06452476,128.97223,10.073027,0.06268035,,,,,,,,,,,,,,,,,,,,,,,,,,,,,,,,,,,,,,,,,,,,,,,,,,,,,,,,,,,,,128.97223,10.073027,-0.06618905,128.97223,10.073027,0.52805835,,,,,,,,,,,,,,,,,128.97223,10.162965,0.021364069,128.97223,10.162965,-0.0441312,,,,,,,,,,,,,,,,,,,,,,,,,,,,,128.97223,10.162965,1.0000001e-07,128.97223,10.162965,7.0,,,,,,,
128.97223,10.103005,0.064971,128.97223,10.103005,0.061564777,,,,,,,,,,,,,,,,,,,,,,,,,,,,,,,,,,,,,,,,,,,,,,,,,,,,,,,,,,,,,128.97223,10.103005,0.09987973,128.97223,10.103005,0.12468868,,,,,,,,,,,,,,,,,128.97223,10.192944,-0.02627859,128.97223,10.192944,-0.025006022,,,,,,,,,,,,,,,,,,,,,,,,,,,,,128.97223,10.192944,1.0000001e-07,128.97223,10.192944,7.0,,,,,,,
128.97223,10.132985,0.065521345,128.97223,10.132985,0.06065745,,,,,,,,,,,,,,,,,,,,,,,,,,,,,,,,,,,,,,,,,,,,,,,,,,,,,,,,,,,,,128.97223,10.132985,0.30693877,128.97223,10.132985,-0.23670223,,,,,,,,,,,,,,,,,128.97223,10.222923,0.07949605,128.97223,10.222923,0.024282904,,,,,,,,,,,,,,,,,,,,,,,,,,,,,128.97223,10.222923,1.0000001e-07,128.97223,10.222923,7.0,,,,,,,
128.97223,10.162964,0.06571471,128.97223,10.162964,0.05961624,,,,,,,,,,,,,,,,,,,,,,,,,,,,,,,,,,,,,,,,,,,,,,,,,,,,,,,,,,,,,128.97223,10.162964,0.3727659,128.97223,10.162964,-0.5879605,,,,,,,,,,,,,,,,,128.97223,10.252902,0.02809759,128.97223,10.252902,-0.020609923,,,,,,,,,,,,,,,,,,,,,,,,,,,,,128.97223,10.252902,1.0000001e-07,128.97223,10.252902,7.0,,,,,,,
128.97223,10.192944,0.063840546,128.97223,10.192944,0.060404584,,,,,,,,,,,,,,,,,,,,,,,,,,,,,,,,,,,,,,,,,,,,,,,,,,,,,,,,,,,,,128.97223,10.192944,-0.3094592,128.97223,10.192944,-0.26725018,,,,,,,,,,,,,,,,,128.97223,10.282882,0.028258933,128.97223,10.282882,-0.042159427,,,,,,,,,,,,,,,,,,,,,,,,,,,,,128.97223,10.282882,1.0000001e-07,128.97223,10.282882,7.0,,,,,,,
128.97223,10.222922,0.06796073,128.97223,10.222922,0.062367994,,,,,,,,,,,,,,,,,,,,,,,,,,,,,,,,,,,,,,,,,,,,,,,,,,,,,,,,,,,,,128.97223,10.222922,1.1351771,128.97223,10.222922,0.4298989,,,,,,,,,,,,,,,,,128.97223,10.3128605,0.016977105,128.97223,10.3128605,-0.0012605605,,,,,,,,,,,,,,,,,,,,,,,,,,,,,128.97223,10.3128605,1.0000001e-07,128.97223,10.3128605,7.0,,,,,,,
128.97223,10.252902,0.065997325,128.97223,10.252902,0.06055332,,,,,,,,,,,,,,,,,,,,,,,,,,,,,,,,,,,,,,,,,,,,,,,,,,,,,,,,,,,,,128.97223,10.252902,0.46448824,128.97223,10.252902,-0.21365185,,,,,,,,,,,,,,,,,128.97223,10.34284,0.043600485,128.97223,10.34284,-0.016300036,,,,,,,,,,,,,,,,,,,,,,,,,,,,,128.97223,10.34284,1.0000001e-07,128.97223,10.34284,7.0,,,,,,,
128.97223,10.282882,0.065967575,128.97223,10.282882,0.059720363,,,,,,,,,,,,,,,,,,,,,,,,,,,,,,,,,,,,,,,,,,,,,,,,,,,,,,,,,,,,,128.97223,10.282882,0.44021606,128.97223,10.282882,-0.5390704,,,,,,,,,,,,,,,,,128.97223,10.372819,0.014419418,128.97223,10.372819,0.02785574,,,,,,,,,,,,,,,,,,,,,,,,,,,,,128.97223,10.372819,1.0000001e-07,128.97223,10.372819,7.0,,,,,,,
128.97223,10.3128605,0.06541723,128.97223,10.3128605,0.061341662,,,,,,,,,,,,,,,,,,,,,,,,,,,,,,,,,,,,,,,,,,,,,,,,,,,,,,,,,,,,,128.97223,10.3128605,0.24645501,128.97223,10.3128605,0.045631427,,,,,,,,,,,,,,,,,128.97223,10.402799,0.025903272,128.97223,10.402799,0.011557945,,,,,,,,,,,,,,,,,,,,,,,,,,,,,128.97223,10.402799,1.0000001e-07,128.97223,10.402799,7.0,,,,,,,
128.97223,10.34284,0.06648818,128.97223,10.34284,0.060761563,,,,,,,,,,,,,,,,,,,,,,,,,,,,,,,,,,,,,,,,,,,,,,,,,,,,,,,,,,,,,128.97223,10.34284,0.6390349,128.97223,10.34284,-0.1870183,,,,,,,,,,,,,,,,,128.97223,10.432777,0.0471317,128.97223,10.432777,0.014512094,,,,,,,,,,,,,,,,,,,,,,,,,,,,,128.97223,10.432777,1.0000001e-07,128.97223,10.432777,7.0,,,,,,,
128.97223,10.372819,0.06538747,128.97223,10.372819,0.062412612,,,,,,,,,,,,,,,,,,,,,,,,,,,,,,,,,,,,,,,,,,,,,,,,,,,,,,,,,,,,,128.97223,10.372819,0.25588393,128.97223,10.372819,0.40744007,,,,,,,,,,,,,,,,,128.97223,10.462757,0.0736657,128.97223,10.462757,-0.01287366,,,,,,,,,,,,,,,,,,,,,,,,,,,,,128.97223,10.462757,1.0000001e-07,128.97223,10.462757,7.0,,,,,,,
128.97223,10.402799,0.065818824,128.97223,10.402799,0.061802763,,,,,,,,,,,,,,,,,,,,,,,,,,,,,,,,,,,,,,,,,,,,,,,,,,,,,,,,,,,,,128.97223,10.402799,0.36994258,128.97223,10.402799,0.20410849,,,,,,,,,,,,,,,,,128.97223,10.492736,0.0055225957,128.97223,10.492736,0.010427267,,,,,,,,,,,,,,,,,,,,,,,,,,,,,128.97223,10.492736,1.0000001e-07,128.97223,10.492736,7.0,,,,,,,
128.97223,10.432777,0.066681534,128.97223,10.432777,0.061862264,,,,,,,,,,,,,,,,,,,,,,,,,,,,,,,,,,,,,,,,,,,,,,,,,,,,,,,,,,,,,128.97223,10.432777,0.7037897,128.97223,10.432777,0.20879164,,,,,,,,,,,,,,,,,128.97223,10.522716,0.040525246,128.97223,10.522716,-0.00044550333,,,,,,,,,,,,,,,,,,,,,,,,,,,,,128.97223,10.522716,1.0000001e-07,128.97223,10.522716,7.0,,,,,,,
128.97223,10.462757,0.06758887,128.97223,10.462757,0.060850807,,,,,,,,,,,,,,,,,,,,,,,,,,,,,,,,,,,,,,,,,,,,,,,,,,,,,,,,,,,,,128.97223,10.462757,1.0140806,128.97223,10.462757,-0.15159604,,,,,,,,,,,,,,,,,128.97223,10.552694,0.046950366,128.97223,10.552694,-0.023855716,,,,,,,,,,,,,,,,,,,,,,,,,,,,,128.97223,10.552694,1.0000001e-07,128.97223,10.552694,7.0,,,,,,,
128.97223,10.492736,0.0650305,128.97223,10.492736,0.061758142,,,,,,,,,,,,,,,,,,,,,,,,,,,,,,,,,,,,,,,,,,,,,,,,,,,,,,,,,,,,,128.97223,10.492736,0.1075174,128.97223,10.492736,0.23546144,,,,,,,,,,,,,,,,,128.97223,10.582674,0.036744393,128.97223,10.582674,0.02905663,,,,,,,,,,,,,,,,,,,,,,,,,,,,,128.97223,10.582674,1.0000001e-07,128.97223,10.582674,7.0,,,,,,,
128.97223,10.522716,0.06627994,128.97223,10.522716,0.061371405,,,,,,,,,,,,,,,,,,,,,,,,,,,,,,,,,,,,,,,,,,,,,,,,,,,,,,,,,,,,,128.97223,10.522716,0.5625727,128.97223,10.522716,0.031594425,,,,,,,,,,,,,,,,,128.97223,10.612653,0.0063379724,128.97223,10.612653,0.005078837,,,,,,,,,,,,,,,,,,,,,,,,,,,,,128.97223,10.612653,1.0000001e-07,128.97223,10.612653,7.0,,,,,,,
128.97223,10.552694,0.06662205,128.97223,10.552694,0.060523577,,,,,,,,,,,,,,,,,,,,,,,,,,,,,,,,,,,,,,,,,,,,,,,,,,,,,,,,,,,,,128.97223,10.552694,0.67753494,128.97223,10.552694,-0.24695158,,,,,,,,,,,,,,,,,128.97223,10.6426325,-0.003673601,128.97223,10.6426325,-0.030025247,,,,,,,,,,,,,,,,,,,,,,,,,,,,,128.97223,10.6426325,1.0000001e-07,128.97223,10.6426325,7.0,,,,,,,
128.97223,10.582674,0.06614607,128.97223,10.582674,0.062472105,,,,,,,,,,,,,,,,,,,,,,,,,,,,,,,,,,,,,,,,,,,,,,,,,,,,,,,,,,,,,128.97223,10.582674,0.5300577,128.97223,10.582674,0.4573271,,,,,,,,,,,,,,,,,128.97223,10.672611,0.043495372,128.97223,10.672611,0.015679019,,,,,,,,,,,,,,,,,,,,,,,,,,,,,128.97223,10.672611,1.0000001e-07,128.97223,10.672611,7.0,,,,,,,
128.97223,10.612653,0.06506024,128.97223,10.612653,0.061579652,,,,,,,,,,,,,,,,,,,,,,,,,,,,,,,,,,,,,,,,,,,,,,,,,,,,,,,,,,,,,128.97223,10.612653,0.14573152,128.97223,10.612653,0.111014836,,,,,,,,,,,,,,,,,128.97223,10.702591,0.011299666,128.97223,10.702591,0.027422331,,,,,,,,,,,,,,,,,,,,,,,,,,,,,128.97223,10.702591,1.0000001e-07,128.97223,10.702591,7.0,,,,,,,
128.97223,10.6426325,0.064658634,128.97223,10.6426325,0.06025584,,,,,,,,,,,,,,,,,,,,,,,,,,,,,,,,,,,,,,,,,,,,,,,,,,,,,,,,,,,,,128.97223,10.6426325,-0.014913638,128.97223,10.6426325,-0.31532064,,,,,,,,,,,,,,,,,128.97223,10.73257,0.04769322,128.97223,10.73257,-0.04845265,,,,,,,,,,,,,,,,,,,,,,,,,,,,,128.97223,10.73257,1.0000001e-07,128.97223,10.73257,7.0,,,,,,,
128.97223,10.672611,0.066443555,128.97223,10.672611,0.06192176,,,,,,,,,,,,,,,,,,,,,,,,,,,,,,,,,,,,,,,,,,,,,,,,,,,,,,,,,,,,,128.97223,10.672611,0.6015928,128.97223,10.672611,0.27591002,,,,,,,,,,,,,,,,,128.97223,10.762549,0.027227918,128.97223,10.762549,-0.011524136,,,,,,,,,,,,,,,,,,,,,,,,,,,,,128.97223,10.762549,1.0000001e-07,128.97223,10.762549,7.0,,,,,,,
128.97223,10.702591,0.06528335,128.97223,10.702591,0.06233824,,,,,,,,,,,,,,,,,,,,,,,,,,,,,,,,,,,,,,,,,,,,,,,,,,,,,,,,,,,,,128.97223,10.702591,0.20651953,128.97223,10.702591,0.40374747,,,,,,,,,,,,,,,,,128.97223,10.792528,0.017048549,128.97223,10.792528,-0.0028116442,,,,,,,,,,,,,,,,,,,,,,,,,,,,,128.97223,10.792528,1.0000001e-07,128.97223,10.792528,7.0,,,,,,,
128.97223,10.73257,0.06651793,128.97223,10.73257,0.05961624,,,,,,,,,,,,,,,,,,,,,,,,,,,,,,,,,,,,,,,,,,,,,,,,,,,,,,,,,,,,,128.97223,10.73257,0.6332372,128.97223,10.73257,-0.60050035,,,,,,,,,,,,,,,,,128.97223,10.822508,0.0074371644,128.97223,10.822508,-0.015742525,,,,,,,,,,,,,,,,,,,,,,,,,,,,,128.97223,10.822508,1.0000001e-07,128.97223,10.822508,7.0,,,,,,,
128.97223,10.762549,0.065848574,128.97223,10.762549,0.060999554,,,,,,,,,,,,,,,,,,,,,,,,,,,,,,,,,,,,,,,,,,,,,,,,,,,,,,,,,,,,,128.97223,10.762549,0.40457845,128.97223,10.762549,-0.08328293,,,,,,,,,,,,,,,,,128.97223,10.852488,0.038034726,128.97223,10.852488,0.006836464,,,,,,,,,,,,,,,,,,,,,,,,,,,,,128.97223,10.852488,1.0000001e-07,128.97223,10.852488,7.0,,,,,,,
128.97223,10.792528,0.06540235,128.97223,10.792528,0.061252423,,,,,,,,,,,,,,,,,,,,,,,,,,,,,,,,,,,,,,,,,,,,,,,,,,,,,,,,,,,,,128.97223,10.792528,0.24789895,128.97223,10.792528,0.004193369,,,,,,,,,,,,,,,,,128.97223,10.882466,0.061385307,128.97223,10.882466,-0.021135263,,,,,,,,,,,,,,,,,,,,,,,,,,,,,128.97223,10.882466,1.0000001e-07,128.97223,10.882466,7.0,,,,,,,
128.97223,10.822508,0.06504537,128.97223,10.822508,0.06080619,,,,,,,,,,,,,,,,,,,,,,,,,,,,,,,,,,,,,,,,,,,,,,,,,,,,,,,,,,,,,128.97223,10.822508,0.10509094,128.97223,10.822508,-0.17293121,,,,,,,,,,,,,,,,,128.97223,10.912446,-0.0050357087,128.97223,10.912446,0.013988689,,,,,,,,,,,,,,,,,,,,,,,,,,,,,128.97223,10.912446,1.0000001e-07,128.97223,10.912446,7.0,,,,,,,
128.97223,10.852487,0.06619069,128.97223,10.852487,0.061549902,,,,,,,,,,,,,,,,,,,,,,,,,,,,,,,,,,,,,,,,,,,,,,,,,,,,,,,,,,,,,128.97223,10.852487,0.52710205,128.97223,10.852487,0.1309225,,,,,,,,,,,,,,,,,128.97223,10.942425,0.0046103094,128.97223,10.942425,0.03186604,,,,,,,,,,,,,,,,,,,,,,,,,,,,,128.97223,10.942425,1.0000001e-07,128.97223,10.942425,7.0,,,,,,,
128.97223,10.882466,0.06696415,128.97223,10.882466,0.06059794,,,,,,,,,,,,,,,,,,,,,,,,,,,,,,,,,,,,,,,,,,,,,,,,,,,,,,,,,,,,,128.97223,10.882466,0.7709934,128.97223,10.882466,-0.21399325,,,,,,,,,,,,,,,,,128.97223,10.9724045,0.023319416,128.97223,10.9724045,0.028095854,,,,,,,,,,,,,,,,,,,,,,,,,,,,,128.97223,10.9724045,1.0000001e-07,128.97223,10.9724045,7.0,,,,,,,
128.97223,10.912445,0.064658634,128.97223,10.912445,0.06181764,,,,,,,,,,,,,,,,,,,,,,,,,,,,,,,,,,,,,,,,,,,,,,,,,,,,,,,,,,,,,128.97223,10.912445,-0.019757416,128.97223,10.912445,0.2144369,,,,,,,,,,,,,,,,,128.97223,11.002383,0.031126134,128.97223,11.002383,0.0019444743,,,,,,,,,,,,,,,,,,,,,,,,,,,,,128.97223,11.002383,1.0000001e-07,128.97223,11.002383,7.0,,,,,,,
128.97223,10.942425,0.06500074,128.97223,10.942425,0.062486988,,,,,,,,,,,,,,,,,,,,,,,,,,,,,,,,,,,,,,,,,,,,,,,,,,,,,,,,,,,,,128.97223,10.942425,0.107604206,128.97223,10.942425,0.48902094,,,,,,,,,,,,,,,,,128.97223,11.032363,-0.01587431,128.97223,11.032363,-0.011312982,,,,,,,,,,,,,,,,,,,,,,,,,,,,,128.97223,11.032363,1.0000001e-07,128.97223,11.032363,7.0,,,,,,,
128.97223,10.972404,0.06568496,128.97223,10.972404,0.062353116,,,,,,,,,,,,,,,,,,,,,,,,,,,,,,,,,,,,,,,,,,,,,,,,,,,,,,,,,,,,,128.97223,10.972404,0.3477883,128.97223,10.972404,0.4417544,,,,,,,,,,,,,,,,,128.97223,11.062342,-0.0044337073,128.97223,11.062342,-0.013161794,,,,,,,,,,,,,,,,,,,,,,,,,,,,,128.97223,11.062342,1.0000001e-07,128.97223,11.062342,7.0,,,,,,,
128.97223,11.002383,0.0658337,128.97223,11.002383,0.061475534,,,,,,,,,,,,,,,,,,,,,,,,,,,,,,,,,,,,,,,,,,,,,,,,,,,,,,,,,,,,,128.97223,11.002383,0.3990208,128.97223,11.002383,0.0886045,,,,,,,,,,,,,,,,,128.97223,11.092321,0.0065121427,128.97223,11.092321,-0.026262242,,,,,,,,,,,,,,,,,,,,,,,,,,,,,128.97223,11.092321,1.0000001e-07,128.97223,11.092321,7.0,,,,,,,
128.97223,11.032362,0.06430165,128.97223,11.032362,0.06098468,,,,,,,,,,,,,,,,,,,,,,,,,,,,,,,,,,,,,,,,,,,,,,,,,,,,,,,,,,,,,128.97223,11.032362,-0.15764232,128.97223,11.032362,-0.067489296,,,,,,,,,,,,,,,,,128.97223,11.1223,-0.0108366655,128.97223,11.1223,-0.0263764,,,,,,,,,,,,,,,,,,,,,,,,,,,,,128.97223,11.1223,1.0000001e-07,128.97223,11.1223,7.0,,,,,,,
128.97223,11.062342,0.064703256,128.97223,11.062342,0.06094006,,,,,,,,,,,,,,,,,,,,,,,,,,,,,,,,,,,,,,,,,,,,,,,,,,,,,,,,,,,,,128.97223,11.062342,0.010039713,128.97223,11.062342,-0.102896124,,,,,,,,,,,,,,,,,128.97223,11.15228,-0.027009385,128.97223,11.15228,-0.009298768,,,,,,,,,,,,,,,,,,,,,,,,,,,,,128.97223,11.15228,1.0000001e-07,128.97223,11.15228,7.0,,,,,,,
128.97223,11.092321,0.065089986,128.97223,11.092321,0.060493827,,,,,,,,,,,,,,,,,,,,,,,,,,,,,,,,,,,,,,,,,,,,,,,,,,,,,,,,,,,,,128.97223,11.092321,0.1350422,128.97223,11.092321,-0.23353821,,,,,,,,,,,,,,,,,128.97223,11.182259,-0.024909012,128.97223,11.182259,-0.009155225,,,,,,,,,,,,,,,,,,,,,,,,,,,,,128.97223,11.182259,1.0000001e-07,128.97223,11.182259,7.0,,,,,,,
128.97223,11.1223,0.06453964,128.97223,11.1223,0.060508702,,,,,,,,,,,,,,,,,,,,,,,,,,,,,,,,,,,,,,,,,,,,,,,,,,,,,,,,,,,,,128.97223,11.1223,-0.05503926,128.97223,11.1223,-0.22182932,,,,,,,,,,,,,,,,,128.97223,11.212238,0.0426142,128.97223,11.212238,-0.0148766255,,,,,,,,,,,,,,,,,,,,,,,,,,,,,128.97223,11.212238,1.0000001e-07,128.97223,11.212238,7.0,,,,,,,
128.97223,11.15228,0.06400417,128.97223,11.15228,0.060999557,,,,,,,,,,,,,,,,,,,,,,,,,,,,,,,,,,,,,,,,,,,,,,,,,,,,,,,,,,,,,128.97223,11.15228,-0.24278395,128.97223,11.15228,-0.11057781,,,,,,,,,,,,,,,,,128.97223,11.242217,0.01065452,128.97223,11.242217,-0.005766725,,,,,,,,,,,,,,,,,,,,,,,,,,,,,128.97223,11.242217,1.0000001e-07,128.97223,11.242217,7.0,,,,,,,
128.97223,11.182259,0.0640488,128.97223,11.182259,0.061073925,,,,,,,,,,,,,,,,,,,,,,,,,,,,,,,,,,,,,,,,,,,,,,,,,,,,,,,,,,,,,128.97223,11.182259,-0.21840957,128.97223,11.182259,-0.052510645,,,,,,,,,,,,,,,,,128.97223,11.272197,-0.0046781534,128.97223,11.272197,0.03884361,,,,,,,,,,,,,,,,,,,,,,,,,,,,,128.97223,11.272197,1.0000001e-07,128.97223,11.272197,7.0,,,,,,,
128.97223,11.212238,0.06619069,128.97223,11.212238,0.060850807,,,,,,,,,,,,,,,,,,,,,,,,,,,,,,,,,,,,,,,,,,,,,,,,,,,,,,,,,,,,,128.97223,11.212238,0.5142704,128.97223,11.212238,-0.1330267,,,,,,,,,,,,,,,,,128.97223,11.3021755,0.05228262,128.97223,11.3021755,0.007846112,,,,,,,,,,,,,,,,,,,,,,,,,,,,,128.97223,11.3021755,1.0000001e-07,128.97223,11.3021755,7.0,,,,,,,
128.97223,11.242217,0.06523873,128.97223,11.242217,0.0611483,,,,,,,,,,,,,,,,,,,,,,,,,,,,,,,,,,,,,,,,,,,,,,,,,,,,,,,,,,,,,128.97223,11.242217,0.19478224,128.97223,11.242217,-0.012746384,,,,,,,,,,,,,,,,,128.97223,11.332155,-0.0034051107,128.97223,11.332155,-0.03408261,,,,,,,,,,,,,,,,,,,,,,,,,,,,,128.97223,11.332155,1.0000001e-07,128.97223,11.332155,7.0,,,,,,,
128.97223,11.272197,0.064703256,128.97223,11.272197,0.062561356,,,,,,,,,,,,,,,,,,,,,,,,,,,,,,,,,,,,,,,,,,,,,,,,,,,,,,,,,,,,,128.97223,11.272197,0.02464056,128.97223,11.272197,0.51381487,,,,,,,,,,,,,,,,,128.97223,11.362134,-0.024690777,128.97223,11.362134,0.0077509484,,,,,,,,,,,,,,,,,,,,,,,,,,,,,128.97223,11.362134,1.0000001e-07,128.97223,11.362134,7.0,,,,,,,
128.97223,11.3021755,0.06648818,128.97223,11.3021755,0.061579652,,,,,,,,,,,,,,,,,,,,,,,,,,,,,,,,,,,,,,,,,,,,,,,,,,,,,,,,,,,,,128.97223,11.3021755,0.633754,128.97223,11.3021755,0.1351687,,,,,,,,,,,,,,,,,128.97223,11.392114,-0.016550355,128.97223,11.392114,-0.013425099,,,,,,,,,,,,,,,,,,,,,,,,,,,,,128.97223,11.392114,1.0000001e-07,128.97223,11.392114,7.0,,,,,,,
128.97223,11.332155,0.06471813,128.97223,11.332155,0.060285587,,,,,,,,,,,,,,,,,,,,,,,,,,,,,,,,,,,,,,,,,,,,,,,,,,,,,,,,,,,,,128.97223,11.332155,-0.0036502283,128.97223,11.332155,-0.31407425,,,,,,,,,,,,,,,,,128.97223,11.422092,0.07435993,128.97223,11.422092,-0.05126646,,,,,,,,,,,,,,,,,,,,,,,,,,,,,128.97223,11.422092,1.0000001e-07,128.97223,11.422092,7.0,,,,,,,
128.97223,11.362134,0.06406366,128.97223,11.362134,0.061609402,,,,,,,,,,,,,,,,,,,,,,,,,,,,,,,,,,,,,,,,,,,,,,,,,,,,,,,,,,,,,128.97223,11.362134,-0.23905812,128.97223,11.362134,0.17212866,,,,,,,,,,,,,,,,,128.97223,11.452072,0.023751313,128.97223,11.452072,-0.044988647,,,,,,,,,,,,,,,,,,,,,,,,,,,,,128.97223,11.452072,1.0000001e-07,128.97223,11.452072,7.0,,,,,,,
128.97223,11.392114,0.0642719,128.97223,11.392114,0.06094006,,,,,,,,,,,,,,,,,,,,,,,,,,,,,,,,,,,,,,,,,,,,,,,,,,,,,,,,,,,,,128.97223,11.392114,-0.13335878,128.97223,11.392114,-0.15937263,,,,,,,,,,,,,,,,,128.97223,11.482051,-0.04863606,128.97223,11.482051,0.0030480458,,,,,,,,,,,,,,,,,,,,,,,,,,,,,128.97223,11.482051,1.0000001e-07,128.97223,11.482051,7.0,,,,,,,
128.97223,11.422092,0.067187265,128.97223,11.422092,0.05972037,,,,,,,,,,,,,,,,,,,,,,,,,,,,,,,,,,,,,,,,,,,,,,,,,,,,,,,,,,,,,128.97223,11.422092,0.8858343,128.97223,11.422092,-0.5805367,,,,,,,,,,,,,,,,,128.97223,11.512031,0.017340206,128.97223,11.512031,0.04476166,,,,,,,,,,,,,,,,,,,,,,,,,,,,,128.97223,11.512031,1.0000001e-07,128.97223,11.512031,7.0,,,,,,,
128.97223,11.452072,0.06555109,128.97223,11.452072,0.05989886,,,,,,,,,,,,,,,,,,,,,,,,,,,,,,,,,,,,,,,,,,,,,,,,,,,,,,,,,,,,,128.97223,11.452072,0.32272264,128.97223,11.452072,-0.48942307,,,,,,,,,,,,,,,,,128.97223,11.542009,0.034794852,128.97223,11.542009,0.04514183,,,,,,,,,,,,,,,,,,,,,,,,,,,,,128.97223,11.542009,1.0000001e-07,128.97223,11.542009,7.0,,,,,,,
128.97223,11.482051,0.06327533,128.97223,11.482051,0.06144578,,,,,,,,,,,,,,,,,,,,,,,,,,,,,,,,,,,,,,,,,,,,,,,,,,,,,,,,,,,,,128.97223,11.482051,-0.4917674,128.97223,11.482051,0.16759242,,,,,,,,,,,,,,,,,128.97223,11.571989,0.0058286944,128.97223,11.571989,-0.03342079,,,,,,,,,,,,,,,,,,,,,,,,,,,,,128.97223,11.571989,1.0000001e-07,128.97223,11.571989,7.0,,,,,,,
128.97223,11.512031,0.06535772,128.97223,11.512031,0.0627101,,,,,,,,,,,,,,,,,,,,,,,,,,,,,,,,,,,,,,,,,,,,,,,,,,,,,,,,,,,,,128.97223,11.512031,0.2267172,128.97223,11.512031,0.55699474,,,,,,,,,,,,,,,,,128.97223,11.601968,0.01854536,128.97223,11.601968,-0.02671233,,,,,,,,,,,,,,,,,,,,,,,,,,,,,128.97223,11.601968,1.0000001e-07,128.97223,11.601968,7.0,,,,,,,
128.97223,11.542009,0.065922946,128.97223,11.542009,0.06275472,,,,,,,,,,,,,,,,,,,,,,,,,,,,,,,,,,,,,,,,,,,,,,,,,,,,,,,,,,,,,128.97223,11.542009,0.42681095,128.97223,11.542009,0.54290867,,,,,,,,,,,,,,,,,128.97223,11.6319475,0.033344626,128.97223,11.6319475,-0.02076871,,,,,,,,,,,,,,,,,,,,,,,,,,,,,128.97223,11.6319475,1.0000001e-07,128.97223,11.6319475,7.0,,,,,,,
128.97223,11.571989,0.06504537,128.97223,11.571989,0.060419455,,,,,,,,,,,,,,,,,,,,,,,,,,,,,,,,,,,,,,,,,,,,,,,,,,,,,,,,,,,,,128.97223,11.571989,0.11338496,128.97223,11.571989,-0.32346976,,,,,,,,,,,,,,,,,128.97223,11.661927,-0.05673043,128.97223,11.661927,-0.030406253,,,,,,,,,,,,,,,,,,,,,,,,,,,,,128.97223,11.661927,1.0000001e-07,128.97223,11.661927,7.0,,,,,,,
128.97223,11.601968,0.06537261,128.97223,11.601968,0.060553327,,,,,,,,,,,,,,,,,,,,,,,,,,,,,,,,,,,,,,,,,,,,,,,,,,,,,,,,,,,,,128.97223,11.601968,0.22551435,128.97223,11.601968,-0.25880718,,,,,,,,,,,,,,,,,128.97223,11.691906,-0.057039347,128.97223,11.691906,0.054630313,,,,,,,,,,,,,,,,,,,,,,,,,,,,,128.97223,11.691906,1.0000001e-07,128.97223,11.691906,7.0,,,,,,,
128.97223,11.6319475,0.06581883,128.97223,11.6319475,0.0606872,,,,,,,,,,,,,,,,,,,,,,,,,,,,,,,,,,,,,,,,,,,,,,,,,,,,,,,,,,,,,128.97223,11.6319475,0.4097243,128.97223,11.6319475,-0.15766273,,,,,,,,,,,,,,,,,128.97223,11.721886,0.035933707,128.97223,11.721886,-0.010509046,,,,,,,,,,,,,,,,,,,,,,,,,,,,,128.97223,11.721886,1.0000001e-07,128.97223,11.721886,7.0,,,,,,,
128.97223,11.661926,0.063067086,128.97223,11.661926,0.06041946,,,,,,,,,,,,,,,,,,,,,,,,,,,,,,,,,,,,,,,,,,,,,,,,,,,,,,,,,,,,,128.97223,11.661926,-0.5601189,128.97223,11.661926,-0.30340707,,,,,,,,,,,,,,,,,128.97223,11.751864,0.0341896,128.97223,11.751864,-0.03170304,,,,,,,,,,,,,,,,,,,,,,,,,,,,,128.97223,11.751864,1.0000001e-07,128.97223,11.751864,7.0,,,,,,,
128.97223,11.691906,0.06308196,128.97223,11.691906,0.062962964,,,,,,,,,,,,,,,,,,,,,,,,,,,,,,,,,,,,,,,,,,,,,,,,,,,,,,,,,,,,,128.97223,11.691906,-0.5713196,128.97223,11.691906,0.6390252,,,,,,,,,,,,,,,,,128.97223,11.781844,0.056356747,128.97223,11.781844,0.06197426,,,,,,,,,,,,,,,,,,,,,,,,,,,,,128.97223,11.781844,1.0000001e-07,128.97223,11.781844,7.0,,,,,,,
128.97223,11.721885,0.065908074,128.97223,11.721885,0.060999554,,,,,,,,,,,,,,,,,,,,,,,,,,,,,,,,,,,,,,,,,,,,,,,,,,,,,,,,,,,,,128.97223,11.721885,0.4061901,128.97223,11.721885,-0.06771754,,,,,,,,,,,,,,,,,128.97223,11.811823,-0.01636543,128.97223,11.811823,-0.00550909,,,,,,,,,,,,,,,,,,,,,,,,,,,,,128.97223,11.811823,1.0000001e-07,128.97223,11.811823,7.0,,,,,,,
128.97223,11.751864,0.06587833,128.97223,11.751864,0.06041946,,,,,,,,,,,,,,,,,,,,,,,,,,,,,,,,,,,,,,,,,,,,,,,,,,,,,,,,,,,,,128.97223,11.751864,0.42815515,128.97223,11.751864,-0.3116564,,,,,,,,,,,,,,,,,128.97223,11.841803,0.03812037,128.97223,11.841803,-0.0399037,,,,,,,,,,,,,,,,,,,,,,,,,,,,,128.97223,11.841803,1.0000001e-07,128.97223,11.841803,7.0,,,,,,,
128.97223,11.781843,0.066428676,128.97223,11.781843,0.06312659,,,,,,,,,,,,,,,,,,,,,,,,,,,,,,,,,,,,,,,,,,,,,,,,,,,,,,,,,,,,,128.97223,11.781843,0.6178653,128.97223,11.781843,0.6823511,,,,,,,,,,,,,,,,,128.97223,11.871781,0.03895107,128.97223,11.871781,-0.025065541,,,,,,,,,,,,,,,,,,,,,,,,,,,,,128.97223,11.871781,1.0000001e-07,128.97223,11.871781,7.0,,,,,,,
128.97223,11.811823,0.064301655,128.97223,11.811823,0.061237548,,,,,,,,,,,,,,,,,,,,,,,,,,,,,,,,,,,,,,,,,,,,,,,,,,,,,,,,,,,,,128.97223,11.811823,-0.15765907,128.97223,11.811823,0.004124855,,,,,,,,,,,,,,,,,128.97223,11.901761,0.007173011,128.97223,11.901761,0.029533757,,,,,,,,,,,,,,,,,,,,,,,,,,,,,128.97223,11.901761,1.0000001e-07,128.97223,11.901761,7.0,,,,,,,
128.97223,11.841802,0.065922946,128.97223,11.841802,0.060151722,,,,,,,,,,,,,,,,,,,,,,,,,,,,,,,,,,,,,,,,,,,,,,,,,,,,,,,,,,,,,128.97223,11.841802,0.45190886,128.97223,11.841802,-0.35578278,,,,,,,,,,,,,,,,,128.97223,11.93174,0.03663412,128.97223,11.93174,-0.019253334,,,,,,,,,,,,,,,,,,,,,,,,,,,,,128.97223,11.93174,1.0000001e-07,128.97223,11.93174,7.0,,,,,,,
128.97223,11.871781,0.065908074,128.97223,11.871781,0.060642574,,,,,,,,,,,,,,,,,,,,,,,,,,,,,,,,,,,,,,,,,,,,,,,,,,,,,,,,,,,,,128.97223,11.871781,0.43929327,128.97223,11.871781,-0.22515339,,,,,,,,,,,,,,,,,128.97223,11.9617195,0.018257167,128.97223,11.9617195,-0.04796048,,,,,,,,,,,,,,,,,,,,,,,,,,,,,128.97223,11.9617195,1.0000001e-07,128.97223,11.9617195,7.0,,,,,,,
128.97223,11.90176,0.065045364,128.97223,11.90176,0.06215975,,,,,,,,,,,,,,,,,,,,,,,,,,,,,,,,,,,,,,,,,,,,,,,,,,,,,,,,,,,,,128.97223,11.90176,0.12212735,128.97223,11.90176,0.317255,,,,,,,,,,,,,,,,,128.97223,11.991698,-0.037100527,128.97223,11.991698,0.039476786,,,,,,,,,,,,,,,,,,,,,,,,,,,,,128.97223,11.991698,1.0000001e-07,128.97223,11.991698,7.0,,,,,,,
128.97223,11.93174,0.06583372,128.97223,11.93174,0.060716942,,,,,,,,,,,,,,,,,,,,,,,,,,,,,,,,,,,,,,,,,,,,,,,,,,,,,,,,,,,,,128.97223,11.93174,0.412633,128.97223,11.93174,-0.15634987,,,,,,,,,,,,,,,,,128.97223,12.021678,-0.0066065537,128.97223,12.021678,0.013991379,,,,,,,,,,,,,,,,,,,,,,,,,,,,,128.97223,12.021678,1.0000001e-07,128.97223,12.021678,7.0,,,,,,,
128.97223,11.9617195,0.0653726,128.97223,11.9617195,0.059958354,,,,,,,,,,,,,,,,,,,,,,,,,,,,,,,,,,,,,,,,,,,,,,,,,,,,,,,,,,,,,128.97223,11.9617195,0.24866694,128.97223,11.9617195,-0.49821675,,,,,,,,,,,,,,,,,128.97223,12.051657,-0.018198991,128.97223,12.051657,0.049476493,,,,,,,,,,,,,,,,,,,,,,,,,,,,,128.97223,12.051657,1.0000001e-07,128.97223,12.051657,7.0,,,,,,,
128.97223,11.991698,0.063810796,128.97223,11.991698,0.06236799,,,,,,,,,,,,,,,,,,,,,,,,,,,,,,,,,,,,,,,,,,,,,,,,,,,,,,,,,,,,,128.97223,11.991698,-0.2931646,128.97223,11.991698,0.3888609,,,,,,,,,,,,,,,,,128.97223,12.081636,0.009823837,128.97223,12.081636,0.0025860635,,,,,,,,,,,,,,,,,,,,,,,,,,,,,128.97223,12.081636,1.0000001e-07,128.97223,12.081636,7.0,,,,,,,
128.97223,12.021678,0.06464376,128.97223,12.021678,0.06169864,,,,,,,,,,,,,,,,,,,,,,,,,,,,,,,,,,,,,,,,,,,,,,,,,,,,,,,,,,,,,128.97223,12.021678,0.0058602076,128.97223,12.021678,0.18837969,,,,,,,,,,,,,,,,,128.97223,12.111615,0.04130079,128.97223,12.111615,0.02499149,,,,,,,,,,,,,,,,,,,,,,,,,,,,,128.97223,12.111615,1.0000001e-07,128.97223,12.111615,7.0,,,,,,,
128.97223,12.051657,0.064242154,128.97223,12.051657,0.06269523,,,,,,,,,,,,,,,,,,,,,,,,,,,,,,,,,,,,,,,,,,,,,,,,,,,,,,,,,,,,,128.97223,12.051657,-0.17671612,128.97223,12.051657,0.52520204,,,,,,,,,,,,,,,,,128.97223,12.141595,0.033685006,128.97223,12.141595,-0.034848087,,,,,,,,,,,,,,,,,,,,,,,,,,,,,128.97223,12.141595,1.0000001e-07,128.97223,12.141595,7.0,,,,,,,
128.97223,12.081636,0.065075114,128.97223,12.081636,0.061445788,,,,,,,,,,,,,,,,,,,,,,,,,,,,,,,,,,,,,,,,,,,,,,,,,,,,,,,,,,,,,128.97223,12.081636,0.1225392,128.97223,12.081636,0.10666236,,,,,,,,,,,,,,,,,128.97223,12.171574,-0.028231509,128.97223,12.171574,-0.017178439,,,,,,,,,,,,,,,,,,,,,,,,,,,,,128.97223,12.171574,1.0000001e-07,128.97223,12.171574,7.0,,,,,,,
128.97223,12.111615,0.066027075,128.97223,12.111615,0.06195151,,,,,,,,,,,,,,,,,,,,,,,,,,,,,,,,,,,,,,,,,,,,,,,,,,,,,,,,,,,,,128.97223,12.111615,0.44892693,128.97223,12.111615,0.2550728,,,,,,,,,,,,,,,,,128.97223,12.201553,-0.0063011125,128.97223,12.201553,-0.014915392,,,,,,,,,,,,,,,,,,,,,,,,,,,,,128.97223,12.201553,1.0000001e-07,128.97223,12.201553,7.0,,,,,,,
128.97223,12.141595,0.06574445,128.97223,12.141595,0.060345087,,,,,,,,,,,,,,,,,,,,,,,,,,,,,,,,,,,,,,,,,,,,,,,,,,,,,,,,,,,,,128.97223,12.141595,0.3725556,128.97223,12.141595,-0.32925463,,,,,,,,,,,,,,,,,128.97223,12.231532,-0.0014068359,128.97223,12.231532,-0.011229633,,,,,,,,,,,,,,,,,,,,,,,,,,,,,128.97223,12.231532,1.0000001e-07,128.97223,12.231532,7.0,,,,,,,
128.97223,12.171574,0.06400416,128.97223,12.171574,0.06083593,,,,,,,,,,,,,,,,,,,,,,,,,,,,,,,,,,,,,,,,,,,,,,,,,,,,,,,,,,,,,128.97223,12.171574,-0.22849543,128.97223,12.171574,-0.12669568,,,,,,,,,,,,,,,,,128.97223,12.261512,-0.035333022,128.97223,12.261512,-0.03360282,,,,,,,,,,,,,,,,,,,,,,,,,,,,,128.97223,12.261512,1.0000001e-07,128.97223,12.261512,7.0,,,,,,,
128.97223,12.201553,0.06458426,128.97223,12.201553,0.06094006,,,,,,,,,,,,,,,,,,,,,,,,,,,,,,,,,,,,,,,,,,,,,,,,,,,,,,,,,,,,,128.97223,12.201553,-0.053589292,128.97223,12.201553,-0.13510287,,,,,,,,,,,,,,,,,128.97223,12.291491,-0.036884155,128.97223,12.291491,-0.031773847,,,,,,,,,,,,,,,,,,,,,,,,,,,,,128.97223,12.291491,1.0000001e-07,128.97223,12.291491,7.0,,,,,,,
128.97223,12.231532,0.06479251,128.97223,12.231532,0.0610293,,,,,,,,,,,,,,,,,,,,,,,,,,,,,,,,,,,,,,,,,,,,,,,,,,,,,,,,,,,,,128.97223,12.231532,0.047899242,128.97223,12.231532,-0.050049588,,,,,,,,,,,,,,,,,128.97223,12.32147,0.025689416,128.97223,12.32147,0.06170859,,,,,,,,,,,,,,,,,,,,,,,,,,,,,128.97223,12.32147,1.0000001e-07,128.97223,12.32147,7.0,,,,,,,
128.97223,12.261512,0.06384054,128.97223,12.261512,0.060464077,,,,,,,,,,,,,,,,,,,,,,,,,,,,,,,,,,,,,,,,,,,,,,,,,,,,,,,,,,,,,128.97223,12.261512,-0.29101294,128.97223,12.261512,-0.27645034,,,,,,,,,,,,,,,,,128.97223,12.351449,-0.013013586,128.97223,12.351449,-0.02030439,,,,,,,,,,,,,,,,,,,,,,,,,,,,,128.97223,12.351449,1.0000001e-07,128.97223,12.351449,7.0,,,,,,,
128.97223,12.291491,0.06379592,128.97223,12.291491,0.060493827,,,,,,,,,,,,,,,,,,,,,,,,,,,,,,,,,,,,,,,,,,,,,,,,,,,,,,,,,,,,,128.97223,12.291491,-0.31787074,128.97223,12.291491,-0.26469338,,,,,,,,,,,,,,,,,128.97223,12.381429,0.07594451,128.97223,12.381429,0.013885801,,,,,,,,,,,,,,,,,,,,,,,,,,,,,128.97223,12.381429,1.0000001e-07,128.97223,12.381429,7.0,,,,,,,
128.97223,12.32147,0.06553622,128.97223,12.32147,0.062948085,,,,,,,,,,,,,,,,,,,,,,,,,,,,,,,,,,,,,,,,,,,,,,,,,,,,,,,,,,,,,128.97223,12.32147,0.27243418,128.97223,12.32147,0.5833329,,,,,,,,,,,,,,,,,128.97223,12.411407,0.031138645,128.97223,12.411407,0.0013798417,,,,,,,,,,,,,,,,,,,,,,,,,,,,,128.97223,12.411407,1.0000001e-07,128.97223,12.411407,7.0,,,,,,,
128.97223,12.351449,0.0644504,128.97223,12.351449,0.06073182,,,,,,,,,,,,,,,,,,,,,,,,,,,,,,,,,,,,,,,,,,,,,,,,,,,,,,,,,,,,,128.97223,12.351449,-0.09178816,128.97223,12.351449,-0.17187119,,,,,,,,,,,,,,,,,128.97223,12.441387,0.119787015,128.97223,12.441387,0.020672312,,,,,,,,,,,,,,,,,,,,,,,,,,,,,128.97223,12.441387,1.0000001e-07,128.97223,12.441387,7.0,,,,,,,
128.97223,12.381429,0.06678566,128.97223,12.381429,0.061609402,,,,,,,,,,,,,,,,,,,,,,,,,,,,,,,,,,,,,,,,,,,,,,,,,,,,,,,,,,,,,128.97223,12.381429,0.7374591,128.97223,12.381429,0.13308722,,,,,,,,,,,,,,,,,128.97223,12.471366,0.028712204,128.97223,12.471366,-0.01860262,,,,,,,,,,,,,,,,,,,,,,,,,,,,,128.97223,12.471366,1.0000001e-07,128.97223,12.471366,7.0,,,,,,,
128.97223,12.411407,0.065595716,128.97223,12.411407,0.061416037,,,,,,,,,,,,,,,,,,,,,,,,,,,,,,,,,,,,,,,,,,,,,,,,,,,,,,,,,,,,,128.97223,12.411407,0.30175874,128.97223,12.411407,0.0863965,,,,,,,,,,,,,,,,,128.97223,12.501346,-0.026519665,128.97223,12.501346,0.086564615,,,,,,,,,,,,,,,,,,,,,,,,,,,,,128.97223,12.501346,1.0000001e-07,128.97223,12.501346,7.0,,,,,,,
128.97223,12.441387,0.06794587,128.97223,12.441387,0.06181764,,,,,,,,,,,,,,,,,,,,,,,,,,,,,,,,,,,,,,,,,,,,,,,,,,,,,,,,,,,,,128.97223,12.441387,1.130189,128.97223,12.441387,0.22831212,,,,,,,,,,,,,,,,,128.97223,12.531325,-0.012398324,128.97223,12.531325,-0.05049302,,,,,,,,,,,,,,,,,,,,,,,,,,,,,128.97223,12.531325,1.0000001e-07,128.97223,12.531325,7.0,,,,,,,
128.97223,12.471366,0.065610595,128.97223,12.471366,0.060865685,,,,,,,,,,,,,,,,,,,,,,,,,,,,,,,,,,,,,,,,,,,,,,,,,,,,,,,,,,,,,128.97223,12.471366,0.32030386,128.97223,12.471366,-0.078136235,,,,,,,,,,,,,,,,,128.97223,12.561304,0.018916134,128.97223,12.561304,0.015536646,,,,,,,,,,,,,,,,,,,,,,,,,,,,,128.97223,12.561304,1.0000001e-07,128.97223,12.561304,7.0,,,,,,,
128.97223,12.501346,0.06403392,128.97223,12.501346,0.06361743,,,,,,,,,,,,,,,,,,,,,,,,,,,,,,,,,,,,,,,,,,,,,,,,,,,,,,,,,,,,,128.97223,12.501346,-0.22782771,128.97223,12.501346,0.8363941,,,,,,,,,,,,,,,,,128.97223,12.591284,0.032737136,128.97223,12.591284,0.030619297,,,,,,,,,,,,,,,,,,,,,,,,,,,,,128.97223,12.591284,1.0000001e-07,128.97223,12.591284,7.0,,,,,,,
128.97223,12.531324,0.06453964,128.97223,12.531324,0.059958354,,,,,,,,,,,,,,,,,,,,,,,,,,,,,,,,,,,,,,,,,,,,,,,,,,,,,,,,,,,,,128.97223,12.531324,-0.057709243,128.97223,12.531324,-0.41448408,,,,,,,,,,,,,,,,,128.97223,12.621263,0.018483628,128.97223,12.621263,-0.028731134,,,,,,,,,,,,,,,,,,,,,,,,,,,,,128.97223,12.621263,1.0000001e-07,128.97223,12.621263,7.0,,,,,,,
128.97223,12.561304,0.0653131,128.97223,12.561304,0.06166889,,,,,,,,,,,,,,,,,,,,,,,,,,,,,,,,,,,,,,,,,,,,,,,,,,,,,,,,,,,,,128.97223,12.561304,0.19803368,128.97223,12.561304,0.11634764,,,,,,,,,,,,,,,,,128.97223,12.651242,-0.0046065715,128.97223,12.651242,-0.029432436,,,,,,,,,,,,,,,,,,,,,,,,,,,,,128.97223,12.651242,1.0000001e-07,128.97223,12.651242,7.0,,,,,,,
128.97223,12.591283,0.06565521,128.97223,12.591283,0.062115125,,,,,,,,,,,,,,,,,,,,,,,,,,,,,,,,,,,,,,,,,,,,,,,,,,,,,,,,,,,,,128.97223,12.591283,0.32264245,128.97223,12.591283,0.32413223,,,,,,,,,,,,,,,,,128.97223,12.681221,-0.06389418,128.97223,12.681221,-0.043286715,,,,,,,,,,,,,,,,,,,,,,,,,,,,,128.97223,12.681221,1.0000001e-07,128.97223,12.681221,7.0,,,,,,,
128.97223,12.621263,0.06519411,128.97223,12.621263,0.06059795,,,,,,,,,,,,,,,,,,,,,,,,,,,,,,,,,,,,,,,,,,,,,,,,,,,,,,,,,,,,,128.97223,12.621263,0.19472581,128.97223,12.621263,-0.22840935,,,,,,,,,,,,,,,,,128.97223,12.711201,0.008078592,128.97223,12.711201,0.012777906,,,,,,,,,,,,,,,,,,,,,,,,,,,,,128.97223,12.711201,1.0000001e-07,128.97223,12.711201,7.0,,,,,,,
128.97223,12.651241,0.06471813,128.97223,12.651241,0.060538452,,,,,,,,,,,,,,,,,,,,,,,,,,,,,,,,,,,,,,,,,,,,,,,,,,,,,,,,,,,,,128.97223,12.651241,0.00864923,128.97223,12.651241,-0.3001363,,,,,,,,,,,,,,,,,128.97223,12.741179,-0.01379999,128.97223,12.741179,0.014853875,,,,,,,,,,,,,,,,,,,,,,,,,,,,,128.97223,12.741179,1.0000001e-07,128.97223,12.741179,7.0,,,,,,,
128.97223,12.681221,0.06318608,128.97223,12.681221,0.060226098,,,,,,,,,,,,,,,,,,,,,,,,,,,,,,,,,,,,,,,,,,,,,,,,,,,,,,,,,,,,,128.97223,12.681221,-0.5279215,128.97223,12.681221,-0.35871464,,,,,,,,,,,,,,,,,128.97223,12.771159,-0.0020569107,128.97223,12.771159,-0.020745195,,,,,,,,,,,,,,,,,,,,,,,,,,,,,128.97223,12.771159,1.0000001e-07,128.97223,12.771159,7.0,,,,,,,
128.97223,12.7112,0.06500074,128.97223,12.7112,0.06162428,,,,,,,,,,,,,,,,,,,,,,,,,,,,,,,,,,,,,,,,,,,,,,,,,,,,,,,,,,,,,128.97223,12.7112,0.12210749,128.97223,12.7112,0.15323602,,,,,,,,,,,,,,,,,128.97223,12.801138,0.026946727,128.97223,12.801138,-0.005972215,,,,,,,,,,,,,,,,,,,,,,,,,,,,,128.97223,12.801138,1.0000001e-07,128.97223,12.801138,7.0,,,,,,,
128.97223,12.741179,0.06448014,128.97223,12.741179,0.06169865,,,,,,,,,,,,,,,,,,,,,,,,,,,,,,,,,,,,,,,,,,,,,,,,,,,,,,,,,,,,,128.97223,12.741179,-0.07545667,128.97223,12.741179,0.13785788,,,,,,,,,,,,,,,,,128.97223,12.831118,-0.07845146,128.97223,12.831118,-0.013962988,,,,,,,,,,,,,,,,,,,,,,,,,,,,,128.97223,12.831118,1.0000001e-07,128.97223,12.831118,7.0,,,,,,,
128.97223,12.771158,0.064733006,128.97223,12.771158,0.060761563,,,,,,,,,,,,,,,,,,,,,,,,,,,,,,,,,,,,,,,,,,,,,,,,,,,,,,,,,,,,,128.97223,12.771158,-0.0077986983,128.97223,12.771158,-0.11439395,,,,,,,,,,,,,,,,,128.97223,12.861096,-0.003932441,128.97223,12.861096,-0.010885927,,,,,,,,,,,,,,,,,,,,,,,,,,,,,128.97223,12.861096,1.0000001e-07,128.97223,12.861096,7.0,,,,,,,
128.97223,12.801138,0.065432094,128.97223,12.801138,0.061163172,,,,,,,,,,,,,,,,,,,,,,,,,,,,,,,,,,,,,,,,,,,,,,,,,,,,,,,,,,,,,128.97223,12.801138,0.23689198,128.97223,12.801138,0.016458757,,,,,,,,,,,,,,,,,128.97223,12.891076,0.063942194,128.97223,12.891076,0.0715903,,,,,,,,,,,,,,,,,,,,,,,,,,,,,128.97223,12.891076,1.0000001e-07,128.97223,12.891076,7.0,,,,,,,
128.97223,12.831118,0.06287372,128.97223,12.831118,0.06094006,,,,,,,,,,,,,,,,,,,,,,,,,,,,,,,,,,,,,,,,,,,,,,,,,,,,,,,,,,,,,128.97223,12.831118,-0.6357222,128.97223,12.831118,-0.113067135,,,,,,,,,,,,,,,,,128.97223,12.921055,0.03282489,128.97223,12.921055,-0.04814932,,,,,,,,,,,,,,,,,,,,,,,,,,,,,128.97223,12.921055,1.0000001e-07,128.97223,12.921055,7.0,,,,,,,
128.97223,12.861096,0.064658634,128.97223,12.861096,0.06101443,,,,,,,,,,,,,,,,,,,,,,,,,,,,,,,,,,,,,,,,,,,,,,,,,,,,,,,,,,,,,128.97223,12.861096,0.004118715,128.97223,12.861096,-0.08387981,,,,,,,,,,,,,,,,,128.97223,12.951035,0.012372388,128.97223,12.951035,-0.047486804,,,,,,,,,,,,,,,,,,,,,,,,,,,,,128.97223,12.951035,1.0000001e-07,128.97223,12.951035,7.0,,,,,,,
128.97223,12.891076,0.06633943,128.97223,12.891076,0.06305221,,,,,,,,,,,,,,,,,,,,,,,,,,,,,,,,,,,,,,,,,,,,,,,,,,,,,,,,,,,,,128.97223,12.891076,0.5704618,128.97223,12.891076,0.6589359,,,,,,,,,,,,,,,,,128.97223,12.981013,-0.016862966,128.97223,12.981013,0.029650705,,,,,,,,,,,,,,,,,,,,,,,,,,,,,128.97223,12.981013,1.0000001e-07,128.97223,12.981013,7.0,,,,,,,
128.97223,12.921055,0.065580845,128.97223,12.921055,0.060151722,,,,,,,,,,,,,,,,,,,,,,,,,,,,,,,,,,,,,,,,,,,,,,,,,,,,,,,,,,,,,128.97223,12.921055,0.30244446,128.97223,12.921055,-0.38965353,,,,,,,,,,,,,,,,,128.97223,13.010993,0.03882429,128.97223,13.010993,0.03529036,,,,,,,,,,,,,,,,,,,,,,,,,,,,,128.97223,13.010993,1.0000001e-07,128.97223,13.010993,7.0,,,,,,,
128.97223,12.951035,0.065045364,128.97223,12.951035,0.060181472,,,,,,,,,,,,,,,,,,,,,,,,,,,,,,,,,,,,,,,,,,,,,,,,,,,,,,,,,,,,,128.97223,12.951035,0.1320925,128.97223,12.951035,-0.3956517,,,,,,,,,,,,,,,,,128.97223,13.040972,-0.049345773,128.97223,13.040972,0.01078085,,,,,,,,,,,,,,,,,,,,,,,,,,,,,128.97223,13.040972,1.0000001e-07,128.97223,13.040972,7.0,,,,,,,
128.97223,12.981013,0.06437603,128.97223,12.981013,0.06201101,,,,,,,,,,,,,,,,,,,,,,,,,,,,,,,,,,,,,,,,,,,,,,,,,,,,,,,,,,,,,128.97223,12.981013,-0.113072954,128.97223,12.981013,0.31068474,,,,,,,,,,,,,,,,,128.97223,13.070951,0.02181046,128.97223,13.070951,-0.022545496,,,,,,,,,,,,,,,,,,,,,,,,,,,,,128.97223,13.070951,1.0000001e-07,128.97223,13.070951,7.0,,,,,,,
128.97223,13.010993,0.065699846,128.97223,13.010993,0.062189493,,,,,,,,,,,,,,,,,,,,,,,,,,,,,,,,,,,,,,,,,,,,,,,,,,,,,,,,,,,,,128.97223,13.010993,0.35672224,128.97223,13.010993,0.34673977,,,,,,,,,,,,,,,,,128.97223,13.10093,-0.07612181,128.97223,13.10093,0.009009432,,,,,,,,,,,,,,,,,,,,,,,,,,,,,128.97223,13.10093,1.0000001e-07,128.97223,13.10093,7.0,,,,,,,
128.97223,13.040972,0.06366206,128.97223,13.040972,0.061535027,,,,,,,,,,,,,,,,,,,,,,,,,,,,,,,,,,,,,,,,,,,,,,,,,,,,,,,,,,,,,128.97223,13.040972,-0.34883457,128.97223,13.040972,0.1278467,,,,,,,,,,,,,,,,,128.97223,13.13091,-0.003111968,128.97223,13.13091,-0.010392241,,,,,,,,,,,,,,,,,,,,,,,,,,,,,128.97223,13.13091,1.0000001e-07,128.97223,13.13091,7.0,,,,,,,
128.97223,13.070951,0.06532798,128.97223,13.070951,0.06077644,,,,,,,,,,,,,,,,,,,,,,,,,,,,,,,,,,,,,,,,,,,,,,,,,,,,,,,,,,,,,128.97223,13.070951,0.23709925,128.97223,13.070951,-0.16954736,,,,,,,,,,,,,,,,,128.97223,13.160889,0.059333786,128.97223,13.160889,-0.021871034,,,,,,,,,,,,,,,,,,,,,,,,,,,,,128.97223,13.160889,1.0000001e-07,128.97223,13.160889,7.0,,,,,,,
128.97223,13.10093,0.062977836,128.97223,13.10093,0.061535034,,,,,,,,,,,,,,,,,,,,,,,,,,,,,,,,,,,,,,,,,,,,,,,,,,,,,,,,,,,,,128.97223,13.10093,-0.57937646,128.97223,13.10093,0.16081125,,,,,,,,,,,,,,,,,128.97223,13.190868,-0.017999252,128.97223,13.190868,-0.03206018,,,,,,,,,,,,,,,,,,,,,,,,,,,,,128.97223,13.190868,1.0000001e-07,128.97223,13.190868,7.0,,,,,,,
128.97223,13.13091,0.06471813,128.97223,13.13091,0.0610293,,,,,,,,,,,,,,,,,,,,,,,,,,,,,,,,,,,,,,,,,,,,,,,,,,,,,,,,,,,,,128.97223,13.13091,0.023215894,128.97223,13.13091,-0.060085043,,,,,,,,,,,,,,,,,128.97223,13.220847,0.09025257,128.97223,13.220847,0.021715065,,,,,,,,,,,,,,,,,,,,,,,,,,,,,128.97223,13.220847,1.0000001e-07,128.97223,13.220847,7.0,,,,,,,
128.97223,13.160889,0.06626506,128.97223,13.160889,0.06080619,,,,,,,,,,,,,,,,,,,,,,,,,,,,,,,,,,,,,,,,,,,,,,,,,,,,,,,,,,,,,128.97223,13.160889,0.5289241,128.97223,13.160889,-0.17418906,,,,,,,,,,,,,,,,,128.97223,13.250827,0.057517927,128.97223,13.250827,-0.050995454,,,,,,,,,,,,,,,,,,,,,,,,,,,,,128.97223,13.250827,1.0000001e-07,128.97223,13.250827,7.0,,,,,,,
128.97223,13.190868,0.06437603,128.97223,13.190868,0.060508694,,,,,,,,,,,,,,,,,,,,,,,,,,,,,,,,,,,,,,,,,,,,,,,,,,,,,,,,,,,,,128.97223,13.190868,-0.10300119,128.97223,13.190868,-0.25488362,,,,,,,,,,,,,,,,,128.97223,13.280806,0.0126209,128.97223,13.280806,-0.039248105,,,,,,,,,,,,,,,,,,,,,,,,,,,,,128.97223,13.280806,1.0000001e-07,128.97223,13.280806,7.0,,,,,,,
128.97223,13.220847,0.0668749,128.97223,13.220847,0.061758146,,,,,,,,,,,,,,,,,,,,,,,,,,,,,,,,,,,,,,,,,,,,,,,,,,,,,,,,,,,,,128.97223,13.220847,0.7675383,128.97223,13.220847,0.17703587,,,,,,,,,,,,,,,,,128.97223,13.310785,-0.031816486,128.97223,13.310785,-0.005270754,,,,,,,,,,,,,,,,,,,,,,,,,,,,,128.97223,13.310785,1.0000001e-07,128.97223,13.310785,7.0,,,,,,,
128.97223,13.250827,0.06605682,128.97223,13.250827,0.06019634,,,,,,,,,,,,,,,,,,,,,,,,,,,,,,,,,,,,,,,,,,,,,,,,,,,,,,,,,,,,,128.97223,13.250827,0.4559032,128.97223,13.250827,-0.31974608,,,,,,,,,,,,,,,,,128.97223,13.340765,0.0010138287,128.97223,13.340765,-0.01566874,,,,,,,,,,,,,,,,,,,,,,,,,,,,,128.97223,13.340765,1.0000001e-07,128.97223,13.340765,7.0,,,,,,,
128.97223,13.280806,0.06516436,128.97223,13.280806,0.060419455,,,,,,,,,,,,,,,,,,,,,,,,,,,,,,,,,,,,,,,,,,,,,,,,,,,,,,,,,,,,,128.97223,13.280806,0.18507989,128.97223,13.280806,-0.2958256,,,,,,,,,,,,,,,,,128.97223,13.370744,-0.046429444,128.97223,13.370744,-0.046502437,,,,,,,,,,,,,,,,,,,,,,,,,,,,,128.97223,13.370744,1.0000001e-07,128.97223,13.370744,7.0,,,,,,,
128.97223,13.310785,0.06406366,128.97223,13.310785,0.0611483,,,,,,,,,,,,,,,,,,,,,,,,,,,,,,,,,,,,,,,,,,,,,,,,,,,,,,,,,,,,,128.97223,13.310785,-0.22116905,128.97223,13.310785,-0.020246025,,,,,,,,,,,,,,,,,128.97223,13.400723,-0.01603699,128.97223,13.400723,-0.018268568,,,,,,,,,,,,,,,,,,,,,,,,,,,,,128.97223,13.400723,1.0000001e-07,128.97223,13.400723,7.0,,,,,,,
128.97223,13.340764,0.0647925,128.97223,13.340764,0.060940053,,,,,,,,,,,,,,,,,,,,,,,,,,,,,,,,,,,,,,,,,,,,,,,,,,,,,,,,,,,,,128.97223,13.340764,0.016962,128.97223,13.340764,-0.10450806,,,,,,,,,,,,,,,,,128.97223,13.430702,0.007364454,128.97223,13.430702,0.036693648,,,,,,,,,,,,,,,,,,,,,,,,,,,,,128.97223,13.430702,1.0000001e-07,128.97223,13.430702,7.0,,,,,,,
128.97223,13.370744,0.0637513,128.97223,13.370744,0.060240965,,,,,,,,,,,,,,,,,,,,,,,,,,,,,,,,,,,,,,,,,,,,,,,,,,,,,,,,,,,,,128.97223,13.370744,-0.32342613,128.97223,13.370744,-0.3824114,,,,,,,,,,,,,,,,,128.97223,13.460682,-0.0067015346,128.97223,13.460682,-0.016672593,,,,,,,,,,,,,,,,,,,,,,,,,,,,,128.97223,13.460682,1.0000001e-07,128.97223,13.460682,7.0,,,,,,,
128.97223,13.4007225,0.06449501,128.97223,13.4007225,0.060880557,,,,,,,,,,,,,,,,,,,,,,,,,,,,,,,,,,,,,,,,,,,,,,,,,,,,,,,,,,,,,128.97223,13.4007225,-0.056601353,128.97223,13.4007225,-0.14925498,,,,,,,,,,,,,,,,,128.97223,13.490661,-0.047923386,128.97223,13.490661,-0.0066956966,,,,,,,,,,,,,,,,,,,,,,,,,,,,,128.97223,13.490661,1.0000001e-07,128.97223,13.490661,7.0,,,,,,,
128.97223,13.430702,0.06494125,128.97223,13.430702,0.062204376,,,,,,,,,,,,,,,,,,,,,,,,,,,,,,,,,,,,,,,,,,,,,,,,,,,,,,,,,,,,,128.97223,13.430702,0.08678854,128.97223,13.430702,0.37268695,,,,,,,,,,,,,,,,,128.97223,13.52064,0.039007306,128.97223,13.52064,-0.053954497,,,,,,,,,,,,,,,,,,,,,,,,,,,,,128.97223,13.52064,1.0000001e-07,128.97223,13.52064,7.0,,,,,,,
128.97223,13.460681,0.06465863,128.97223,13.460681,0.060865685,,,,,,,,,,,,,,,,,,,,,,,,,,,,,,,,,,,,,,,,,,,,,,,,,,,,,,,,,,,,,128.97223,13.460681,0.0002841221,128.97223,13.460681,-0.1459257,,,,,,,,,,,,,,,,,128.97223,13.550619,0.01464649,128.97223,13.550619,0.009259217,,,,,,,,,,,,,,,,,,,,,,,,,,,,,128.97223,13.550619,1.0000001e-07,128.97223,13.550619,7.0,,,,,,,
128.97223,13.490661,0.06378105,128.97223,13.490661,0.061148293,,,,,,,,,,,,,,,,,,,,,,,,,,,,,,,,,,,,,,,,,,,,,,,,,,,,,,,,,,,,,128.97223,13.490661,-0.3149778,128.97223,13.490661,-0.011138962,,,,,,,,,,,,,,,,,128.97223,13.580599,0.0283855,128.97223,13.580599,-0.032418173,,,,,,,,,,,,,,,,,,,,,,,,,,,,,128.97223,13.580599,1.0000001e-07,128.97223,13.580599,7.0,,,,,,,
128.97223,13.520639,0.06568497,128.97223,13.520639,0.060092226,,,,,,,,,,,,,,,,,,,,,,,,,,,,,,,,,,,,,,,,,,,,,,,,,,,,,,,,,,,,,128.97223,13.520639,0.33859292,128.97223,13.520639,-0.4306987,,,,,,,,,,,,,,,,,128.97223,13.610578,0.06876412,128.97223,13.610578,0.020335661,,,,,,,,,,,,,,,,,,,,,,,,,,,,,128.97223,13.610578,1.0000001e-07,128.97223,13.610578,7.0,,,,,,,
128.97223,13.550619,0.06507512,128.97223,13.550619,0.061505277,,,,,,,,,,,,,,,,,,,,,,,,,,,,,,,,,,,,,,,,,,,,,,,,,,,,,,,,,,,,,128.97223,13.550619,0.10576864,128.97223,13.550619,0.09924054,,,,,,,,,,,,,,,,,128.97223,13.640557,0.10678224,128.97223,13.640557,0.016259827,,,,,,,,,,,,,,,,,,,,,,,,,,,,,128.97223,13.640557,1.0000001e-07,128.97223,13.640557,7.0,,,,,,,
128.97223,13.580598,0.065461844,128.97223,13.580598,0.06065745,,,,,,,,,,,,,,,,,,,,,,,,,,,,,,,,,,,,,,,,,,,,,,,,,,,,,,,,,,,,,128.97223,13.580598,0.28995126,128.97223,13.580598,-0.1424602,,,,,,,,,,,,,,,,,128.97223,13.670536,0.020322114,128.97223,13.670536,-0.006461882,,,,,,,,,,,,,,,,,,,,,,,,,,,,,128.97223,13.670536,1.0000001e-07,128.97223,13.670536,7.0,,,,,,,
128.97223,13.610578,0.06626507,128.97223,13.610578,0.061773017,,,,,,,,,,,,,,,,,,,,,,,,,,,,,,,,,,,,,,,,,,,,,,,,,,,,,,,,,,,,,128.97223,13.610578,0.5487667,128.97223,13.610578,0.20623323,,,,,,,,,,,,,,,,,128.97223,13.700516,0.020792289,128.97223,13.700516,0.027901279,,,,,,,,,,,,,,,,,,,,,,,,,,,,,128.97223,13.700516,1.0000001e-07,128.97223,13.700516,7.0,,,,,,,
128.97223,13.640556,0.06706827,128.97223,13.640556,0.061654024,,,,,,,,,,,,,,,,,,,,,,,,,,,,,,,,,,,,,,,,,,,,,,,,,,,,,,,,,,,,,128.97223,13.640556,0.8168271,128.97223,13.640556,0.12998602,,,,,,,,,,,,,,,,,128.97223,13.7304945,-0.008676926,128.97223,13.7304945,-0.0777201,,,,,,,,,,,,,,,,,,,,,,,,,,,,,128.97223,13.7304945,1.0000001e-07,128.97223,13.7304945,7.0,,,,,,,
128.97223,13.670536,0.06523874,128.97223,13.670536,0.061133426,,,,,,,,,,,,,,,,,,,,,,,,,,,,,,,,,,,,,,,,,,,,,,,,,,,,,,,,,,,,,128.97223,13.670536,0.2051507,128.97223,13.670536,-0.016846154,,,,,,,,,,,,,,,,,128.97223,13.760474,0.049956445,128.97223,13.760474,0.012843172,,,,,,,,,,,,,,,,,,,,,,,,,,,,,128.97223,13.760474,1.0000001e-07,128.97223,13.760474,7.0,,,,,,,
128.97223,13.700516,0.06532798,128.97223,13.700516,0.061966386,,,,,,,,,,,,,,,,,,,,,,,,,,,,,,,,,,,,,,,,,,,,,,,,,,,,,,,,,,,,,128.97223,13.700516,0.22282849,128.97223,13.700516,0.2542857,,,,,,,,,,,,,,,,,128.97223,13.790453,0.008133392,128.97223,13.790453,0.02635362,,,,,,,,,,,,,,,,,,,,,,,,,,,,,128.97223,13.790453,1.0000001e-07,128.97223,13.790453,7.0,,,,,,,
128.97223,13.7304945,0.06458426,128.97223,13.7304945,0.059631117,,,,,,,,,,,,,,,,,,,,,,,,,,,,,,,,,,,,,,,,,,,,,,,,,,,,,,,,,,,,,128.97223,13.7304945,-0.040864307,128.97223,13.7304945,-0.5825921,,,,,,,,,,,,,,,,,128.97223,13.820433,0.020452132,128.97223,13.820433,-0.01120184,,,,,,,,,,,,,,,,,,,,,,,,,,,,,128.97223,13.820433,1.0000001e-07,128.97223,13.820433,7.0,,,,,,,
128.97223,13.760474,0.065818824,128.97223,13.760474,0.061594527,,,,,,,,,,,,,,,,,,,,,,,,,,,,,,,,,,,,,,,,,,,,,,,,,,,,,,,,,,,,,128.97223,13.760474,0.39956555,128.97223,13.760474,0.1107336,,,,,,,,,,,,,,,,,128.97223,13.850411,0.018662222,128.97223,13.850411,-0.020329101,,,,,,,,,,,,,,,,,,,,,,,,,,,,,128.97223,13.850411,1.0000001e-07,128.97223,13.850411,7.0,,,,,,,
128.97223,13.790453,0.06485201,128.97223,13.790453,0.061892014,,,,,,,,,,,,,,,,,,,,,,,,,,,,,,,,,,,,,,,,,,,,,,,,,,,,,,,,,,,,,128.97223,13.790453,0.047331437,128.97223,13.790453,0.2718074,,,,,,,,,,,,,,,,,128.97223,13.880391,0.10282025,128.97223,13.880391,0.021447182,,,,,,,,,,,,,,,,,,,,,,,,,,,,,128.97223,13.880391,1.0000001e-07,128.97223,13.880391,7.0,,,,,,,
128.97223,13.820433,0.06525361,128.97223,13.820433,0.061073925,,,,,,,,,,,,,,,,,,,,,,,,,,,,,,,,,,,,,,,,,,,,,,,,,,,,,,,,,,,,,128.97223,13.820433,0.20816626,128.97223,13.820433,-0.038673274,,,,,,,,,,,,,,,,,128.97223,13.91037,0.051157374,128.97223,13.91037,-0.019636115,,,,,,,,,,,,,,,,,,,,,,,,,,,,,128.97223,13.91037,1.0000001e-07,128.97223,13.91037,7.0,,,,,,,
128.97223,13.850411,0.06520899,128.97223,13.850411,0.06079132,,,,,,,,,,,,,,,,,,,,,,,,,,,,,,,,,,,,,,,,,,,,,,,,,,,,,,,,,,,,,128.97223,13.850411,0.19796377,128.97223,13.850411,-0.10671042,,,,,,,,,,,,,,,,,128.97223,13.94035,0.0058380566,128.97223,13.94035,0.022861116,,,,,,,,,,,,,,,,,,,,,,,,,,,,,128.97223,13.94035,1.0000001e-07,128.97223,13.94035,7.0,,,,,,,
128.97223,13.880391,0.06696416,128.97223,13.880391,0.0617284,,,,,,,,,,,,,,,,,,,,,,,,,,,,,,,,,,,,,,,,,,,,,,,,,,,,,,,,,,,,,128.97223,13.880391,0.81824327,128.97223,13.880391,0.17622416,,,,,,,,,,,,,,,,,128.97223,13.970328,-0.05413452,128.97223,13.970328,0.0041048797,,,,,,,,,,,,,,,,,,,,,,,,,,,,,128.97223,13.970328,1.0000001e-07,128.97223,13.970328,7.0,,,,,,,
128.97223,13.91037,0.065848574,128.97223,13.91037,0.06095493,,,,,,,,,,,,,,,,,,,,,,,,,,,,,,,,,,,,,,,,,,,,,,,,,,,,,,,,,,,,,128.97223,13.91037,0.41504765,128.97223,13.91037,-0.04571588,,,,,,,,,,,,,,,,,128.97223,14.000308,-0.012499749,128.97223,14.000308,0.01340715,,,,,,,,,,,,,,,,,,,,,,,,,,,,,128.97223,14.000308,1.0000001e-07,128.97223,14.000308,7.0,,,,,,,
128.97223,13.94035,0.06492636,128.97223,13.94035,0.061832514,,,,,,,,,,,,,,,,,,,,,,,,,,,,,,,,,,,,,,,,,,,,,,,,,,,,,,,,,,,,,128.97223,13.94035,0.09396438,128.97223,13.94035,0.17752415,,,,,,,,,,,,,,,,,128.97223,14.030287,-0.005282407,128.97223,14.030287,-0.020125879,,,,,,,,,,,,,,,,,,,,,,,,,,,,,128.97223,14.030287,1.0000001e-07,128.97223,14.030287,7.0,,,,,,,
128.97223,13.970328,0.06364718,128.97223,13.970328,0.061371412,,,,,,,,,,,,,,,,,,,,,,,,,,,,,,,,,,,,,,,,,,,,,,,,,,,,,,,,,,,,,128.97223,13.970328,-0.390128,128.97223,13.970328,0.060752317,,,,,,,,,,,,,,,,,128.97223,14.0602665,0.005746879,128.97223,14.0602665,-0.073076695,,,,,,,,,,,,,,,,,,,,,,,,,,,,,128.97223,14.0602665,1.0000001e-07,128.97223,14.0602665,7.0,,,,,,,
128.97223,14.000308,0.06448014,128.97223,14.000308,0.061594527,,,,,,,,,,,,,,,,,,,,,,,,,,,,,,,,,,,,,,,,,,,,,,,,,,,,,,,,,,,,,128.97223,14.000308,-0.06548652,128.97223,14.000308,0.15776569,,,,,,,,,,,,,,,,,128.97223,14.090245,0.042842507,128.97223,14.090245,-0.007598087,,,,,,,,,,,,,,,,,,,,,,,,,,,,,128.97223,14.090245,1.0000001e-07,128.97223,14.090245,7.0,,,,,,,
128.97223,14.030287,0.064703256,128.97223,14.030287,0.06091031,,,,,,,,,,,,,,,,,,,,,,,,,,,,,,,,,,,,,,,,,,,,,,,,,,,,,,,,,,,,,128.97223,14.030287,0.014422787,128.97223,14.030287,-0.10679132,,,,,,,,,,,,,,,,,128.97223,14.120225,-0.04796952,128.97223,14.120225,-0.05124185,,,,,,,,,,,,,,,,,,,,,,,,,,,,,128.97223,14.120225,1.0000001e-07,128.97223,14.120225,7.0,,,,,,,
128.97223,14.0602665,0.06488175,128.97223,14.0602665,0.05982448,,,,,,,,,,,,,,,,,,,,,,,,,,,,,,,,,,,,,,,,,,,,,,,,,,,,,,,,,,,,,128.97223,14.0602665,0.061488733,128.97223,14.0602665,-0.5161058,,,,,,,,,,,,,,,,,128.97223,14.150205,0.051815055,128.97223,14.150205,-0.0355664,,,,,,,,,,,,,,,,,,,,,,,,,,,,,128.97223,14.150205,1.0000001e-07,128.97223,14.150205,7.0,,,,,,,
128.97223,14.090245,0.06567009,128.97223,14.090245,0.061178047,,,,,,,,,,,,,,,,,,,,,,,,,,,,,,,,,,,,,,,,,,,,,,,,,,,,,,,,,,,,,128.97223,14.090245,0.3374135,128.97223,14.090245,0.024026103,,,,,,,,,,,,,,,,,128.97223,14.180183,0.025126109,128.97223,14.180183,-0.029614247,,,,,,,,,,,,,,,,,,,,,,,,,,,,,128.97223,14.180183,1.0000001e-07,128.97223,14.180183,7.0,,,,,,,
128.97223,14.120225,0.063795924,128.97223,14.120225,0.060240965,,,,,,,,,,,,,,,,,,,,,,,,,,,,,,,,,,,,,,,,,,,,,,,,,,,,,,,,,,,,,128.97223,14.120225,-0.3128793,128.97223,14.120225,-0.31605026,,,,,,,,,,,,,,,,,128.97223,14.210163,0.033963576,128.97223,14.210163,0.0042473823,,,,,,,,,,,,,,,,,,,,,,,,,,,,,128.97223,14.210163,1.0000001e-07,128.97223,14.210163,7.0,,,,,,,
128.97223,14.150204,0.06583371,128.97223,14.150204,0.060612824,,,,,,,,,,,,,,,,,,,,,,,,,,,,,,,,,,,,,,,,,,,,,,,,,,,,,,,,,,,,,128.97223,14.150204,0.39011532,128.97223,14.150204,-0.2547683,,,,,,,,,,,,,,,,,128.97223,14.240142,-0.0023613444,128.97223,14.240142,-0.03479193,,,,,,,,,,,,,,,,,,,,,,,,,,,,,128.97223,14.240142,1.0000001e-07,128.97223,14.240142,7.0,,,,,,,
128.97223,14.180183,0.06529823,128.97223,14.180183,0.06074669,,,,,,,,,,,,,,,,,,,,,,,,,,,,,,,,,,,,,,,,,,,,,,,,,,,,,,,,,,,,,128.97223,14.180183,0.19676784,128.97223,14.180183,-0.19797848,,,,,,,,,,,,,,,,,128.97223,14.270122,0.008454511,128.97223,14.270122,0.028366549,,,,,,,,,,,,,,,,,,,,,,,,,,,,,128.97223,14.270122,1.0000001e-07,128.97223,14.270122,7.0,,,,,,,
128.97223,14.210162,0.065521345,128.97223,14.210162,0.061356537,,,,,,,,,,,,,,,,,,,,,,,,,,,,,,,,,,,,,,,,,,,,,,,,,,,,,,,,,,,,,128.97223,14.210162,0.29675272,128.97223,14.210162,0.01866562,,,,,,,,,,,,,,,,,128.97223,14.3001,-0.03001125,128.97223,14.3001,-0.08966603,,,,,,,,,,,,,,,,,,,,,,,,,,,,,128.97223,14.3001,1.0000001e-07,128.97223,14.3001,7.0,,,,,,,
128.97223,14.240142,0.064688385,128.97223,14.240142,0.060612824,,,,,,,,,,,,,,,,,,,,,,,,,,,,,,,,,,,,,,,,,,,,,,,,,,,,,,,,,,,,,128.97223,14.240142,-0.011191708,128.97223,14.240142,-0.19433616,,,,,,,,,,,,,,,,,128.97223,14.33008,-0.1563787,128.97223,14.33008,0.064105,,,,,,,,,,,,,,,,,,,,,,,,,,,,,128.97223,14.33008,1.0000001e-07,128.97223,14.33008,7.0,,,,,,,
128.97223,14.270121,0.065015614,128.97223,14.270121,0.061877146,,,,,,,,,,,,,,,,,,,,,,,,,,,,,,,,,,,,,,,,,,,,,,,,,,,,,,,,,,,,,128.97223,14.270121,0.101114824,128.97223,14.270121,0.29133317,,,,,,,,,,,,,,,,,128.97223,14.360059,0.02862876,128.97223,14.360059,-0.073064096,,,,,,,,,,,,,,,,,,,,,,,,,,,,,128.97223,14.360059,1.0000001e-07,128.97223,14.360059,7.0,,,,,,,
128.97223,14.3001,0.064257026,128.97223,14.3001,0.059526995,,,,,,,,,,,,,,,,,,,,,,,,,,,,,,,,,,,,,,,,,,,,,,,,,,,,,,,,,,,,,128.97223,14.3001,-0.16114783,128.97223,14.3001,-0.6029156,,,,,,,,,,,,,,,,,128.97223,14.3900385,-0.0021432026,128.97223,14.3900385,0.016594961,,,,,,,,,,,,,,,,,,,,,,,,,,,,,128.97223,14.3900385,1.0000001e-07,128.97223,14.3900385,7.0,,,,,,,
128.97223,14.330079,0.061594527,128.97223,14.330079,0.062546484,,,,,,,,,,,,,,,,,,,,,,,,,,,,,,,,,,,,,,,,,,,,,,,,,,,,,,,,,,,,,128.97223,14.330079,-1.0751315,128.97223,14.330079,0.49405378,,,,,,,,,,,,,,,,,128.97223,14.420017,0.06369236,128.97223,14.420017,-0.08000347,,,,,,,,,,,,,,,,,,,,,,,,,,,,,128.97223,14.420017,1.0000001e-07,128.97223,14.420017,7.0,,,,,,,
128.97223,14.360059,0.06532797,128.97223,14.360059,0.05980961,,,,,,,,,,,,,,,,,,,,,,,,,,,,,,,,,,,,,,,,,,,,,,,,,,,,,,,,,,,,,128.97223,14.360059,0.22825357,128.97223,14.360059,-0.48213482,,,,,,,,,,,,,,,,,128.97223,14.449997,0.005857027,128.97223,14.449997,0.048020132,,,,,,,,,,,,,,,,,,,,,,,,,,,,,128.97223,14.449997,1.0000001e-07,128.97223,14.449997,7.0,,,,,,,
128.97223,14.390038,0.064733006,128.97223,14.390038,0.061609402,,,,,,,,,,,,,,,,,,,,,,,,,,,,,,,,,,,,,,,,,,,,,,,,,,,,,,,,,,,,,128.97223,14.390038,0.01558684,128.97223,14.390038,0.115305595,,,,,,,,,,,,,,,,,128.97223,14.479976,0.059236977,128.97223,14.479976,-0.04091364,,,,,,,,,,,,,,,,,,,,,,,,,,,,,128.97223,14.479976,1.0000001e-07,128.97223,14.479976,7.0,,,,,,,
128.97223,14.420017,0.06607169,128.97223,14.420017,0.059690613,,,,,,,,,,,,,,,,,,,,,,,,,,,,,,,,,,,,,,,,,,,,,,,,,,,,,,,,,,,,,128.97223,14.420017,0.48652247,128.97223,14.420017,-0.542361,,,,,,,,,,,,,,,,,128.97223,14.509955,-0.041885447,128.97223,14.509955,0.03983646,,,,,,,,,,,,,,,,,,,,,,,,,,,,,128.97223,14.509955,1.0000001e-07,128.97223,14.509955,7.0,,,,,,,
128.97223,14.449996,0.0649115,128.97223,14.449996,0.062219243,,,,,,,,,,,,,,,,,,,,,,,,,,,,,,,,,,,,,,,,,,,,,,,,,,,,,,,,,,,,,128.97223,14.449996,0.094067775,128.97223,14.449996,0.36351866,,,,,,,,,,,,,,,,,128.97223,14.539934,0.00095430017,128.97223,14.539934,-0.04122613,,,,,,,,,,,,,,,,,,,,,,,,,,,,,128.97223,14.539934,1.0000001e-07,128.97223,14.539934,7.0,,,,,,,
128.97223,14.479976,0.065922946,128.97223,14.479976,0.060464077,,,,,,,,,,,,,,,,,,,,,,,,,,,,,,,,,,,,,,,,,,,,,,,,,,,,,,,,,,,,,128.97223,14.479976,0.44315356,128.97223,14.479976,-0.27322924,,,,,,,,,,,,,,,,,128.97223,14.569914,0.021169495,128.97223,14.569914,0.08731794,,,,,,,,,,,,,,,,,,,,,,,,,,,,,128.97223,14.569914,1.0000001e-07,128.97223,14.569914,7.0,,,,,,,
128.97223,14.509955,0.063885175,128.97223,14.509955,0.06204076,,,,,,,,,,,,,,,,,,,,,,,,,,,,,,,,,,,,,,,,,,,,,,,,,,,,,,,,,,,,,128.97223,14.509955,-0.29884765,128.97223,14.509955,0.28176245,,,,,,,,,,,,,,,,,128.97223,14.599893,0.07558629,128.97223,14.599893,-0.01580862,,,,,,,,,,,,,,,,,,,,,,,,,,,,,128.97223,14.599893,1.0000001e-07,128.97223,14.599893,7.0,,,,,,,
128.97223,14.539934,0.06480738,128.97223,14.539934,0.060523577,,,,,,,,,,,,,,,,,,,,,,,,,,,,,,,,,,,,,,,,,,,,,,,,,,,,,,,,,,,,,128.97223,14.539934,0.060884755,128.97223,14.539934,-0.22216299,,,,,,,,,,,,,,,,,128.97223,14.629872,0.055748038,128.97223,14.629872,-0.051209163,,,,,,,,,,,,,,,,,,,,,,,,,,,,,128.97223,14.629872,1.0000001e-07,128.97223,14.629872,7.0,,,,,,,
128.97223,14.569914,0.06520899,128.97223,14.569914,0.062948085,,,,,,,,,,,,,,,,,,,,,,,,,,,,,,,,,,,,,,,,,,,,,,,,,,,,,,,,,,,,,128.97223,14.569914,0.17883813,128.97223,14.569914,0.60075366,,,,,,,,,,,,,,,,,128.97223,14.659851,-0.03686677,128.97223,14.659851,0.021496117,,,,,,,,,,,,,,,,,,,,,,,,,,,,,128.97223,14.659851,1.0000001e-07,128.97223,14.659851,7.0,,,,,,,
128.97223,14.599893,0.06623531,128.97223,14.599893,0.060925186,,,,,,,,,,,,,,,,,,,,,,,,,,,,,,,,,,,,,,,,,,,,,,,,,,,,,,,,,,,,,128.97223,14.599893,0.5335361,128.97223,14.599893,-0.13481191,,,,,,,,,,,,,,,,,128.97223,14.689831,0.011245514,128.97223,14.689831,0.019502448,,,,,,,,,,,,,,,,,,,,,,,,,,,,,128.97223,14.689831,1.0000001e-07,128.97223,14.689831,7.0,,,,,,,
128.97223,14.629872,0.06583371,128.97223,14.629872,0.060330205,,,,,,,,,,,,,,,,,,,,,,,,,,,,,,,,,,,,,,,,,,,,,,,,,,,,,,,,,,,,,128.97223,14.629872,0.41148925,128.97223,14.629872,-0.3515847,,,,,,,,,,,,,,,,,128.97223,14.71981,-0.019724138,128.97223,14.71981,-0.028639363,,,,,,,,,,,,,,,,,,,,,,,,,,,,,128.97223,14.71981,1.0000001e-07,128.97223,14.71981,7.0,,,,,,,
128.97223,14.659851,0.06404879,128.97223,14.659851,0.0617284,,,,,,,,,,,,,,,,,,,,,,,,,,,,,,,,,,,,,,,,,,,,,,,,,,,,,,,,,,,,,128.97223,14.659851,-0.25194022,128.97223,14.659851,0.1788742,,,,,,,,,,,,,,,,,128.97223,14.749789,-0.06672098,128.97223,14.749789,-0.022006521,,,,,,,,,,,,,,,,,,,,,,,,,,,,,128.97223,14.749789,1.0000001e-07,128.97223,14.749789,7.0,,,,,,,
128.97223,14.689831,0.06494124,128.97223,14.689831,0.0616689,,,,,,,,,,,,,,,,,,,,,,,,,,,,,,,,,,,,,,,,,,,,,,,,,,,,,,,,,,,,,128.97223,14.689831,0.1013774,128.97223,14.689831,0.17507222,,,,,,,,,,,,,,,,,128.97223,14.779768,0.036711078,128.97223,14.779768,0.02315061,,,,,,,,,,,,,,,,,,,,,,,,,,,,,128.97223,14.779768,1.0000001e-07,128.97223,14.779768,7.0,,,,,,,
128.97223,14.71981,0.06440577,128.97223,14.71981,0.060821064,,,,,,,,,,,,,,,,,,,,,,,,,,,,,,,,,,,,,,,,,,,,,,,,,,,,,,,,,,,,,128.97223,14.71981,-0.10049188,128.97223,14.71981,-0.15545683,,,,,,,,,,,,,,,,,128.97223,14.809748,0.0794266,128.97223,14.809748,-0.09977533,,,,,,,,,,,,,,,,,,,,,,,,,,,,,128.97223,14.809748,1.0000001e-07,128.97223,14.809748,7.0,,,,,,,
128.97223,14.749789,0.06349844,128.97223,14.749789,0.060850814,,,,,,,,,,,,,,,,,,,,,,,,,,,,,,,,,,,,,,,,,,,,,,,,,,,,,,,,,,,,,128.97223,14.749789,-0.41360414,128.97223,14.749789,-0.12411658,,,,,,,,,,,,,,,,,128.97223,14.839726,0.009922451,128.97223,14.839726,0.06315027,,,,,,,,,,,,,,,,,,,,,,,,,,,,,128.97223,14.839726,1.0000001e-07,128.97223,14.839726,7.0,,,,,,,
128.97223,14.779768,0.06544697,128.97223,14.779768,0.06169864,,,,,,,,,,,,,,,,,,,,,,,,,,,,,,,,,,,,,,,,,,,,,,,,,,,,,,,,,,,,,128.97223,14.779768,0.2660555,128.97223,14.779768,0.16668528,,,,,,,,,,,,,,,,,128.97223,14.869706,-0.0053576115,128.97223,14.869706,-0.04256497,,,,,,,,,,,,,,,,,,,,,,,,,,,,,128.97223,14.869706,1.0000001e-07,128.97223,14.869706,7.0,,,,,,,
128.97223,14.809748,0.06625019,128.97223,14.809748,0.059467502,,,,,,,,,,,,,,,,,,,,,,,,,,,,,,,,,,,,,,,,,,,,,,,,,,,,,,,,,,,,,128.97223,14.809748,0.5561249,128.97223,14.809748,-0.6147075,,,,,,,,,,,,,,,,,128.97223,14.899685,-0.035668515,128.97223,14.899685,-0.07333252,,,,,,,,,,,,,,,,,,,,,,,,,,,,,128.97223,14.899685,1.0000001e-07,128.97223,14.899685,7.0,,,,,,,
128.97223,14.839726,0.064985864,128.97223,14.839726,0.062427487,,,,,,,,,,,,,,,,,,,,,,,,,,,,,,,,,,,,,,,,,,,,,,,,,,,,,,,,,,,,,128.97223,14.839726,0.10169739,128.97223,14.839726,0.3857646,,,,,,,,,,,,,,,,,128.97223,14.929665,0.04872646,128.97223,14.929665,-0.010397941,,,,,,,,,,,,,,,,,,,,,,,,,,,,,128.97223,14.929665,1.0000001e-07,128.97223,14.929665,7.0,,,,,,,
128.97223,14.869706,0.06465863,128.97223,14.869706,0.06047895,,,,,,,,,,,,,,,,,,,,,,,,,,,,,,,,,,,,,,,,,,,,,,,,,,,,,,,,,,,,,128.97223,14.869706,0.0035149786,128.97223,14.869706,-0.25906822,,,,,,,,,,,,,,,,,128.97223,14.959643,0.08643309,128.97223,14.959643,0.003491525,,,,,,,,,,,,,,,,,,,,,,,,,,,,,128.97223,14.959643,1.0000001e-07,128.97223,14.959643,7.0,,,,,,,
128.97223,14.899685,0.06412316,128.97223,14.899685,0.05994348,,,,,,,,,,,,,,,,,,,,,,,,,,,,,,,,,,,,,,,,,,,,,,,,,,,,,,,,,,,,,128.97223,14.899685,-0.20230597,128.97223,14.899685,-0.4257094,,,,,,,,,,,,,,,,,128.97223,14.989623,-0.007852473,128.97223,14.989623,-0.027847996,,,,,,,,,,,,,,,,,,,,,,,,,,,,,128.97223,14.989623,1.0000001e-07,128.97223,14.989623,7.0,,,,,,,
128.97223,14.929665,0.065670095,128.97223,14.929665,0.061103676,,,,,,,,,,,,,,,,,,,,,,,,,,,,,,,,,,,,,,,,,,,,,,,,,,,,,,,,,,,,,128.97223,14.929665,0.33742777,128.97223,14.929665,-0.031368587,,,,,,,,,,,,,,,,,128.97223,15.019603,-0.008940016,128.97223,15.019603,-0.015894592,,,,,,,,,,,,,,,,,,,,,,,,,,,,,128.97223,15.019603,1.0000001e-07,128.97223,15.019603,7.0,,,,,,,
128.97223,14.959643,0.066339426,128.97223,14.959643,0.061386295,,,,,,,,,,,,,,,,,,,,,,,,,,,,,,,,,,,,,,,,,,,,,,,,,,,,,,,,,,,,,128.97223,14.959643,0.55007255,128.97223,14.959643,0.06585243,,,,,,,,,,,,,,,,,128.97223,15.049582,0.0021255484,128.97223,15.049582,0.028694242,,,,,,,,,,,,,,,,,,,,,,,,,,,,,128.97223,15.049582,1.0000001e-07,128.97223,15.049582,7.0,,,,,,,
128.97223,14.989623,0.06458426,128.97223,14.989623,0.06083594,,,,,,,,,,,,,,,,,,,,,,,,,,,,,,,,,,,,,,,,,,,,,,,,,,,,,,,,,,,,,128.97223,14.989623,-0.029280385,128.97223,14.989623,-0.16454032,,,,,,,,,,,,,,,,,128.97223,15.079561,-0.010201769,128.97223,15.079561,0.024110079,,,,,,,,,,,,,,,,,,,,,,,,,,,,,128.97223,15.079561,1.0000001e-07,128.97223,15.079561,7.0,,,,,,,
128.97223,15.019602,0.06452477,128.97223,15.019602,0.06098468,,,,,,,,,,,,,,,,,,,,,,,,,,,,,,,,,,,,,,,,,,,,,,,,,,,,,,,,,,,,,128.97223,15.019602,-0.08137972,128.97223,15.019602,-0.09387299,,,,,,,,,,,,,,,,,128.97223,15.10954,0.05277997,128.97223,15.10954,0.008173436,,,,,,,,,,,,,,,,,,,,,,,,,,,,,128.97223,15.10954,1.0000001e-07,128.97223,15.10954,7.0,,,,,,,
128.97223,15.049582,0.06477763,128.97223,15.049582,0.061847396,,,,,,,,,,,,,,,,,,,,,,,,,,,,,,,,,,,,,,,,,,,,,,,,,,,,,,,,,,,,,128.97223,15.049582,0.035089273,128.97223,15.049582,0.19348803,,,,,,,,,,,,,,,,,128.97223,15.13952,0.019278143,128.97223,15.13952,-0.019623693,,,,,,,,,,,,,,,,,,,,,,,,,,,,,128.97223,15.13952,1.0000001e-07,128.97223,15.13952,7.0,,,,,,,
128.97223,15.07956,0.064569384,128.97223,15.07956,0.061713524,,,,,,,,,,,,,,,,,,,,,,,,,,,,,,,,,,,,,,,,,,,,,,,,,,,,,,,,,,,,,128.97223,15.07956,-0.037868783,128.97223,15.07956,0.16428058,,,,,,,,,,,,,,,,,128.97223,15.169498,-0.045322165,128.97223,15.169498,-0.042597093,,,,,,,,,,,,,,,,,,,,,,,,,,,,,128.97223,15.169498,1.0000001e-07,128.97223,15.169498,7.0,,,,,,,
128.97223,15.10954,0.06578908,128.97223,15.10954,0.06138628,,,,,,,,,,,,,,,,,,,,,,,,,,,,,,,,,,,,,,,,,,,,,,,,,,,,,,,,,,,,,128.97223,15.10954,0.36535385,128.97223,15.10954,0.09985496,,,,,,,,,,,,,,,,,128.97223,15.199478,-0.009644047,128.97223,15.199478,0.0040787924,,,,,,,,,,,,,,,,,,,,,,,,,,,,,128.97223,15.199478,1.0000001e-07,128.97223,15.199478,7.0,,,,,,,
128.97223,15.139519,0.06511974,128.97223,15.139519,0.060940053,,,,,,,,,,,,,,,,,,,,,,,,,,,,,,,,,,,,,,,,,,,,,,,,,,,,,,,,,,,,,128.97223,15.139519,0.13554992,128.97223,15.139519,-0.093836516,,,,,,,,,,,,,,,,,128.97223,15.229457,0.057078294,128.97223,15.229457,0.06413453,,,,,,,,,,,,,,,,,,,,,,,,,,,,,128.97223,15.229457,1.0000001e-07,128.97223,15.229457,7.0,,,,,,,
128.97223,15.169498,0.06394467,128.97223,15.169498,0.060583074,,,,,,,,,,,,,,,,,,,,,,,,,,,,,,,,,,,,,,,,,,,,,,,,,,,,,,,,,,,,,128.97223,15.169498,-0.25202504,128.97223,15.169498,-0.20814517,,,,,,,,,,,,,,,,,128.97223,15.259437,-0.017082304,128.97223,15.259437,0.066477574,,,,,,,,,,,,,,,,,,,,,,,,,,,,,128.97223,15.259437,1.0000001e-07,128.97223,15.259437,7.0,,,,,,,
128.97223,15.199477,0.06453964,128.97223,15.199477,0.061326787,,,,,,,,,,,,,,,,,,,,,,,,,,,,,,,,,,,,,,,,,,,,,,,,,,,,,,,,,,,,,128.97223,15.199477,-0.06037293,128.97223,15.199477,0.078819714,,,,,,,,,,,,,,,,,128.97223,15.289415,-0.024142329,128.97223,15.289415,-0.03761763,,,,,,,,,,,,,,,,,,,,,,,,,,,,,128.97223,15.289415,1.0000001e-07,128.97223,15.289415,7.0,,,,,,,
128.97223,15.229457,0.06575933,128.97223,15.229457,0.062338248,,,,,,,,,,,,,,,,,,,,,,,,,,,,,,,,,,,,,,,,,,,,,,,,,,,,,,,,,,,,,128.97223,15.229457,0.3898679,128.97223,15.229457,0.4317287,,,,,,,,,,,,,,,,,128.97223,15.319395,0.020797841,128.97223,15.319395,0.19896181,,,,,,,,,,,,,,,,,,,,,,,,,,,,,128.97223,15.319395,1.0000001e-07,128.97223,15.319395,7.0,,,,,,,
128.97223,15.259436,0.06452476,128.97223,15.259436,0.062412605,,,,,,,,,,,,,,,,,,,,,,,,,,,,,,,,,,,,,,,,,,,,,,,,,,,,,,,,,,,,,128.97223,15.259436,-0.031142116,128.97223,15.259436,0.42391127,,,,,,,,,,,,,,,,,128.97223,15.349374,0.01731056,128.97223,15.349374,0.0049047004,,,,,,,,,,,,,,,,,,,,,,,,,,,,,128.97223,15.349374,1.0000001e-07,128.97223,15.349374,7.0,,,,,,,
128.97223,15.289415,0.064316526,128.97223,15.289415,0.06055332,,,,,,,,,,,,,,,,,,,,,,,,,,,,,,,,,,,,,,,,,,,,,,,,,,,,,,,,,,,,,128.97223,15.289415,-0.13372377,128.97223,15.289415,-0.24824391,,,,,,,,,,,,,,,,,128.97223,15.379354,0.03022411,128.97223,15.379354,-0.025766946,,,,,,,,,,,,,,,,,,,,,,,,,,,,,128.97223,15.379354,1.0000001e-07,128.97223,15.379354,7.0,,,,,,,
128.97223,15.319394,0.06516436,128.97223,15.319394,0.064703256,,,,,,,,,,,,,,,,,,,,,,,,,,,,,,,,,,,,,,,,,,,,,,,,,,,,,,,,,,,,,128.97223,15.319394,0.16415504,128.97223,15.319394,1.2510446,,,,,,,,,,,,,,,,,128.97223,15.409332,-0.009826776,128.97223,15.409332,0.06595998,,,,,,,,,,,,,,,,,,,,,,,,,,,,,128.97223,15.409332,1.0000001e-07,128.97223,15.409332,7.0,,,,,,,
128.97223,15.349374,0.06506024,128.97223,15.349374,0.061326787,,,,,,,,,,,,,,,,,,,,,,,,,,,,,,,,,,,,,,,,,,,,,,,,,,,,,,,,,,,,,128.97223,15.349374,0.13726701,128.97223,15.349374,0.015440796,,,,,,,,,,,,,,,,,128.97223,15.439312,0.01985704,128.97223,15.439312,0.07341397,,,,,,,,,,,,,,,,,,,,,,,,,,,,,128.97223,15.439312,1.0000001e-07,128.97223,15.439312,7.0,,,,,,,
128.97223,15.379354,0.06529823,128.97223,15.379354,0.060850814,,,,,,,,,,,,,,,,,,,,,,,,,,,,,,,,,,,,,,,,,,,,,,,,,,,,,,,,,,,,,128.97223,15.379354,0.21430367,128.97223,15.379354,-0.13071263,,,,,,,,,,,,,,,,,128.97223,15.469291,-0.056263283,128.97223,15.469291,-0.055019557,,,,,,,,,,,,,,,,,,,,,,,,,,,,,128.97223,15.469291,1.0000001e-07,128.97223,15.469291,7.0,,,,,,,
128.97223,15.409332,0.064628884,128.97223,15.409332,0.062472112,,,,,,,,,,,,,,,,,,,,,,,,,,,,,,,,,,,,,,,,,,,,,,,,,,,,,,,,,,,,,128.97223,15.409332,-0.029672781,128.97223,15.409332,0.43738696,,,,,,,,,,,,,,,,,128.97223,15.49927,-0.02392539,128.97223,15.49927,0.07093248,,,,,,,,,,,,,,,,,,,,,,,,,,,,,128.97223,15.49927,1.0000001e-07,128.97223,15.49927,7.0,,,,,,,
128.97223,15.439312,0.06506024,128.97223,15.439312,0.062561356,,,,,,,,,,,,,,,,,,,,,,,,,,,,,,,,,,,,,,,,,,,,,,,,,,,,,,,,,,,,,128.97223,15.439312,0.13018548,128.97223,15.439312,0.48568165,,,,,,,,,,,,,,,,,128.97223,15.529249,0.055577014,128.97223,15.529249,0.047013324,,,,,,,,,,,,,,,,,,,,,,,,,,,,,128.97223,15.529249,1.0000001e-07,128.97223,15.529249,7.0,,,,,,,
128.97223,15.469291,0.063840546,128.97223,15.469291,0.060359955,,,,,,,,,,,,,,,,,,,,,,,,,,,,,,,,,,,,,,,,,,,,,,,,,,,,,,,,,,,,,128.97223,15.469291,-0.29394254,128.97223,15.469291,-0.2797789,,,,,,,,,,,,,,,,,128.97223,15.559229,0.048042774,128.97223,15.559229,0.016357971,,,,,,,,,,,,,,,,,,,,,,,,,,,,,128.97223,15.559229,1.0000001e-07,128.97223,15.559229,7.0,,,,,,,
128.97223,15.49927,0.06431653,128.97223,15.49927,0.06245723,,,,,,,,,,,,,,,,,,,,,,,,,,,,,,,,,,,,,,,,,,,,,,,,,,,,,,,,,,,,,128.97223,15.49927,-0.11538006,128.97223,15.49927,0.48568398,,,,,,,,,,,,,,,,,128.97223,15.589208,-0.015385519,128.97223,15.589208,0.027792491,,,,,,,,,,,,,,,,,,,,,,,,,,,,,128.97223,15.589208,1.0000001e-07,128.97223,15.589208,7.0,,,,,,,
128.97223,15.529249,0.065699846,128.97223,15.529249,0.06201101,,,,,,,,,,,,,,,,,,,,,,,,,,,,,,,,,,,,,,,,,,,,,,,,,,,,,,,,,,,,,128.97223,15.529249,0.3488999,128.97223,15.529249,0.24673833,,,,,,,,,,,,,,,,,128.97223,15.619187,-0.020207593,128.97223,15.619187,-0.05268204,,,,,,,,,,,,,,,,,,,,,,,,,,,,,128.97223,15.619187,1.0000001e-07,128.97223,15.619187,7.0,,,,,,,
128.97223,15.559229,0.06556597,128.97223,15.559229,0.06163915,,,,,,,,,,,,,,,,,,,,,,,,,,,,,,,,,,,,,,,,,,,,,,,,,,,,,,,,,,,,,128.97223,15.559229,0.29313523,128.97223,15.559229,0.17147672,,,,,,,,,,,,,,,,,128.97223,15.649166,0.010622675,128.97223,15.649166,-0.02031552,,,,,,,,,,,,,,,,,,,,,,,,,,,,,128.97223,15.649166,1.0000001e-07,128.97223,15.649166,7.0,,,,,,,
128.97223,15.589208,0.06449502,128.97223,15.589208,0.061758146,,,,,,,,,,,,,,,,,,,,,,,,,,,,,,,,,,,,,,,,,,,,,,,,,,,,,,,,,,,,,128.97223,15.589208,-0.06297609,128.97223,15.589208,0.1396784,,,,,,,,,,,,,,,,,128.97223,15.679146,0.020913146,128.97223,15.679146,0.018549995,,,,,,,,,,,,,,,,,,,,,,,,,,,,,128.97223,15.679146,1.0000001e-07,128.97223,15.679146,7.0,,,,,,,
128.97223,15.619187,0.06448015,128.97223,15.619187,0.060389712,,,,,,,,,,,,,,,,,,,,,,,,,,,,,,,,,,,,,,,,,,,,,,,,,,,,,,,,,,,,,128.97223,15.619187,-0.05888445,128.97223,15.619187,-0.2667399,,,,,,,,,,,,,,,,,128.97223,15.709125,0.048102736,128.97223,15.709125,-0.01836578,,,,,,,,,,,,,,,,,,,,,,,,,,,,,128.97223,15.709125,1.0000001e-07,128.97223,15.709125,7.0,,,,,,,
128.97223,15.649166,0.06492637,128.97223,15.649166,0.060954936,,,,,,,,,,,,,,,,,,,,,,,,,,,,,,,,,,,,,,,,,,,,,,,,,,,,,,,,,,,,,128.97223,15.649166,0.060760636,128.97223,15.649166,-0.09939347,,,,,,,,,,,,,,,,,128.97223,15.739104,-0.0344349,128.97223,15.739104,-0.076427825,,,,,,,,,,,,,,,,,,,,,,,,,,,,,128.97223,15.739104,1.0000001e-07,128.97223,15.739104,7.0,,,,,,,
128.97223,15.679146,0.065104865,128.97223,15.679146,0.061654024,,,,,,,,,,,,,,,,,,,,,,,,,,,,,,,,,,,,,,,,,,,,,,,,,,,,,,,,,,,,,128.97223,15.679146,0.16011639,128.97223,15.679146,0.19741903,,,,,,,,,,,,,,,,,128.97223,15.769083,-0.02974574,128.97223,15.769083,-0.054536894,,,,,,,,,,,,,,,,,,,,,,,,,,,,,128.97223,15.769083,1.0000001e-07,128.97223,15.769083,7.0,,,,,,,
128.97223,15.709125,0.06553622,128.97223,15.709125,0.06095493,,,,,,,,,,,,,,,,,,,,,,,,,,,,,,,,,,,,,,,,,,,,,,,,,,,,,,,,,,,,,128.97223,15.709125,0.2906524,128.97223,15.709125,-0.059459846,,,,,,,,,,,,,,,,,128.97223,15.799063,0.003230272,128.97223,15.799063,-0.026780847,,,,,,,,,,,,,,,,,,,,,,,,,,,,,128.97223,15.799063,1.0000001e-07,128.97223,15.799063,7.0,,,,,,,
128.97223,15.739104,0.064167775,128.97223,15.739104,0.0599881,,,,,,,,,,,,,,,,,,,,,,,,,,,,,,,,,,,,,,,,,,,,,,,,,,,,,,,,,,,,,128.97223,15.739104,-0.18068534,128.97223,15.739104,-0.44951904,,,,,,,,,,,,,,,,,128.97223,15.829042,-0.06419163,128.97223,15.829042,-0.04616727,,,,,,,,,,,,,,,,,,,,,,,,,,,,,128.97223,15.829042,1.0000001e-07,128.97223,15.829042,7.0,,,,,,,
128.97223,15.769083,0.06425703,128.97223,15.769083,0.060359955,,,,,,,,,,,,,,,,,,,,,,,,,,,,,,,,,,,,,,,,,,,,,,,,,,,,,,,,,,,,,128.97223,15.769083,-0.15727538,128.97223,15.769083,-0.29924285,,,,,,,,,,,,,,,,,128.97223,15.859021,-0.013435844,128.97223,15.859021,-0.08080431,,,,,,,,,,,,,,,,,,,,,,,,,,,,,128.97223,15.859021,1.0000001e-07,128.97223,15.859021,7.0,,,,,,,
128.97223,15.799063,0.06480738,128.97223,15.799063,0.060895436,,,,,,,,,,,,,,,,,,,,,,,,,,,,,,,,,,,,,,,,,,,,,,,,,,,,,,,,,,,,,128.97223,15.799063,0.033198204,128.97223,15.799063,-0.12129249,,,,,,,,,,,,,,,,,128.97223,15.889001,-0.010110703,128.97223,15.889001,-0.026729094,,,,,,,,,,,,,,,,,,,,,,,,,,,,,128.97223,15.889001,1.0000001e-07,128.97223,15.889001,7.0,,,,,,,
128.97223,15.8290415,0.06367692,128.97223,15.8290415,0.06047895,,,,,,,,,,,,,,,,,,,,,,,,,,,,,,,,,,,,,,,,,,,,,,,,,,,,,,,,,,,,,128.97223,15.8290415,-0.34265906,128.97223,15.8290415,-0.27850294,,,,,,,,,,,,,,,,,128.97223,15.91898,0.047485624,128.97223,15.91898,-0.008892558,,,,,,,,,,,,,,,,,,,,,,,,,,,,,128.97223,15.91898,1.0000001e-07,128.97223,15.91898,7.0,,,,,,,
128.97223,15.859021,0.06455452,128.97223,15.859021,0.05991373,,,,,,,,,,,,,,,,,,,,,,,,,,,,,,,,,,,,,,,,,,,,,,,,,,,,,,,,,,,,,128.97223,15.859021,-0.038500562,128.97223,15.859021,-0.51296705,,,,,,,,,,,,,,,,,128.97223,15.948959,-0.13563564,128.97223,15.948959,-0.05671243,,,,,,,,,,,,,,,,,,,,,,,,,,,,,128.97223,15.948959,1.0000001e-07,128.97223,15.948959,7.0,,,,,,,
128.97223,15.889,0.064643756,128.97223,15.889,0.06083593,,,,,,,,,,,,,,,,,,,,,,,,,,,,,,,,,,,,,,,,,,,,,,,,,,,,,,,,,,,,,128.97223,15.889,-0.006506082,128.97223,15.889,-0.07639914,,,,,,,,,,,,,,,,,128.97223,15.978938,0.018737357,128.97223,15.978938,-0.011516765,,,,,,,,,,,,,,,,,,,,,,,,,,,,,128.97223,15.978938,1.0000001e-07,128.97223,15.978938,7.0,,,,,,,
128.97223,15.91898,0.06550647,128.97223,15.91898,0.061103676,,,,,,,,,,,,,,,,,,,,,,,,,,,,,,,,,,,,,,,,,,,,,,,,,,,,,,,,,,,,,128.97223,15.91898,0.28538582,128.97223,15.91898,-0.065363914,,,,,,,,,,,,,,,,,128.97223,16.008917,0.024994893,128.97223,16.008917,0.046109717,,,,,,,,,,,,,,,,,,,,,,,,,,,,,128.97223,16.008917,1.0000001e-07,128.97223,16.008917,7.0,,,,,,,
128.97223,15.948958,0.06257623,128.97223,15.948958,0.060359955,,,,,,,,,,,,,,,,,,,,,,,,,,,,,,,,,,,,,,,,,,,,,,,,,,,,,,,,,,,,,128.97223,15.948958,-0.7370331,128.97223,15.948958,-0.33012235,,,,,,,,,,,,,,,,,128.97223,16.038897,0.019351164,128.97223,16.038897,0.08379156,,,,,,,,,,,,,,,,,,,,,,,,,,,,,128.97223,16.038897,1.0000001e-07,128.97223,16.038897,7.0,,,,,,,
128.97223,15.978938,0.065060236,128.97223,15.978938,0.061103676,,,,,,,,,,,,,,,,,,,,,,,,,,,,,,,,,,,,,,,,,,,,,,,,,,,,,,,,,,,,,128.97223,15.978938,0.11671497,128.97223,15.978938,0.004180577,,,,,,,,,,,,,,,,,128.97223,16.068876,-0.06718663,128.97223,16.068876,-0.0038050348,,,,,,,,,,,,,,,,,,,,,,,,,,,,,128.97223,16.068876,1.0000001e-07,128.97223,16.068876,7.0,,,,,,,
128.97223,16.008917,0.06516436,128.97223,16.008917,0.06201101,,,,,,,,,,,,,,,,,,,,,,,,,,,,,,,,,,,,,,,,,,,,,,,,,,,,,,,,,,,,,128.97223,16.008917,0.1807216,128.97223,16.008917,0.2862388,,,,,,,,,,,,,,,,,128.97223,16.098856,-0.075880684,128.97223,16.098856,-0.048084907,,,,,,,,,,,,,,,,,,,,,,,,,,,,,128.97223,16.098856,1.0000001e-07,128.97223,16.098856,7.0,,,,,,,
128.97223,16.038897,0.065104865,128.97223,16.038897,0.062561356,,,,,,,,,,,,,,,,,,,,,,,,,,,,,,,,,,,,,,,,,,,,,,,,,,,,,,,,,,,,,128.97223,16.038897,0.15008831,128.97223,16.038897,0.46621302,,,,,,,,,,,,,,,,,128.97223,16.128834,-0.12439317,128.97223,16.128834,-0.100209884,,,,,,,,,,,,,,,,,,,,,,,,,,,,,128.97223,16.128834,1.0000001e-07,128.97223,16.128834,7.0,,,,,,,
128.97223,16.068876,0.06369181,128.97223,16.068876,0.06123754,,,,,,,,,,,,,,,,,,,,,,,,,,,,,,,,,,,,,,,,,,,,,,,,,,,,,,,,,,,,,128.97223,16.068876,-0.34289294,128.97223,16.068876,0.009717558,,,,,,,,,,,,,,,,,128.97223,16.158813,0.02183947,128.97223,16.158813,0.003112509,,,,,,,,,,,,,,,,,,,,,,,,,,,,,128.97223,16.158813,1.0000001e-07,128.97223,16.158813,7.0,,,,,,,
128.97223,16.098854,0.063498445,128.97223,16.098854,0.0605682,,,,,,,,,,,,,,,,,,,,,,,,,,,,,,,,,,,,,,,,,,,,,,,,,,,,,,,,,,,,,128.97223,16.098854,-0.40629116,128.97223,16.098854,-0.23925659,,,,,,,,,,,,,,,,,128.97223,16.188793,0.019389857,128.97223,16.188793,-0.054012142,,,,,,,,,,,,,,,,,,,,,,,,,,,,,128.97223,16.188793,1.0000001e-07,128.97223,16.188793,7.0,,,,,,,
128.97223,16.128834,0.06281422,128.97223,16.128834,0.05970549,,,,,,,,,,,,,,,,,,,,,,,,,,,,,,,,,,,,,,,,,,,,,,,,,,,,,,,,,,,,,128.97223,16.128834,-0.6679843,128.97223,16.128834,-0.53451836,,,,,,,,,,,,,,,,,128.97223,16.218773,-0.042657204,128.97223,16.218773,-0.028302372,,,,,,,,,,,,,,,,,,,,,,,,,,,,,128.97223,16.218773,1.0000001e-07,128.97223,16.218773,7.0,,,,,,,
128.97223,16.158813,0.065089986,128.97223,16.158813,0.06123754,,,,,,,,,,,,,,,,,,,,,,,,,,,,,,,,,,,,,,,,,,,,,,,,,,,,,,,,,,,,,128.97223,16.158813,0.15268697,128.97223,16.158813,0.048069138,,,,,,,,,,,,,,,,,128.97223,16.24875,0.124328785,128.97223,16.24875,0.006391211,,,,,,,,,,,,,,,,,,,,,,,,,,,,,128.97223,16.24875,1.0000001e-07,128.97223,16.24875,7.0,,,,,,,
128.97223,16.188793,0.06506024,128.97223,16.188793,0.060434327,,,,,,,,,,,,,,,,,,,,,,,,,,,,,,,,,,,,,,,,,,,,,,,,,,,,,,,,,,,,,128.97223,16.188793,0.12948267,128.97223,16.188793,-0.2839954,,,,,,,,,,,,,,,,,128.97223,16.27873,0.019193035,128.97223,16.27873,-0.058042604,,,,,,,,,,,,,,,,,,,,,,,,,,,,,128.97223,16.27873,1.0000001e-07,128.97223,16.27873,7.0,,,,,,,
128.97223,16.218773,0.06412316,128.97223,16.218773,0.060880557,,,,,,,,,,,,,,,,,,,,,,,,,,,,,,,,,,,,,,,,,,,,,,,,,,,,,,,,,,,,,128.97223,16.218773,-0.19936736,128.97223,16.218773,-0.08900437,,,,,,,,,,,,,,,,,128.97223,16.30871,-0.0050243703,128.97223,16.30871,-0.014402475,,,,,,,,,,,,,,,,,,,,,,,,,,,,,128.97223,16.30871,1.0000001e-07,128.97223,16.30871,7.0,,,,,,,
128.97223,16.24875,0.06669642,128.97223,16.24875,0.06131192,,,,,,,,,,,,,,,,,,,,,,,,,,,,,,,,,,,,,,,,,,,,,,,,,,,,,,,,,,,,,128.97223,16.24875,0.7022792,128.97223,16.24875,0.036282584,,,,,,,,,,,,,,,,,128.97223,16.33869,0.12483207,128.97223,16.33869,0.04751939,,,,,,,,,,,,,,,,,,,,,,,,,,,,,128.97223,16.33869,1.0000001e-07,128.97223,16.33869,7.0,,,,,,,
128.97223,16.27873,0.065089986,128.97223,16.27873,0.06040458,,,,,,,,,,,,,,,,,,,,,,,,,,,,,,,,,,,,,,,,,,,,,,,,,,,,,,,,,,,,,128.97223,16.27873,0.13522163,128.97223,16.27873,-0.31897056,,,,,,,,,,,,,,,,,128.97223,16.368668,-0.0062531065,128.97223,16.368668,0.10722446,,,,,,,,,,,,,,,,,,,,,,,,,,,,,128.97223,16.368668,1.0000001e-07,128.97223,16.368668,7.0,,,,,,,
128.97223,16.30871,0.064688385,128.97223,16.30871,0.061088793,,,,,,,,,,,,,,,,,,,,,,,,,,,,,,,,,,,,,,,,,,,,,,,,,,,,,,,,,,,,,128.97223,16.30871,-0.011958884,128.97223,16.30871,-0.05906318,,,,,,,,,,,,,,,,,128.97223,16.398647,0.0007337775,128.97223,16.398647,0.022077331,,,,,,,,,,,,,,,,,,,,,,,,,,,,,128.97223,16.398647,1.0000001e-07,128.97223,16.398647,7.0,,,,,,,
128.97223,16.33869,0.06663691,128.97223,16.33869,0.062025886,,,,,,,,,,,,,,,,,,,,,,,,,,,,,,,,,,,,,,,,,,,,,,,,,,,,,,,,,,,,,128.97223,16.33869,0.6730533,128.97223,16.33869,0.35714185,,,,,,,,,,,,,,,,,128.97223,16.428627,0.006144753,128.97223,16.428627,-0.10136594,,,,,,,,,,,,,,,,,,,,,,,,,,,,,128.97223,16.428627,1.0000001e-07,128.97223,16.428627,7.0,,,,,,,
128.97223,16.368668,0.064628884,128.97223,16.368668,0.062948085,,,,,,,,,,,,,,,,,,,,,,,,,,,,,,,,,,,,,,,,,,,,,,,,,,,,,,,,,,,,,128.97223,16.368668,-0.0012614992,128.97223,16.368668,0.6243112,,,,,,,,,,,,,,,,,128.97223,16.458607,-0.009150479,128.97223,16.458607,0.11441684,,,,,,,,,,,,,,,,,,,,,,,,,,,,,128.97223,16.458607,1.0000001e-07,128.97223,16.458607,7.0,,,,,,,
128.97223,16.398647,0.06477763,128.97223,16.398647,0.061579652,,,,,,,,,,,,,,,,,,,,,,,,,,,,,,,,,,,,,,,,,,,,,,,,,,,,,,,,,,,,,128.97223,16.398647,0.02840461,128.97223,16.398647,0.13670331,,,,,,,,,,,,,,,,,128.97223,16.488585,0.014020879,128.97223,16.488585,0.028766403,,,,,,,,,,,,,,,,,,,,,,,,,,,,,128.97223,16.488585,1.0000001e-07,128.97223,16.488585,7.0,,,,,,,
128.97223,16.428627,0.06483713,128.97223,16.428627,0.05973524,,,,,,,,,,,,,,,,,,,,,,,,,,,,,,,,,,,,,,,,,,,,,,,,,,,,,,,,,,,,,128.97223,16.428627,0.03787326,128.97223,16.428627,-0.50718504,,,,,,,,,,,,,,,,,128.97223,16.518564,-0.046769693,128.97223,16.518564,0.0062061166,,,,,,,,,,,,,,,,,,,,,,,,,,,,,128.97223,16.518564,1.0000001e-07,128.97223,16.518564,7.0,,,,,,,
128.97223,16.458607,0.06461401,128.97223,16.458607,0.062992714,,,,,,,,,,,,,,,,,,,,,,,,,,,,,,,,,,,,,,,,,,,,,,,,,,,,,,,,,,,,,128.97223,16.458607,-0.044038218,128.97223,16.458607,0.6322422,,,,,,,,,,,,,,,,,128.97223,16.548544,0.0036147435,128.97223,16.548544,0.1015555,,,,,,,,,,,,,,,,,,,,,,,,,,,,,128.97223,16.548544,1.0000001e-07,128.97223,16.548544,7.0,,,,,,,
128.97223,16.488585,0.0649115,128.97223,16.488585,0.061713524,,,,,,,,,,,,,,,,,,,,,,,,,,,,,,,,,,,,,,,,,,,,,,,,,,,,,,,,,,,,,128.97223,16.488585,0.0833233,128.97223,16.488585,0.16128564,,,,,,,,,,,,,,,,,128.97223,16.578524,0.04105489,128.97223,16.578524,0.0355184,,,,,,,,,,,,,,,,,,,,,,,,,,,,,128.97223,16.578524,1.0000001e-07,128.97223,16.578524,7.0,,,,,,,
128.97223,16.518564,0.06400416,128.97223,16.518564,0.061341662,,,,,,,,,,,,,,,,,,,,,,,,,,,,,,,,,,,,,,,,,,,,,,,,,,,,,,,,,,,,,128.97223,16.518564,-0.22368309,128.97223,16.518564,0.039561305,,,,,,,,,,,,,,,,,128.97223,16.608501,0.1210155,128.97223,16.608501,0.07380678,,,,,,,,,,,,,,,,,,,,,,,,,,,,,128.97223,16.608501,1.0000001e-07,128.97223,16.608501,7.0,,,,,,,
128.97223,16.548544,0.06474788,128.97223,16.548544,0.06279934,,,,,,,,,,,,,,,,,,,,,,,,,,,,,,,,,,,,,,,,,,,,,,,,,,,,,,,,,,,,,128.97223,16.548544,0.02277557,128.97223,16.548544,0.5836798,,,,,,,,,,,,,,,,,128.97223,16.638481,0.13750498,128.97223,16.638481,-0.07860851,,,,,,,,,,,,,,,,,,,,,,,,,,,,,128.97223,16.638481,1.0000001e-07,128.97223,16.638481,7.0,,,,,,,
128.97223,16.578524,0.06534285,128.97223,16.578524,0.06178789,,,,,,,,,,,,,,,,,,,,,,,,,,,,,,,,,,,,,,,,,,,,,,,,,,,,,,,,,,,,,128.97223,16.578524,0.22792713,128.97223,16.578524,0.24278243,,,,,,,,,,,,,,,,,128.97223,16.66846,0.13138561,128.97223,16.66846,-0.006667614,,,,,,,,,,,,,,,,,,,,,,,,,,,,,128.97223,16.66846,1.0000001e-07,128.97223,16.66846,7.0,,,,,,,
128.97223,16.608501,0.06657742,128.97223,16.608501,0.062353116,,,,,,,,,,,,,,,,,,,,,,,,,,,,,,,,,,,,,,,,,,,,,,,,,,,,,,,,,,,,,128.97223,16.608501,0.665434,128.97223,16.608501,0.39505467,,,,,,,,,,,,,,,,,128.97223,16.69844,0.038245484,128.97223,16.69844,0.06004478,,,,,,,,,,,,,,,,,,,,,,,,,,,,,128.97223,16.69844,1.0000001e-07,128.97223,16.69844,7.0,,,,,,,
128.97223,16.638481,0.066785656,128.97223,16.638481,0.06012197,,,,,,,,,,,,,,,,,,,,,,,,,,,,,,,,,,,,,,,,,,,,,,,,,,,,,,,,,,,,,128.97223,16.638481,0.75403875,128.97223,16.638481,-0.40501094,,,,,,,,,,,,,,,,,128.97223,16.72842,-0.1142845,128.97223,16.72842,-0.025890533,,,,,,,,,,,,,,,,,,,,,,,,,,,,,128.97223,16.72842,1.0000001e-07,128.97223,16.72842,7.0,,,,,,,
128.97223,16.66846,0.06668154,128.97223,16.66846,0.06111855,,,,,,,,,,,,,,,,,,,,,,,,,,,,,,,,,,,,,,,,,,,,,,,,,,,,,,,,,,,,,128.97223,16.66846,0.6814108,128.97223,16.66846,-0.07763328,,,,,,,,,,,,,,,,,128.97223,16.758398,-0.04935407,128.97223,16.758398,-0.029694663,,,,,,,,,,,,,,,,,,,,,,,,,,,,,128.97223,16.758398,1.0000001e-07,128.97223,16.758398,7.0,,,,,,,
128.97223,16.69844,0.06532798,128.97223,16.69844,0.06213,,,,,,,,,,,,,,,,,,,,,,,,,,,,,,,,,,,,,,,,,,,,,,,,,,,,,,,,,,,,,128.97223,16.69844,0.2085621,128.97223,16.69844,0.35416585,,,,,,,,,,,,,,,,,128.97223,16.788378,0.03806234,128.97223,16.788378,0.15717076,,,,,,,,,,,,,,,,,,,,,,,,,,,,,128.97223,16.788378,1.0000001e-07,128.97223,16.788378,7.0,,,,,,,
128.97223,16.728418,0.06305221,128.97223,16.728418,0.060880557,,,,,,,,,,,,,,,,,,,,,,,,,,,,,,,,,,,,,,,,,,,,,,,,,,,,,,,,,,,,,128.97223,16.728418,-0.59109306,128.97223,16.728418,-0.09680383,,,,,,,,,,,,,,,,,128.97223,16.818357,0.12864536,128.97223,16.818357,0.10776314,,,,,,,,,,,,,,,,,,,,,,,,,,,,,128.97223,16.818357,1.0000001e-07,128.97223,16.818357,7.0,,,,,,,
128.97223,16.758398,0.06397442,128.97223,16.758398,0.060821064,,,,,,,,,,,,,,,,,,,,,,,,,,,,,,,,,,,,,,,,,,,,,,,,,,,,,,,,,,,,,128.97223,16.758398,-0.24701953,128.97223,16.758398,-0.1776902,,,,,,,,,,,,,,,,,128.97223,16.848337,-0.107469425,128.97223,16.848337,-0.059659567,,,,,,,,,,,,,,,,,,,,,,,,,,,,,128.97223,16.848337,1.0000001e-07,128.97223,16.848337,7.0,,,,,,,
128.97223,16.788378,0.06528335,128.97223,16.788378,0.06351331,,,,,,,,,,,,,,,,,,,,,,,,,,,,,,,,,,,,,,,,,,,,,,,,,,,,,,,,,,,,,128.97223,16.788378,0.18494144,128.97223,16.788378,0.8169047,,,,,,,,,,,,,,,,,128.97223,16.878315,0.062395565,128.97223,16.878315,0.008533666,,,,,,,,,,,,,,,,,,,,,,,,,,,,,128.97223,16.878315,1.0000001e-07,128.97223,16.878315,7.0,,,,,,,
128.97223,16.818357,0.06662205,128.97223,16.818357,0.06281422,,,,,,,,,,,,,,,,,,,,,,,,,,,,,,,,,,,,,,,,,,,,,,,,,,,,,,,,,,,,,128.97223,16.818357,0.67638624,128.97223,16.818357,0.5676892,,,,,,,,,,,,,,,,,128.97223,16.908295,0.08866708,128.97223,16.908295,0.015563665,,,,,,,,,,,,,,,,,,,,,,,,,,,,,128.97223,16.908295,1.0000001e-07,128.97223,16.908295,7.0,,,,,,,
128.97223,16.848335,0.0631117,128.97223,16.848335,0.060434327,,,,,,,,,,,,,,,,,,,,,,,,,,,,,,,,,,,,,,,,,,,,,,,,,,,,,,,,,,,,,128.97223,16.848335,-0.56252694,128.97223,16.848335,-0.31143665,,,,,,,,,,,,,,,,,128.97223,16.938274,0.018594513,128.97223,16.938274,0.04085433,,,,,,,,,,,,,,,,,,,,,,,,,,,,,128.97223,16.938274,1.0000001e-07,128.97223,16.938274,7.0,,,,,,,
128.97223,16.878315,0.06568495,128.97223,16.878315,0.061401162,,,,,,,,,,,,,,,,,,,,,,,,,,,,,,,,,,,,,,,,,,,,,,,,,,,,,,,,,,,,,128.97223,16.878315,0.3921041,128.97223,16.878315,0.07296978,,,,,,,,,,,,,,,,,128.97223,16.968254,0.03474356,128.97223,16.968254,-0.043965712,,,,,,,,,,,,,,,,,,,,,,,,,,,,,128.97223,16.968254,1.0000001e-07,128.97223,16.968254,7.0,,,,,,,
128.97223,16.908295,0.065952696,128.97223,16.908295,0.0614904,,,,,,,,,,,,,,,,,,,,,,,,,,,,,,,,,,,,,,,,,,,,,,,,,,,,,,,,,,,,,128.97223,16.908295,0.44641367,128.97223,16.908295,0.11592218,,,,,,,,,,,,,,,,,128.97223,16.998232,0.00715344,128.97223,16.998232,-0.024195472,,,,,,,,,,,,,,,,,,,,,,,,,,,,,128.97223,16.998232,1.0000001e-07,128.97223,16.998232,7.0,,,,,,,
128.97223,16.938274,0.06501562,128.97223,16.938274,0.061847396,,,,,,,,,,,,,,,,,,,,,,,,,,,,,,,,,,,,,,,,,,,,,,,,,,,,,,,,,,,,,128.97223,16.938274,0.11858252,128.97223,16.938274,0.24002981,,,,,,,,,,,,,,,,,128.97223,17.028212,0.094703026,128.97223,17.028212,-0.048250776,,,,,,,,,,,,,,,,,,,,,,,,,,,,,128.97223,17.028212,1.0000001e-07,128.97223,17.028212,7.0,,,,,,,
128.97223,16.968252,0.06523874,128.97223,16.968252,0.060672317,,,,,,,,,,,,,,,,,,,,,,,,,,,,,,,,,,,,,,,,,,,,,,,,,,,,,,,,,,,,,128.97223,16.968252,0.17046672,128.97223,16.968252,-0.19541565,,,,,,,,,,,,,,,,,128.97223,17.058191,-0.00888047,128.97223,17.058191,-0.032035563,,,,,,,,,,,,,,,,,,,,,,,,,,,,,128.97223,17.058191,1.0000001e-07,128.97223,17.058191,7.0,,,,,,,
128.97223,16.998232,0.06486687,128.97223,16.998232,0.060940053,,,,,,,,,,,,,,,,,,,,,,,,,,,,,,,,,,,,,,,,,,,,,,,,,,,,,,,,,,,,,128.97223,16.998232,0.03474405,128.97223,16.998232,-0.028485404,,,,,,,,,,,,,,,,,128.97223,17.088171,-0.015326563,128.97223,17.088171,0.03934035,,,,,,,,,,,,,,,,,,,,,,,,,,,,,128.97223,17.088171,1.0000001e-07,128.97223,17.088171,7.0,,,,,,,
128.97223,17.028212,0.06604195,128.97223,17.028212,0.060583074,,,,,,,,,,,,,,,,,,,,,,,,,,,,,,,,,,,,,,,,,,,,,,,,,,,,,,,,,,,,,128.97223,17.028212,0.4710848,128.97223,17.028212,-0.1904475,,,,,,,,,,,,,,,,,128.97223,17.118149,0.09575836,128.97223,17.118149,0.005112944,,,,,,,,,,,,,,,,,,,,,,,,,,,,,128.97223,17.118149,1.0000001e-07,128.97223,17.118149,7.0,,,,,,,
128.97223,17.058191,0.064658634,128.97223,17.058191,0.060821064,,,,,,,,,,,,,,,,,,,,,,,,,,,,,,,,,,,,,,,,,,,,,,,,,,,,,,,,,,,,,128.97223,17.058191,-0.014052736,128.97223,17.058191,-0.13680214,,,,,,,,,,,,,,,,,128.97223,17.148129,0.047408216,128.97223,17.148129,-0.039229408,,,,,,,,,,,,,,,,,,,,,,,,,,,,,128.97223,17.148129,1.0000001e-07,128.97223,17.148129,7.0,,,,,,,
128.97223,17.088171,0.06452476,128.97223,17.088171,0.06178789,,,,,,,,,,,,,,,,,,,,,,,,,,,,,,,,,,,,,,,,,,,,,,,,,,,,,,,,,,,,,128.97223,17.088171,-0.047842104,128.97223,17.088171,0.22624357,,,,,,,,,,,,,,,,,128.97223,17.178108,0.11587909,128.97223,17.178108,0.10332085,,,,,,,,,,,,,,,,,,,,,,,,,,,,,128.97223,17.178108,1.0000001e-07,128.97223,17.178108,7.0,,,,,,,
128.97223,17.118149,0.06605682,128.97223,17.118149,0.061401162,,,,,,,,,,,,,,,,,,,,,,,,,,,,,,,,,,,,,,,,,,,,,,,,,,,,,,,,,,,,,128.97223,17.118149,0.50176066,128.97223,17.118149,0.029829966,,,,,,,,,,,,,,,,,128.97223,17.208088,-0.12286813,128.97223,17.208088,0.042856112,,,,,,,,,,,,,,,,,,,,,,,,,,,,,128.97223,17.208088,1.0000001e-07,128.97223,17.208088,7.0,,,,,,,
128.97223,17.148129,0.06544697,128.97223,17.148129,0.060716946,,,,,,,,,,,,,,,,,,,,,,,,,,,,,,,,,,,,,,,,,,,,,,,,,,,,,,,,,,,,,128.97223,17.148129,0.26013064,128.97223,17.148129,-0.18577082,,,,,,,,,,,,,,,,,128.97223,17.238066,-0.14925198,128.97223,17.238066,0.12060756,,,,,,,,,,,,,,,,,,,,,,,,,,,,,128.97223,17.238066,1.0000001e-07,128.97223,17.238066,7.0,,,,,,,
128.97223,17.178108,0.06633943,128.97223,17.178108,0.06269523,,,,,,,,,,,,,,,,,,,,,,,,,,,,,,,,,,,,,,,,,,,,,,,,,,,,,,,,,,,,,128.97223,17.178108,0.5869536,128.97223,17.178108,0.5232022,,,,,,,,,,,,,,,,,128.97223,17.268045,-0.04182391,128.97223,17.268045,0.026917301,,,,,,,,,,,,,,,,,,,,,,,,,,,,,128.97223,17.268045,1.0000001e-07,128.97223,17.268045,7.0,,,,,,,
128.97223,17.208088,0.063022465,128.97223,17.208088,0.061862264,,,,,,,,,,,,,,,,,,,,,,,,,,,,,,,,,,,,,,,,,,,,,,,,,,,,,,,,,,,,,128.97223,17.208088,-0.5903253,128.97223,17.208088,0.2295831,,,,,,,,,,,,,,,,,128.97223,17.298025,0.096301116,128.97223,17.298025,0.13336526,,,,,,,,,,,,,,,,,,,,,,,,,,,,,128.97223,17.298025,1.0000001e-07,128.97223,17.298025,7.0,,,,,,,
128.97223,17.238066,0.06272498,128.97223,17.238066,0.062933214,,,,,,,,,,,,,,,,,,,,,,,,,,,,,,,,,,,,,,,,,,,,,,,,,,,,,,,,,,,,,128.97223,17.238066,-0.69265085,128.97223,17.238066,0.6172638,,,,,,,,,,,,,,,,,128.97223,17.328005,0.094559446,128.97223,17.328005,0.0400718,,,,,,,,,,,,,,,,,,,,,,,,,,,,,128.97223,17.328005,1.0000001e-07,128.97223,17.328005,7.0,,,,,,,
128.97223,17.268045,0.064167775,128.97223,17.268045,0.061654016,,,,,,,,,,,,,,,,,,,,,,,,,,,,,,,,,,,,,,,,,,,,,,,,,,,,,,,,,,,,,128.97223,17.268045,-0.14574635,128.97223,17.268045,0.16524588,,,,,,,,,,,,,,,,,128.97223,17.357983,0.032019462,128.97223,17.357983,-0.06205023,,,,,,,,,,,,,,,,,,,,,,,,,,,,,128.97223,17.357983,1.0000001e-07,128.97223,17.357983,7.0,,,,,,,
128.97223,17.298025,0.06608657,128.97223,17.298025,0.06308196,,,,,,,,,,,,,,,,,,,,,,,,,,,,,,,,,,,,,,,,,,,,,,,,,,,,,,,,,,,,,128.97223,17.298025,0.4817532,128.97223,17.298025,0.6275785,,,,,,,,,,,,,,,,,128.97223,17.387962,0.12455681,128.97223,17.387962,-0.0907839,,,,,,,,,,,,,,,,,,,,,,,,,,,,,128.97223,17.387962,1.0000001e-07,128.97223,17.387962,7.0,,,,,,,
128.97223,17.328005,0.06599732,128.97223,17.328005,0.06180277,,,,,,,,,,,,,,,,,,,,,,,,,,,,,,,,,,,,,,,,,,,,,,,,,,,,,,,,,,,,,128.97223,17.328005,0.46936882,128.97223,17.328005,0.22497919,,,,,,,,,,,,,,,,,128.97223,17.417942,0.10678726,128.97223,17.417942,0.15509191,,,,,,,,,,,,,,,,,,,,,,,,,,,,,128.97223,17.417942,1.0000001e-07,128.97223,17.417942,7.0,,,,,,,
128.97223,17.357983,0.065134615,128.97223,17.357983,0.060434327,,,,,,,,,,,,,,,,,,,,,,,,,,,,,,,,,,,,,,,,,,,,,,,,,,,,,,,,,,,,,128.97223,17.357983,0.18039672,128.97223,17.357983,-0.24535704,,,,,,,,,,,,,,,,,128.97223,17.447922,0.06659144,128.97223,17.447922,0.10027879,,,,,,,,,,,,,,,,,,,,,,,,,,,,,128.97223,17.447922,1.0000001e-07,128.97223,17.447922,7.0,,,,,,,
128.97223,17.387962,0.06639893,128.97223,17.387962,0.060002975,,,,,,,,,,,,,,,,,,,,,,,,,,,,,,,,,,,,,,,,,,,,,,,,,,,,,,,,,,,,,128.97223,17.387962,0.6071299,128.97223,17.387962,-0.49533325,,,,,,,,,,,,,,,,,128.97223,17.477901,0.05139569,128.97223,17.477901,-0.07661638,,,,,,,,,,,,,,,,,,,,,,,,,,,,,128.97223,17.477901,1.0000001e-07,128.97223,17.477901,7.0,,,,,,,
128.97223,17.417942,0.06616094,128.97223,17.417942,0.06331995,,,,,,,,,,,,,,,,,,,,,,,,,,,,,,,,,,,,,,,,,,,,,,,,,,,,,,,,,,,,,128.97223,17.417942,0.5085833,128.97223,17.417942,0.79169995,,,,,,,,,,,,,,,,,128.97223,17.50788,-0.13969606,128.97223,17.50788,-0.043570388,,,,,,,,,,,,,,,,,,,,,,,,,,,,,128.97223,17.50788,1.0000001e-07,128.97223,17.50788,7.0,,,,,,,
128.97223,17.447922,0.065595716,128.97223,17.447922,0.06262085,,,,,,,,,,,,,,,,,,,,,,,,,,,,,,,,,,,,,,,,,,,,,,,,,,,,,,,,,,,,,128.97223,17.447922,0.31831345,128.97223,17.447922,0.48843098,,,,,,,,,,,,,,,,,128.97223,17.537859,-0.015089465,128.97223,17.537859,-0.057303872,,,,,,,,,,,,,,,,,,,,,,,,,,,,,128.97223,17.537859,1.0000001e-07,128.97223,17.537859,7.0,,,,,,,
128.97223,17.4779,0.06537261,128.97223,17.4779,0.06024097,,,,,,,,,,,,,,,,,,,,,,,,,,,,,,,,,,,,,,,,,,,,,,,,,,,,,,,,,,,,,128.97223,17.4779,0.21959871,128.97223,17.4779,-0.42121726,,,,,,,,,,,,,,,,,128.97223,17.567839,-0.117882796,128.97223,17.567839,-0.022912877,,,,,,,,,,,,,,,,,,,,,,,,,,,,,128.97223,17.567839,1.0000001e-07,128.97223,17.567839,7.0,,,,,,,
128.97223,17.50788,0.06285884,128.97223,17.50788,0.060702067,,,,,,,,,,,,,,,,,,,,,,,,,,,,,,,,,,,,,,,,,,,,,,,,,,,,,,,,,,,,,128.97223,17.50788,-0.6461207,128.97223,17.50788,-0.1602228,,,,,,,,,,,,,,,,,128.97223,17.597818,0.0233111,128.97223,17.597818,-0.008076835,,,,,,,,,,,,,,,,,,,,,,,,,,,,,128.97223,17.597818,1.0000001e-07,128.97223,17.597818,7.0,,,,,,,
128.97223,17.537859,0.06458426,128.97223,17.537859,0.060464077,,,,,,,,,,,,,,,,,,,,,,,,,,,,,,,,,,,,,,,,,,,,,,,,,,,,,,,,,,,,,128.97223,17.537859,-0.047666404,128.97223,17.537859,-0.23364228,,,,,,,,,,,,,,,,,128.97223,17.627796,0.2267677,128.97223,17.627796,-0.1555143,,,,,,,,,,,,,,,,,,,,,,,,,,,,,128.97223,17.627796,1.0000001e-07,128.97223,17.627796,7.0,,,,,,,
128.97223,17.567839,0.06315633,128.97223,17.567839,0.060925186,,,,,,,,,,,,,,,,,,,,,,,,,,,,,,,,,,,,,,,,,,,,,,,,,,,,,,,,,,,,,128.97223,17.567839,-0.54233325,128.97223,17.567839,-0.13958956,,,,,,,,,,,,,,,,,128.97223,17.657776,-0.06188415,128.97223,17.657776,0.06477181,,,,,,,,,,,,,,,,,,,,,,,,,,,,,128.97223,17.657776,1.0000001e-07,128.97223,17.657776,7.0,,,,,,,
128.97223,17.597816,0.06504537,128.97223,17.597816,0.0611483,,,,,,,,,,,,,,,,,,,,,,,,,,,,,,,,,,,,,,,,,,,,,,,,,,,,,,,,,,,,,128.97223,17.597816,0.13635273,128.97223,17.597816,-0.020211259,,,,,,,,,,,,,,,,,128.97223,17.687756,-0.11043905,128.97223,17.687756,0.056137282,,,,,,,,,,,,,,,,,,,,,,,,,,,,,128.97223,17.687756,1.0000001e-07,128.97223,17.687756,7.0,,,,,,,
128.97223,17.627796,0.067692995,128.97223,17.627796,0.059199765,,,,,,,,,,,,,,,,,,,,,,,,,,,,,,,,,,,,,,,,,,,,,,,,,,,,,,,,,,,,,128.97223,17.627796,1.0350846,128.97223,17.627796,-0.71908385,,,,,,,,,,,,,,,,,128.97223,17.717735,-0.002526463,128.97223,17.717735,-0.018927706,,,,,,,,,,,,,,,,,,,,,,,,,,,,,128.97223,17.717735,1.0000001e-07,128.97223,17.717735,7.0,,,,,,,
128.97223,17.657776,0.06397442,128.97223,17.657776,0.062070504,,,,,,,,,,,,,,,,,,,,,,,,,,,,,,,,,,,,,,,,,,,,,,,,,,,,,,,,,,,,,128.97223,17.657776,-0.24306457,128.97223,17.657776,0.31448793,,,,,,,,,,,,,,,,,128.97223,17.747713,0.039581046,128.97223,17.747713,0.065427035,,,,,,,,,,,,,,,,,,,,,,,,,,,,,128.97223,17.747713,1.0000001e-07,128.97223,17.747713,7.0,,,,,,,
128.97223,17.687756,0.06324557,128.97223,17.687756,0.061936636,,,,,,,,,,,,,,,,,,,,,,,,,,,,,,,,,,,,,,,,,,,,,,,,,,,,,,,,,,,,,128.97223,17.687756,-0.4837673,128.97223,17.687756,0.27310726,,,,,,,,,,,,,,,,,128.97223,17.777693,0.142395,128.97223,17.777693,-0.032807507,,,,,,,,,,,,,,,,,,,,,,,,,,,,,128.97223,17.777693,1.0000001e-07,128.97223,17.777693,7.0,,,,,,,
128.97223,17.717733,0.06464376,128.97223,17.717733,0.06098468,,,,,,,,,,,,,,,,,,,,,,,,,,,,,,,,,,,,,,,,,,,,,,,,,,,,,,,,,,,,,128.97223,17.717733,-0.0018773079,128.97223,17.717733,-0.10214007,,,,,,,,,,,,,,,,,128.97223,17.807673,-0.038587432,128.97223,17.807673,0.084377885,,,,,,,,,,,,,,,,,,,,,,,,,,,,,128.97223,17.807673,1.0000001e-07,128.97223,17.807673,7.0,,,,,,,
128.97223,17.747713,0.06526849,128.97223,17.747713,0.062070504,,,,,,,,,,,,,,,,,,,,,,,,,,,,,,,,,,,,,,,,,,,,,,,,,,,,,,,,,,,,,128.97223,17.747713,0.20034191,128.97223,17.747713,0.30379438,,,,,,,,,,,,,,,,,128.97223,17.837652,0.09311276,128.97223,17.837652,0.0071744653,,,,,,,,,,,,,,,,,,,,,,,,,,,,,128.97223,17.837652,1.0000001e-07,128.97223,17.837652,7.0,,,,,,,
128.97223,17.777693,0.06656255,128.97223,17.777693,0.06077644,,,,,,,,,,,,,,,,,,,,,,,,,,,,,,,,,,,,,,,,,,,,,,,,,,,,,,,,,,,,,128.97223,17.777693,0.62404877,128.97223,17.777693,-0.11309065,,,,,,,,,,,,,,,,,128.97223,17.86763,-0.06829901,128.97223,17.86763,-0.11955038,,,,,,,,,,,,,,,,,,,,,,,,,,,,,128.97223,17.86763,1.0000001e-07,128.97223,17.86763,7.0,,,,,,,
128.97223,17.807673,0.0642719,128.97223,17.807673,0.06230849,,,,,,,,,,,,,,,,,,,,,,,,,,,,,,,,,,,,,,,,,,,,,,,,,,,,,,,,,,,,,128.97223,17.807673,-0.15265316,128.97223,17.807673,0.38626444,,,,,,,,,,,,,,,,,128.97223,17.89761,-0.0016646716,128.97223,17.89761,0.14019562,,,,,,,,,,,,,,,,,,,,,,,,,,,,,128.97223,17.89761,1.0000001e-07,128.97223,17.89761,7.0,,,,,,,
128.97223,17.83765,0.06590808,128.97223,17.83765,0.061356537,,,,,,,,,,,,,,,,,,,,,,,,,,,,,,,,,,,,,,,,,,,,,,,,,,,,,,,,,,,,,128.97223,17.83765,0.40630472,128.97223,17.83765,0.07605462,,,,,,,,,,,,,,,,,128.97223,17.92759,-0.05021568,128.97223,17.92759,-0.05111622,,,,,,,,,,,,,,,,,,,,,,,,,,,,,128.97223,17.92759,1.0000001e-07,128.97223,17.92759,7.0,,,,,,,
128.97223,17.86763,0.063885175,128.97223,17.86763,0.05973524,,,,,,,,,,,,,,,,,,,,,,,,,,,,,,,,,,,,,,,,,,,,,,,,,,,,,,,,,,,,,128.97223,17.86763,-0.2724727,128.97223,17.86763,-0.5698217,,,,,,,,,,,,,,,,,128.97223,17.95757,0.014702742,128.97223,17.95757,0.03383695,,,,,,,,,,,,,,,,,,,,,,,,,,,,,128.97223,17.95757,1.0000001e-07,128.97223,17.95757,7.0,,,,,,,
128.97223,17.89761,0.06474788,128.97223,17.89761,0.063037336,,,,,,,,,,,,,,,,,,,,,,,,,,,,,,,,,,,,,,,,,,,,,,,,,,,,,,,,,,,,,128.97223,17.89761,0.030444661,128.97223,17.89761,0.67105293,,,,,,,,,,,,,,,,,128.97223,17.987547,-0.056910064,128.97223,17.987547,-0.015760422,,,,,,,,,,,,,,,,,,,,,,,,,,,,,128.97223,17.987547,1.0000001e-07,128.97223,17.987547,7.0,,,,,,,
128.97223,17.92759,0.06406366,128.97223,17.92759,0.060612824,,,,,,,,,,,,,,,,,,,,,,,,,,,,,,,,,,,,,,,,,,,,,,,,,,,,,,,,,,,,,128.97223,17.92759,-0.2021515,128.97223,17.92759,-0.21457931,,,,,,,,,,,,,,,,,128.97223,18.017527,0.09101286,128.97223,18.017527,-0.10696994,,,,,,,,,,,,,,,,,,,,,,,,,,,,,128.97223,18.017527,1.0000001e-07,128.97223,18.017527,7.0,,,,,,,
128.97223,17.95757,0.0649115,128.97223,17.95757,0.0616689,,,,,,,,,,,,,,,,,,,,,,,,,,,,,,,,,,,,,,,,,,,,,,,,,,,,,,,,,,,,,128.97223,17.95757,0.071777195,128.97223,17.95757,0.13922428,,,,,,,,,,,,,,,,,128.97223,18.047506,-0.056085747,128.97223,18.047506,0.20646693,,,,,,,,,,,,,,,,,,,,,,,,,,,,,128.97223,18.047506,1.0000001e-07,128.97223,18.047506,7.0,,,,,,,
128.97223,17.987547,0.06401904,128.97223,17.987547,0.06101443,,,,,,,,,,,,,,,,,,,,,,,,,,,,,,,,,,,,,,,,,,,,,,,,,,,,,,,,,,,,,128.97223,17.987547,-0.23508024,128.97223,17.987547,-0.090359285,,,,,,,,,,,,,,,,,128.97223,18.077486,0.07612631,128.97223,18.077486,-0.00118021,,,,,,,,,,,,,,,,,,,,,,,,,,,,,128.97223,18.077486,1.0000001e-07,128.97223,18.077486,7.0,,,,,,,
128.97223,18.017527,0.0658932,128.97223,18.017527,0.059928603,,,,,,,,,,,,,,,,,,,,,,,,,,,,,,,,,,,,,,,,,,,,,,,,,,,,,,,,,,,,,128.97223,18.017527,0.44445074,128.97223,18.017527,-0.4217592,,,,,,,,,,,,,,,,,128.97223,18.107464,0.057626944,128.97223,18.107464,-0.13791817,,,,,,,,,,,,,,,,,,,,,,,,,,,,,128.97223,18.107464,1.0000001e-07,128.97223,18.107464,7.0,,,,,,,
128.97223,18.047506,0.06398929,128.97223,18.047506,0.06382568,,,,,,,,,,,,,,,,,,,,,,,,,,,,,,,,,,,,,,,,,,,,,,,,,,,,,,,,,,,,,128.97223,18.047506,-0.25633276,128.97223,18.047506,0.92813045,,,,,,,,,,,,,,,,,128.97223,18.137444,0.008471352,128.97223,18.137444,-0.05932875,,,,,,,,,,,,,,,,,,,,,,,,,,,,,128.97223,18.137444,1.0000001e-07,128.97223,18.137444,7.0,,,,,,,
128.97223,18.077486,0.0657742,128.97223,18.077486,0.061192915,,,,,,,,,,,,,,,,,,,,,,,,,,,,,,,,,,,,,,,,,,,,,,,,,,,,,,,,,,,,,128.97223,18.077486,0.38874406,128.97223,18.077486,-0.0045108465,,,,,,,,,,,,,,,,,128.97223,18.167423,0.03389389,128.97223,18.167423,-0.040231224,,,,,,,,,,,,,,,,,,,,,,,,,,,,,128.97223,18.167423,1.0000001e-07,128.97223,18.167423,7.0,,,,,,,
128.97223,18.107464,0.06541722,128.97223,18.107464,0.0595865,,,,,,,,,,,,,,,,,,,,,,,,,,,,,,,,,,,,,,,,,,,,,,,,,,,,,,,,,,,,,128.97223,18.107464,0.26864052,128.97223,18.107464,-0.58298105,,,,,,,,,,,,,,,,,128.97223,18.197403,-0.08704102,128.97223,18.197403,0.051817086,,,,,,,,,,,,,,,,,,,,,,,,,,,,,128.97223,18.197403,1.0000001e-07,128.97223,18.197403,7.0,,,,,,,
128.97223,18.137444,0.06482226,128.97223,18.137444,0.0605682,,,,,,,,,,,,,,,,,,,,,,,,,,,,,,,,,,,,,,,,,,,,,,,,,,,,,,,,,,,,,128.97223,18.137444,0.04865962,128.97223,18.137444,-0.23303199,,,,,,,,,,,,,,,,,128.97223,18.22738,-0.107398115,128.97223,18.22738,0.040699456,,,,,,,,,,,,,,,,,,,,,,,,,,,,,128.97223,18.22738,1.0000001e-07,128.97223,18.22738,7.0,,,,,,,
128.97223,18.167423,0.065149486,128.97223,18.167423,0.060716942,,,,,,,,,,,,,,,,,,,,,,,,,,,,,,,,,,,,,,,,,,,,,,,,,,,,,,,,,,,,,128.97223,18.167423,0.1684088,128.97223,18.167423,-0.15795986,,,,,,,,,,,,,,,,,128.97223,18.25736,0.103624955,128.97223,18.25736,0.057223957,,,,,,,,,,,,,,,,,,,,,,,,,,,,,128.97223,18.25736,1.0000001e-07,128.97223,18.25736,7.0,,,,,,,
128.97223,18.197403,0.06370667,128.97223,18.197403,0.06187714,,,,,,,,,,,,,,,,,,,,,,,,,,,,,,,,,,,,,,,,,,,,,,,,,,,,,,,,,,,,,128.97223,18.197403,-0.34891278,128.97223,18.197403,0.2460196,,,,,,,,,,,,,,,,,128.97223,18.28734,0.001542714,128.97223,18.28734,0.004316876,,,,,,,,,,,,,,,,,,,,,,,,,,,,,128.97223,18.28734,1.0000001e-07,128.97223,18.28734,7.0,,,,,,,
128.97223,18.22738,0.063349694,128.97223,18.22738,0.06169865,,,,,,,,,,,,,,,,,,,,,,,,,,,,,,,,,,,,,,,,,,,,,,,,,,,,,,,,,,,,,128.97223,18.22738,-0.49232435,128.97223,18.22738,0.16650927,,,,,,,,,,,,,,,,,128.97223,18.31732,0.009645969,128.97223,18.31732,0.08994311,,,,,,,,,,,,,,,,,,,,,,,,,,,,,128.97223,18.31732,1.0000001e-07,128.97223,18.31732,7.0,,,,,,,
128.97223,18.25736,0.065967575,128.97223,18.25736,0.061951503,,,,,,,,,,,,,,,,,,,,,,,,,,,,,,,,,,,,,,,,,,,,,,,,,,,,,,,,,,,,,128.97223,18.25736,0.43623987,128.97223,18.25736,0.31519544,,,,,,,,,,,,,,,,,128.97223,18.3473,0.149731,128.97223,18.3473,0.08599447,,,,,,,,,,,,,,,,,,,,,,,,,,,,,128.97223,18.3473,1.0000001e-07,128.97223,18.3473,7.0,,,,,,,
128.97223,18.28734,0.06480738,128.97223,18.28734,0.061282165,,,,,,,,,,,,,,,,,,,,,,,,,,,,,,,,,,,,,,,,,,,,,,,,,,,,,,,,,,,,,128.97223,18.28734,0.059617203,128.97223,18.28734,0.025952097,,,,,,,,,,,,,,,,,128.97223,18.377277,0.11915784,128.97223,18.377277,0.06900912,,,,,,,,,,,,,,,,,,,,,,,,,,,,,128.97223,18.377277,1.0000001e-07,128.97223,18.377277,7.0,,,,,,,
128.97223,18.31732,0.064852,128.97223,18.31732,0.062263872,,,,,,,,,,,,,,,,,,,,,,,,,,,,,,,,,,,,,,,,,,,,,,,,,,,,,,,,,,,,,128.97223,18.31732,0.06786835,128.97223,18.31732,0.35067192,,,,,,,,,,,,,,,,,128.97223,18.407257,-0.09055312,128.97223,18.407257,-0.017300915,,,,,,,,,,,,,,,,,,,,,,,,,,,,,128.97223,18.407257,1.0000001e-07,128.97223,18.407257,7.0,,,,,,,
128.97223,18.347298,0.06657742,128.97223,18.347298,0.062338248,,,,,,,,,,,,,,,,,,,,,,,,,,,,,,,,,,,,,,,,,,,,,,,,,,,,,,,,,,,,,128.97223,18.347298,0.64032626,128.97223,18.347298,0.42712677,,,,,,,,,,,,,,,,,128.97223,18.437237,-0.012526532,128.97223,18.437237,-0.023877302,,,,,,,,,,,,,,,,,,,,,,,,,,,,,128.97223,18.437237,1.0000001e-07,128.97223,18.437237,7.0,,,,,,,
128.97223,18.377277,0.06610145,128.97223,18.377277,0.06205563,,,,,,,,,,,,,,,,,,,,,,,,,,,,,,,,,,,,,,,,,,,,,,,,,,,,,,,,,,,,,128.97223,18.377277,0.50626177,128.97223,18.377277,0.3032541,,,,,,,,,,,,,,,,,128.97223,18.467216,-0.043878015,128.97223,18.467216,0.028153228,,,,,,,,,,,,,,,,,,,,,,,,,,,,,128.97223,18.467216,1.0000001e-07,128.97223,18.467216,7.0,,,,,,,
128.97223,18.407257,0.06361743,128.97223,18.407257,0.0610293,,,,,,,,,,,,,,,,,,,,,,,,,,,,,,,,,,,,,,,,,,,,,,,,,,,,,,,,,,,,,128.97223,18.407257,-0.36429808,128.97223,18.407257,-0.069563106,,,,,,,,,,,,,,,,,128.97223,18.497194,0.06369034,128.97223,18.497194,-0.053001266,,,,,,,,,,,,,,,,,,,,,,,,,,,,,128.97223,18.497194,1.0000001e-07,128.97223,18.497194,7.0,,,,,,,
128.97223,18.437237,0.06459914,128.97223,18.437237,0.060940053,,,,,,,,,,,,,,,,,,,,,,,,,,,,,,,,,,,,,,,,,,,,,,,,,,,,,,,,,,,,,128.97223,18.437237,-0.040717028,128.97223,18.437237,-0.14771967,,,,,,,,,,,,,,,,,128.97223,18.527174,0.16096514,128.97223,18.527174,-0.09236047,,,,,,,,,,,,,,,,,,,,,,,,,,,,,128.97223,18.527174,1.0000001e-07,128.97223,18.527174,7.0,,,,,,,
128.97223,18.467215,0.06418266,128.97223,18.467215,0.061564777,,,,,,,,,,,,,,,,,,,,,,,,,,,,,,,,,,,,,,,,,,,,,,,,,,,,,,,,,,,,,128.97223,18.467215,-0.20101283,128.97223,18.467215,0.12304897,,,,,,,,,,,,,,,,,128.97223,18.557154,0.024950122,128.97223,18.557154,0.14048183,,,,,,,,,,,,,,,,,,,,,,,,,,,,,128.97223,18.557154,1.0000001e-07,128.97223,18.557154,7.0,,,,,,,
128.97223,18.497194,0.06547672,128.97223,18.497194,0.060642567,,,,,,,,,,,,,,,,,,,,,,,,,,,,,,,,,,,,,,,,,,,,,,,,,,,,,,,,,,,,,128.97223,18.497194,0.2850521,128.97223,18.497194,-0.22662136,,,,,,,,,,,,,,,,,128.97223,18.587133,0.053482752,128.97223,18.587133,-0.088110395,,,,,,,,,,,,,,,,,,,,,,,,,,,,,128.97223,18.587133,1.0000001e-07,128.97223,18.587133,7.0,,,,,,,
128.97223,18.527174,0.0665923,128.97223,18.527174,0.06019634,,,,,,,,,,,,,,,,,,,,,,,,,,,,,,,,,,,,,,,,,,,,,,,,,,,,,,,,,,,,,128.97223,18.527174,0.6557822,128.97223,18.527174,-0.37076792,,,,,,,,,,,,,,,,,128.97223,18.617111,0.0787552,128.97223,18.617111,-0.24669014,,,,,,,,,,,,,,,,,,,,,,,,,,,,,128.97223,18.617111,1.0000001e-07,128.97223,18.617111,7.0,,,,,,,
128.97223,18.557154,0.065015614,128.97223,18.557154,0.06290347,,,,,,,,,,,,,,,,,,,,,,,,,,,,,,,,,,,,,,,,,,,,,,,,,,,,,,,,,,,,,128.97223,18.557154,0.108817406,128.97223,18.557154,0.62784,,,,,,,,,,,,,,,,,128.97223,18.64709,0.03107253,128.97223,18.64709,-0.027346075,,,,,,,,,,,,,,,,,,,,,,,,,,,,,128.97223,18.64709,1.0000001e-07,128.97223,18.64709,7.0,,,,,,,
128.97223,18.587132,0.06540235,128.97223,18.587132,0.060211215,,,,,,,,,,,,,,,,,,,,,,,,,,,,,,,,,,,,,,,,,,,,,,,,,,,,,,,,,,,,,128.97223,18.587132,0.24021281,128.97223,18.587132,-0.38337845,,,,,,,,,,,,,,,,,128.97223,18.67707,0.047695138,128.97223,18.67707,-0.06529507,,,,,,,,,,,,,,,,,,,,,,,,,,,,,128.97223,18.67707,1.0000001e-07,128.97223,18.67707,7.0,,,,,,,
128.97223,18.617111,0.06571471,128.97223,18.617111,0.058381677,,,,,,,,,,,,,,,,,,,,,,,,,,,,,,,,,,,,,,,,,,,,,,,,,,,,,,,,,,,,,128.97223,18.617111,0.36231568,128.97223,18.617111,-1.0828792,,,,,,,,,,,,,,,,,128.97223,18.70705,0.00903123,128.97223,18.70705,0.0056829485,,,,,,,,,,,,,,,,,,,,,,,,,,,,,128.97223,18.70705,1.0000001e-07,128.97223,18.70705,7.0,,,,,,,
128.97223,18.64709,0.06506024,128.97223,18.64709,0.060910303,,,,,,,,,,,,,,,,,,,,,,,,,,,,,,,,,,,,,,,,,,,,,,,,,,,,,,,,,,,,,128.97223,18.64709,0.14467168,128.97223,18.64709,-0.11005191,,,,,,,,,,,,,,,,,128.97223,18.737028,0.0024434673,128.97223,18.737028,0.038740173,,,,,,,,,,,,,,,,,,,,,,,,,,,,,128.97223,18.737028,1.0000001e-07,128.97223,18.737028,7.0,,,,,,,
128.97223,18.67707,0.06526848,128.97223,18.67707,0.060538452,,,,,,,,,,,,,,,,,,,,,,,,,,,,,,,,,,,,,,,,,,,,,,,,,,,,,,,,,,,,,128.97223,18.67707,0.19813618,128.97223,18.67707,-0.2872661,,,,,,,,,,,,,,,,,128.97223,18.767008,0.0982801,128.97223,18.767008,0.009416107,,,,,,,,,,,,,,,,,,,,,,,,,,,,,128.97223,18.767008,1.0000001e-07,128.97223,18.767008,7.0,,,,,,,
128.97223,18.707048,0.06495612,128.97223,18.707048,0.061282165,,,,,,,,,,,,,,,,,,,,,,,,,,,,,,,,,,,,,,,,,,,,,,,,,,,,,,,,,,,,,128.97223,18.707048,0.13663365,128.97223,18.707048,0.07133576,,,,,,,,,,,,,,,,,128.97223,18.796988,0.20434088,128.97223,18.796988,-0.048150804,,,,,,,,,,,,,,,,,,,,,,,,,,,,,128.97223,18.796988,1.0000001e-07,128.97223,18.796988,7.0,,,,,,,
128.97223,18.737028,0.06476275,128.97223,18.737028,0.061683774,,,,,,,,,,,,,,,,,,,,,,,,,,,,,,,,,,,,,,,,,,,,,,,,,,,,,,,,,,,,,128.97223,18.737028,0.024786327,128.97223,18.737028,0.1865681,,,,,,,,,,,,,,,,,128.97223,18.826967,0.15909697,128.97223,18.826967,0.088004515,,,,,,,,,,,,,,,,,,,,,,,,,,,,,128.97223,18.826967,1.0000001e-07,128.97223,18.826967,7.0,,,,,,,
128.97223,18.767008,0.06593783,128.97223,18.767008,0.061341662,,,,,,,,,,,,,,,,,,,,,,,,,,,,,,,,,,,,,,,,,,,,,,,,,,,,,,,,,,,,,128.97223,18.767008,0.44278577,128.97223,18.767008,0.024927232,,,,,,,,,,,,,,,,,128.97223,18.856945,0.014558347,128.97223,18.856945,-0.08141322,,,,,,,,,,,,,,,,,,,,,,,,,,,,,128.97223,18.856945,1.0000001e-07,128.97223,18.856945,7.0,,,,,,,
128.97223,18.796988,0.06706827,128.97223,18.796988,0.060642567,,,,,,,,,,,,,,,,,,,,,,,,,,,,,,,,,,,,,,,,,,,,,,,,,,,,,,,,,,,,,128.97223,18.796988,0.8191591,128.97223,18.796988,-0.23235777,,,,,,,,,,,,,,,,,128.97223,18.886925,-0.031816855,128.97223,18.886925,-0.0072051785,,,,,,,,,,,,,,,,,,,,,,,,,,,,,128.97223,18.886925,1.0000001e-07,128.97223,18.886925,7.0,,,,,,,
128.97223,18.826967,0.06654767,128.97223,18.826967,0.062278748,,,,,,,,,,,,,,,,,,,,,,,,,,,,,,,,,,,,,,,,,,,,,,,,,,,,,,,,,,,,,128.97223,18.826967,0.6730398,128.97223,18.826967,0.37497473,,,,,,,,,,,,,,,,,128.97223,18.916904,-0.16804093,128.97223,18.916904,-0.010538969,,,,,,,,,,,,,,,,,,,,,,,,,,,,,128.97223,18.916904,1.0000001e-07,128.97223,18.916904,7.0,,,,,,,
128.97223,18.856945,0.06483713,128.97223,18.856945,0.06025584,,,,,,,,,,,,,,,,,,,,,,,,,,,,,,,,,,,,,,,,,,,,,,,,,,,,,,,,,,,,,128.97223,18.856945,0.083972454,128.97223,18.856945,-0.32645535,,,,,,,,,,,,,,,,,128.97223,18.946884,0.038550034,128.97223,18.946884,-0.13251807,,,,,,,,,,,,,,,,,,,,,,,,,,,,,128.97223,18.946884,1.0000001e-07,128.97223,18.946884,7.0,,,,,,,
128.97223,18.886925,0.06437603,128.97223,18.886925,0.061133426,,,,,,,,,,,,,,,,,,,,,,,,,,,,,,,,,,,,,,,,,,,,,,,,,,,,,,,,,,,,,128.97223,18.886925,-0.11326626,128.97223,18.886925,-0.058561828,,,,,,,,,,,,,,,,,128.97223,18.976862,0.07165679,128.97223,18.976862,0.15100457,,,,,,,,,,,,,,,,,,,,,,,,,,,,,128.97223,18.976862,1.0000001e-07,128.97223,18.976862,7.0,,,,,,,
128.97223,18.916904,0.06278446,128.97223,18.916904,0.061133426,,,,,,,,,,,,,,,,,,,,,,,,,,,,,,,,,,,,,,,,,,,,,,,,,,,,,,,,,,,,,128.97223,18.916904,-0.67504096,128.97223,18.916904,-0.05668337,,,,,,,,,,,,,,,,,128.97223,19.006842,0.05934275,128.97223,19.006842,-0.09727849,,,,,,,,,,,,,,,,,,,,,,,,,,,,,128.97223,19.006842,1.0000001e-07,128.97223,19.006842,7.0,,,,,,,
128.97223,18.946884,0.06520898,128.97223,18.946884,0.059779864,,,,,,,,,,,,,,,,,,,,,,,,,,,,,,,,,,,,,,,,,,,,,,,,,,,,,,,,,,,,,128.97223,18.946884,0.18286456,128.97223,18.946884,-0.55915153,,,,,,,,,,,,,,,,,128.97223,19.036821,0.14028099,128.97223,19.036821,-0.008734913,,,,,,,,,,,,,,,,,,,,,,,,,,,,,128.97223,19.036821,1.0000001e-07,128.97223,19.036821,7.0,,,,,,,
128.97223,18.976862,0.06547673,128.97223,18.976862,0.06297783,,,,,,,,,,,,,,,,,,,,,,,,,,,,,,,,,,,,,,,,,,,,,,,,,,,,,,,,,,,,,128.97223,18.976862,0.2832732,128.97223,18.976862,0.6220236,,,,,,,,,,,,,,,,,128.97223,19.066801,-0.08263101,128.97223,19.066801,0.14695305,,,,,,,,,,,,,,,,,,,,,,,,,,,,,128.97223,19.066801,1.0000001e-07,128.97223,19.066801,7.0,,,,,,,
128.97223,19.006842,0.0654321,128.97223,19.006842,0.060092226,,,,,,,,,,,,,,,,,,,,,,,,,,,,,,,,,,,,,,,,,,,,,,,,,,,,,,,,,,,,,128.97223,19.006842,0.2533055,128.97223,19.006842,-0.40598518,,,,,,,,,,,,,,,,,128.97223,19.096779,-0.0538565,128.97223,19.096779,0.07344561,,,,,,,,,,,,,,,,,,,,,,,,,,,,,128.97223,19.096779,1.0000001e-07,128.97223,19.096779,7.0,,,,,,,
128.97223,19.036821,0.06630968,128.97223,19.036821,0.061178047,,,,,,,,,,,,,,,,,,,,,,,,,,,,,,,,,,,,,,,,,,,,,,,,,,,,,,,,,,,,,128.97223,19.036821,0.60220826,128.97223,19.036821,-0.018991921,,,,,,,,,,,,,,,,,128.97223,19.126759,0.03653735,128.97223,19.126759,0.08647185,,,,,,,,,,,,,,,,,,,,,,,,,,,,,128.97223,19.126759,1.0000001e-07,128.97223,19.126759,7.0,,,,,,,
128.97223,19.066801,0.063795924,128.97223,19.066801,0.06285884,,,,,,,,,,,,,,,,,,,,,,,,,,,,,,,,,,,,,,,,,,,,,,,,,,,,,,,,,,,,,128.97223,19.066801,-0.3229773,128.97223,19.066801,0.6252812,,,,,,,,,,,,,,,,,128.97223,19.156738,-0.058023505,128.97223,19.156738,0.09231932,,,,,,,,,,,,,,,,,,,,,,,,,,,,,128.97223,19.156738,1.0000001e-07,128.97223,19.156738,7.0,,,,,,,
128.97223,19.096779,0.06410828,128.97223,19.096779,0.06210025,,,,,,,,,,,,,,,,,,,,,,,,,,,,,,,,,,,,,,,,,,,,,,,,,,,,,,,,,,,,,128.97223,19.096779,-0.22302787,128.97223,19.096779,0.31787416,,,,,,,,,,,,,,,,,128.97223,19.186718,0.031444073,128.97223,19.186718,0.059117332,,,,,,,,,,,,,,,,,,,,,,,,,,,,,128.97223,19.186718,1.0000001e-07,128.97223,19.186718,7.0,,,,,,,
128.97223,19.126759,0.06514948,128.97223,19.126759,0.06213,,,,,,,,,,,,,,,,,,,,,,,,,,,,,,,,,,,,,,,,,,,,,,,,,,,,,,,,,,,,,128.97223,19.126759,0.17318174,128.97223,19.126759,0.36255196,,,,,,,,,,,,,,,,,128.97223,19.216698,-0.083081216,128.97223,19.216698,-0.0017233408,,,,,,,,,,,,,,,,,,,,,,,,,,,,,128.97223,19.216698,1.0000001e-07,128.97223,19.216698,7.0,,,,,,,
128.97223,19.156738,0.06406366,128.97223,19.156738,0.062323373,,,,,,,,,,,,,,,,,,,,,,,,,,,,,,,,,,,,,,,,,,,,,,,,,,,,,,,,,,,,,128.97223,19.156738,-0.22494327,128.97223,19.156738,0.35928535,,,,,,,,,,,,,,,,,128.97223,19.246675,-0.19023824,128.97223,19.246675,0.08972623,,,,,,,,,,,,,,,,,,,,,,,,,,,,,128.97223,19.246675,1.0000001e-07,128.97223,19.246675,7.0,,,,,,,
128.97223,19.186718,0.06504537,128.97223,19.186718,0.061906893,,,,,,,,,,,,,,,,,,,,,,,,,,,,,,,,,,,,,,,,,,,,,,,,,,,,,,,,,,,,,128.97223,19.186718,0.123566,128.97223,19.186718,0.30488262,,,,,,,,,,,,,,,,,128.97223,19.276655,-0.06735477,128.97223,19.276655,0.08331248,,,,,,,,,,,,,,,,,,,,,,,,,,,,,128.97223,19.276655,1.0000001e-07,128.97223,19.276655,7.0,,,,,,,
128.97223,19.216696,0.063840546,128.97223,19.216696,0.061252423,,,,,,,,,,,,,,,,,,,,,,,,,,,,,,,,,,,,,,,,,,,,,,,,,,,,,,,,,,,,,128.97223,19.216696,-0.30553356,128.97223,19.216696,0.025387503,,,,,,,,,,,,,,,,,128.97223,19.306635,-0.00412161,128.97223,19.306635,-0.031377196,,,,,,,,,,,,,,,,,,,,,,,,,,,,,128.97223,19.306635,1.0000001e-07,128.97223,19.306635,7.0,,,,,,,
128.97223,19.246675,0.062620856,128.97223,19.246675,0.062263872,,,,,,,,,,,,,,,,,,,,,,,,,,,,,,,,,,,,,,,,,,,,,,,,,,,,,,,,,,,,,128.97223,19.246675,-0.71065575,128.97223,19.246675,0.38718283,,,,,,,,,,,,,,,,,128.97223,19.336615,-0.113835625,128.97223,19.336615,-0.086353995,,,,,,,,,,,,,,,,,,,,,,,,,,,,,128.97223,19.336615,1.0000001e-07,128.97223,19.336615,7.0,,,,,,,
128.97223,19.276655,0.06403391,128.97223,19.276655,0.062189493,,,,,,,,,,,,,,,,,,,,,,,,,,,,,,,,,,,,,,,,,,,,,,,,,,,,,,,,,,,,,128.97223,19.276655,-0.23650187,128.97223,19.276655,0.3602554,,,,,,,,,,,,,,,,,128.97223,19.366592,-0.025512626,128.97223,19.366592,-0.12456568,,,,,,,,,,,,,,,,,,,,,,,,,,,,,128.97223,19.366592,1.0000001e-07,128.97223,19.366592,7.0,,,,,,,
128.97223,19.306635,0.06467351,128.97223,19.306635,0.060850814,,,,,,,,,,,,,,,,,,,,,,,,,,,,,,,,,,,,,,,,,,,,,,,,,,,,,,,,,,,,,128.97223,19.306635,-0.00071430084,128.97223,19.306635,-0.12590888,,,,,,,,,,,,,,,,,128.97223,19.396572,-0.011050656,128.97223,19.396572,0.06843413,,,,,,,,,,,,,,,,,,,,,,,,,,,,,128.97223,19.396572,1.0000001e-07,128.97223,19.396572,7.0,,,,,,,
128.97223,19.336613,0.06337944,128.97223,19.336613,0.060300454,,,,,,,,,,,,,,,,,,,,,,,,,,,,,,,,,,,,,,,,,,,,,,,,,,,,,,,,,,,,,128.97223,19.336613,-0.42813694,128.97223,19.336613,-0.25784078,,,,,,,,,,,,,,,,,128.97223,19.426552,0.03266571,128.97223,19.426552,-0.010510496,,,,,,,,,,,,,,,,,,,,,,,,,,,,,128.97223,19.426552,1.0000001e-07,128.97223,19.426552,7.0,,,,,,,
128.97223,19.366592,0.06448014,128.97223,19.366592,0.059839353,,,,,,,,,,,,,,,,,,,,,,,,,,,,,,,,,,,,,,,,,,,,,,,,,,,,,,,,,,,,,128.97223,19.366592,-0.054846566,128.97223,19.366592,-0.51970166,,,,,,,,,,,,,,,,,128.97223,19.456532,-0.07323815,128.97223,19.456532,-0.20536143,,,,,,,,,,,,,,,,,,,,,,,,,,,,,128.97223,19.456532,1.0000001e-07,128.97223,19.456532,7.0,,,,,,,
128.97223,19.396572,0.06458426,128.97223,19.396572,0.06204076,,,,,,,,,,,,,,,,,,,,,,,,,,,,,,,,,,,,,,,,,,,,,,,,,,,,,,,,,,,,,128.97223,19.396572,-0.017662684,128.97223,19.396572,0.28718963,,,,,,,,,,,,,,,,,128.97223,19.48651,0.032260343,128.97223,19.48651,0.15238589,,,,,,,,,,,,,,,,,,,,,,,,,,,,,128.97223,19.48651,1.0000001e-07,128.97223,19.48651,7.0,,,,,,,
128.97223,19.426552,0.065119736,128.97223,19.426552,0.061207797,,,,,,,,,,,,,,,,,,,,,,,,,,,,,,,,,,,,,,,,,,,,,,,,,,,,,,,,,,,,,128.97223,19.426552,0.16143021,128.97223,19.426552,-0.028549595,,,,,,,,,,,,,,,,,128.97223,19.516489,0.015952634,128.97223,19.516489,-0.0039273333,,,,,,,,,,,,,,,,,,,,,,,,,,,,,128.97223,19.516489,1.0000001e-07,128.97223,19.516489,7.0,,,,,,,
128.97223,19.45653,0.06397442,128.97223,19.45653,0.05905102,,,,,,,,,,,,,,,,,,,,,,,,,,,,,,,,,,,,,,,,,,,,,,,,,,,,,,,,,,,,,128.97223,19.45653,-0.26146048,128.97223,19.45653,-0.74602437,,,,,,,,,,,,,,,,,128.97223,19.546469,0.04801853,128.97223,19.546469,-0.097309254,,,,,,,,,,,,,,,,,,,,,,,,,,,,,128.97223,19.546469,1.0000001e-07,128.97223,19.546469,7.0,,,,,,,
128.97223,19.48651,0.065075114,128.97223,19.48651,0.06284396,,,,,,,,,,,,,,,,,,,,,,,,,,,,,,,,,,,,,,,,,,,,,,,,,,,,,,,,,,,,,128.97223,19.48651,0.13043162,128.97223,19.48651,0.55782396,,,,,,,,,,,,,,,,,128.97223,19.576448,-0.07467285,128.97223,19.576448,0.049985174,,,,,,,,,,,,,,,,,,,,,,,,,,,,,128.97223,19.576448,1.0000001e-07,128.97223,19.576448,7.0,,,,,,,
128.97223,19.516489,0.064852,128.97223,19.516489,0.061207797,,,,,,,,,,,,,,,,,,,,,,,,,,,,,,,,,,,,,,,,,,,,,,,,,,,,,,,,,,,,,128.97223,19.516489,0.04742435,128.97223,19.516489,0.024664747,,,,,,,,,,,,,,,,,128.97223,19.606426,0.06076003,128.97223,19.606426,-0.119021684,,,,,,,,,,,,,,,,,,,,,,,,,,,,,128.97223,19.606426,1.0000001e-07,128.97223,19.606426,7.0,,,,,,,
128.97223,19.546469,0.06522386,128.97223,19.546469,0.060240965,,,,,,,,,,,,,,,,,,,,,,,,,,,,,,,,,,,,,,,,,,,,,,,,,,,,,,,,,,,,,128.97223,19.546469,0.17286283,128.97223,19.546469,-0.36474252,,,,,,,,,,,,,,,,,128.97223,19.636406,-0.20869653,128.97223,19.636406,-0.047878973,,,,,,,,,,,,,,,,,,,,,,,,,,,,,128.97223,19.636406,1.0000001e-07,128.97223,19.636406,7.0,,,,,,,
128.97223,19.576447,0.063914925,128.97223,19.576447,0.06180277,,,,,,,,,,,,,,,,,,,,,,,,,,,,,,,,,,,,,,,,,,,,,,,,,,,,,,,,,,,,,128.97223,19.576447,-0.27000937,128.97223,19.576447,0.24383491,,,,,,,,,,,,,,,,,128.97223,19.666386,-0.044015337,128.97223,19.666386,0.014643661,,,,,,,,,,,,,,,,,,,,,,,,,,,,,128.97223,19.666386,1.0000001e-07,128.97223,19.666386,7.0,,,,,,,
128.97223,19.606426,0.0653726,128.97223,19.606426,0.059973225,,,,,,,,,,,,,,,,,,,,,,,,,,,,,,,,,,,,,,,,,,,,,,,,,,,,,,,,,,,,,128.97223,19.606426,0.24763621,128.97223,19.606426,-0.3966648,,,,,,,,,,,,,,,,,128.97223,19.696365,0.035657603,128.97223,19.696365,-0.10688504,,,,,,,,,,,,,,,,,,,,,,,,,,,,,128.97223,19.696365,1.0000001e-07,128.97223,19.696365,7.0,,,,,,,
128.97223,19.636406,0.06250186,128.97223,19.636406,0.06080618,,,,,,,,,,,,,,,,,,,,,,,,,,,,,,,,,,,,,,,,,,,,,,,,,,,,,,,,,,,,,128.97223,19.636406,-0.7886698,128.97223,19.636406,-0.122409955,,,,,,,,,,,,,,,,,128.97223,19.726343,0.0015892717,128.97223,19.726343,-0.01632871,,,,,,,,,,,,,,,,,,,,,,,,,,,,,128.97223,19.726343,1.0000001e-07,128.97223,19.726343,7.0,,,,,,,
128.97223,19.666386,0.064242154,128.97223,19.666386,0.061386287,,,,,,,,,,,,,,,,,,,,,,,,,,,,,,,,,,,,,,,,,,,,,,,,,,,,,,,,,,,,,128.97223,19.666386,-0.15493272,128.97223,19.666386,0.070747286,,,,,,,,,,,,,,,,,128.97223,19.756323,-0.08396733,128.97223,19.756323,-0.005594356,,,,,,,,,,,,,,,,,,,,,,,,,,,,,128.97223,19.756323,1.0000001e-07,128.97223,19.756323,7.0,,,,,,,
128.97223,19.696365,0.06508998,128.97223,19.696365,0.060151715,,,,,,,,,,,,,,,,,,,,,,,,,,,,,,,,,,,,,,,,,,,,,,,,,,,,,,,,,,,,,128.97223,19.696365,0.1415476,128.97223,19.696365,-0.4029967,,,,,,,,,,,,,,,,,128.97223,19.786303,-0.039684642,128.97223,19.786303,-0.031115612,,,,,,,,,,,,,,,,,,,,,,,,,,,,,128.97223,19.786303,1.0000001e-07,128.97223,19.786303,7.0,,,,,,,
128.97223,19.726343,0.064747885,128.97223,19.726343,0.061103676,,,,,,,,,,,,,,,,,,,,,,,,,,,,,,,,,,,,,,,,,,,,,,,,,,,,,,,,,,,,,128.97223,19.726343,0.03186159,128.97223,19.726343,-0.0117140515,,,,,,,,,,,,,,,,,128.97223,19.816282,0.10752848,128.97223,19.816282,-0.1123051,,,,,,,,,,,,,,,,,,,,,,,,,,,,,128.97223,19.816282,1.0000001e-07,128.97223,19.816282,7.0,,,,,,,
128.97223,19.756323,0.063825674,128.97223,19.756323,0.0611483,,,,,,,,,,,,,,,,,,,,,,,,,,,,,,,,,,,,,,,,,,,,,,,,,,,,,,,,,,,,,128.97223,19.756323,-0.32558262,128.97223,19.756323,-0.010536637,,,,,,,,,,,,,,,,,128.97223,19.84626,0.128561,128.97223,19.84626,0.14616968,,,,,,,,,,,,,,,,,,,,,,,,,,,,,128.97223,19.84626,1.0000001e-07,128.97223,19.84626,7.0,,,,,,,
128.97223,19.786303,0.06430165,128.97223,19.786303,0.06091031,,,,,,,,,,,,,,,,,,,,,,,,,,,,,,,,,,,,,,,,,,,,,,,,,,,,,,,,,,,,,128.97223,19.786303,-0.13768183,128.97223,19.786303,-0.052081253,,,,,,,,,,,,,,,,,128.97223,19.87624,-0.06002477,128.97223,19.87624,0.18823121,,,,,,,,,,,,,,,,,,,,,,,,,,,,,128.97223,19.87624,1.0000001e-07,128.97223,19.87624,7.0,,,,,,,
128.97223,19.816282,0.06583371,128.97223,19.816282,0.060092226,,,,,,,,,,,,,,,,,,,,,,,,,,,,,,,,,,,,,,,,,,,,,,,,,,,,,,,,,,,,,128.97223,19.816282,0.4129076,128.97223,19.816282,-0.42586643,,,,,,,,,,,,,,,,,128.97223,19.90622,0.13211519,128.97223,19.90622,0.0046411124,,,,,,,,,,,,,,,,,,,,,,,,,,,,,128.97223,19.90622,1.0000001e-07,128.97223,19.90622,7.0,,,,,,,
128.97223,19.84626,0.06601219,128.97223,19.84626,0.06284397,,,,,,,,,,,,,,,,,,,,,,,,,,,,,,,,,,,,,,,,,,,,,,,,,,,,,,,,,,,,,128.97223,19.84626,0.47960934,128.97223,19.84626,0.5928147,,,,,,,,,,,,,,,,,128.97223,19.9362,-0.052156515,128.97223,19.9362,0.14457609,,,,,,,,,,,,,,,,,,,,,,,,,,,,,128.97223,19.9362,1.0000001e-07,128.97223,19.9362,7.0,,,,,,,
128.97223,19.87624,0.06404879,128.97223,19.87624,0.06321582,,,,,,,,,,,,,,,,,,,,,,,,,,,,,,,,,,,,,,,,,,,,,,,,,,,,,,,,,,,,,128.97223,19.87624,-0.22139862,128.97223,19.87624,0.6850866,,,,,,,,,,,,,,,,,128.97223,19.966177,0.060377523,128.97223,19.966177,-0.064700946,,,,,,,,,,,,,,,,,,,,,,,,,,,,,128.97223,19.966177,1.0000001e-07,128.97223,19.966177,7.0,,,,,,,
128.97223,19.90622,0.06610145,128.97223,19.90622,0.061341662,,,,,,,,,,,,,,,,,,,,,,,,,,,,,,,,,,,,,,,,,,,,,,,,,,,,,,,,,,,,,128.97223,19.90622,0.49506256,128.97223,19.90622,0.05941899,,,,,,,,,,,,,,,,,128.97223,19.996157,0.18914118,128.97223,19.996157,-0.040441625,,,,,,,,,,,,,,,,,,,,,,,,,,,,,128.97223,19.996157,1.0000001e-07,128.97223,19.996157,7.0,,,,,,,
128.97223,19.9362,0.064212404,128.97223,19.9362,0.06272498,,,,,,,,,,,,,,,,,,,,,,,,,,,,,,,,,,,,,,,,,,,,,,,,,,,,,,,,,,,,,128.97223,19.9362,-0.18390185,128.97223,19.9362,0.54654294,,,,,,,,,,,,,,,,,,,,,,,,,,,,,,,,,,,,,,,,,,,,,,,,,,,,,,,,,,,,,,,
128.97223,19.966177,0.06531311,128.97223,19.966177,0.060553327,,,,,,,,,,,,,,,,,,,,,,,,,,,,,,,,,,,,,,,,,,,,,,,,,,,,,,,,,,,,,128.97223,19.966177,0.21604775,128.97223,19.966177,-0.21822317,,,,,,,,,,,,,,,,,,,,,,,,,,,,,,,,,,,,,,,,,,,,,,,,,,,,,,,,,,,,,,,
128.97223,19.996157,0.06660717,128.97223,19.996157,0.06083594,,,,,,,,,,,,,,,,,,,,,,,,,,,,,,,,,,,,,,,,,,,,,,,,,,,,,,,,,,,,,128.97223,19.996157,0.6602529,128.97223,19.996157,-0.14005107,,,,,,,,,,,,,,,,,,,,,,,,,,,,,,,,,,,,,,,,,,,,,,,,,,,,,,,,,,,,,,,
128.97223,20.026136,0.064852,128.97223,20.026136,0.061059058,,,,,,,,,,,,,,,,,,,,,,,,,,,,,,,,,,,,,,,,,,,,,,,,,,,,,,,,,,,,,128.97223,20.026136,0.035861544,128.97223,20.026136,-0.036614418,,,,,,,,,,,,,,,,,,,,,,,,,,,,,,,,,,,,,,,,,,,,,,,,,,,,,,,,,,,,,,,
128.97223,20.056116,0.06437603,128.97223,20.056116,0.062977836,,,,,,,,,,,,,,,,,,,,,,,,,,,,,,,,,,,,,,,,,,,,,,,,,,,,,,,,,,,,,128.97223,20.056116,-0.092157096,128.97223,20.056116,0.60181546,,,,,,,,,,,,,,,,,,,,,,,,,,,,,,,,,,,,,,,,,,,,,,,,,,,,,,,,,,,,,,,
128.97223,20.086094,0.06413803,128.97223,20.086094,0.060999557,,,,,,,,,,,,,,,,,,,,,,,,,,,,,,,,,,,,,,,,,,,,,,,,,,,,,,,,,,,,,128.97223,20.086094,-0.19185577,128.97223,20.086094,-0.06805207,,,,,,,,,,,,,,,,,,,,,,,,,,,,,,,,,,,,,,,,,,,,,,,,,,,,,,,,,,,,,,,
128.97223,20.116074,0.06443552,128.97223,20.116074,0.06062769,,,,,,,,,,,,,,,,,,,,,,,,,,,,,,,,,,,,,,,,,,,,,,,,,,,,,,,,,,,,,128.97223,20.116074,-0.11532453,128.97223,20.116074,-0.18171242,,,,,,,,,,,,,,,,,,,,,,,,,,,,,,,,,,,,,,,,,,,,,,,,,,,,,,,,,,,,,,,
128.97223,20.146053,0.06446526,128.97223,20.146053,0.061222672,,,,,,,,,,,,,,,,,,,,,,,,,,,,,,,,,,,,,,,,,,,,,,,,,,,,,,,,,,,,,128.97223,20.146053,-0.05239548,128.97223,20.146053,0.0075213546,,,,,,,,,,,,,,,,,,,,,,,,,,,,,,,,,,,,,,,,,,,,,,,,,,,,,,,,,,,,,,,
128.97223,20.176033,0.06638405,128.97223,20.176033,0.061386287,,,,,,,,,,,,,,,,,,,,,,,,,,,,,,,,,,,,,,,,,,,,,,,,,,,,,,,,,,,,,128.97223,20.176033,0.57729274,128.97223,20.176033,0.06900426,,,,,,,,,,,,,,,,,,,,,,,,,,,,,,,,,,,,,,,,,,,,,,,,,,,,,,,,,,,,,,,
128.97223,20.20601,0.06614606,128.97223,20.20601,0.063468695,,,,,,,,,,,,,,,,,,,,,,,,,,,,,,,,,,,,,,,,,,,,,,,,,,,,,,,,,,,,,128.97223,20.20601,0.5158505,128.97223,20.20601,0.7918793,,,,,,,,,,,,,,,,,,,,,,,,,,,,,,,,,,,,,,,,,,,,,,,,,,,,,,,,,,,,,,,
128.97223,20.23599,0.06633944,128.97223,20.23599,0.060612824,,,,,,,,,,,,,,,,,,,,,,,,,,,,,,,,,,,,,,,,,,,,,,,,,,,,,,,,,,,,,128.97223,20.23599,0.5849393,128.97223,20.23599,-0.23655687,,,,,,,,,,,,,,,,,,,,,,,,,,,,,,,,,,,,,,,,,,,,,,,,,,,,,,,,,,,,,,,
128.97223,20.26597,0.06433139,128.97223,20.26597,0.06146066,,,,,,,,,,,,,,,,,,,,,,,,,,,,,,,,,,,,,,,,,,,,,,,,,,,,,,,,,,,,,128.97223,20.26597,-0.10139149,128.97223,20.26597,0.10741224,,,,,,,,,,,,,,,,,,,,,,,,,,,,,,,,,,,,,,,,,,,,,,,,,,,,,,,,,,,,,,,
128.97223,20.29595,0.06395955,128.97223,20.29595,0.061609402,,,,,,,,,,,,,,,,,,,,,,,,,,,,,,,,,,,,,,,,,,,,,,,,,,,,,,,,,,,,,128.97223,20.29595,-0.2582397,128.97223,20.29595,0.1453573,,,,,,,,,,,,,,,,,,,,,,,,,,,,,,,,,,,,,,,,,,,,,,,,,,,,,,,,,,,,,,,
128.97223,20.325928,0.06378105,128.97223,20.325928,0.059541866,,,,,,,,,,,,,,,,,,,,,,,,,,,,,,,,,,,,,,,,,,,,,,,,,,,,,,,,,,,,,128.97223,20.325928,-0.3185382,128.97223,20.325928,-0.58994716,,,,,,,,,,,,,,,,,,,,,,,,,,,,,,,,,,,,,,,,,,,,,,,,,,,,,,,,,,,,,,,
128.97223,20.355907,0.065997325,128.97223,20.355907,0.06068719,,,,,,,,,,,,,,,,,,,,,,,,,,,,,,,,,,,,,,,,,,,,,,,,,,,,,,,,,,,,,128.97223,20.355907,0.4446482,128.97223,20.355907,-0.21718709,,,,,,,,,,,,,,,,,,,,,,,,,,,,,,,,,,,,,,,,,,,,,,,,,,,,,,,,,,,,,,,
128.97223,20.385887,0.064762756,128.97223,20.385887,0.05982448,,,,,,,,,,,,,,,,,,,,,,,,,,,,,,,,,,,,,,,,,,,,,,,,,,,,,,,,,,,,,128.97223,20.385887,0.041871767,128.97223,20.385887,-0.49724326,,,,,,,,,,,,,,,,,,,,,,,,,,,,,,,,,,,,,,,,,,,,,,,,,,,,,,,,,,,,,,,
128.97223,20.415867,0.06437603,128.97223,20.415867,0.06019634,,,,,,,,,,,,,,,,,,,,,,,,,,,,,,,,,,,,,,,,,,,,,,,,,,,,,,,,,,,,,128.97223,20.415867,-0.11833432,128.97223,20.415867,-0.39066535,,,,,,,,,,,,,,,,,,,,,,,,,,,,,,,,,,,,,,,,,,,,,,,,,,,,,,,,,,,,,,,
128.97223,20.445845,0.06534285,128.97223,20.445845,0.062367994,,,,,,,,,,,,,,,,,,,,,,,,,,,,,,,,,,,,,,,,,,,,,,,,,,,,,,,,,,,,,128.97223,20.445845,0.21499014,128.97223,20.445845,0.37416163,,,,,,,,,,,,,,,,,,,,,,,,,,,,,,,,,,,,,,,,,,,,,,,,,,,,,,,,,,,,,,,
128.97223,20.475824,0.065997325,128.97223,20.475824,0.060464077,,,,,,,,,,,,,,,,,,,,,,,,,,,,,,,,,,,,,,,,,,,,,,,,,,,,,,,,,,,,,128.97223,20.475824,0.42925408,128.97223,20.475824,-0.28654528,,,,,,,,,,,,,,,,,,,,,,,,,,,,,,,,,,,,,,,,,,,,,,,,,,,,,,,,,,,,,,,
128.97223,20.505804,0.06565521,128.97223,20.505804,0.06333482,,,,,,,,,,,,,,,,,,,,,,,,,,,,,,,,,,,,,,,,,,,,,,,,,,,,,,,,,,,,,128.97223,20.505804,0.3208189,128.97223,20.505804,0.8006915,,,,,,,,,,,,,,,,,,,,,,,,,,,,,,,,,,,,,,,,,,,,,,,,,,,,,,,,,,,,,,,
128.97223,20.535784,0.06500074,128.97223,20.535784,0.06278447,,,,,,,,,,,,,,,,,,,,,,,,,,,,,,,,,,,,,,,,,,,,,,,,,,,,,,,,,,,,,128.97223,20.535784,0.111322455,128.97223,20.535784,0.5467677,,,,,,,,,,,,,,,,,,,,,,,,,,,,,,,,,,,,,,,,,,,,,,,,,,,,,,,,,,,,,,,
128.97223,20.565763,0.06410828,128.97223,20.565763,0.062472112,,,,,,,,,,,,,,,,,,,,,,,,,,,,,,,,,,,,,,,,,,,,,,,,,,,,,,,,,,,,,128.97223,20.565763,-0.2093637,128.97223,20.565763,0.46783617,,,,,,,,,,,,,,,,,,,,,,,,,,,,,,,,,,,,,,,,,,,,,,,,,,,,,,,,,,,,,,,
128.97223,20.595741,0.06514949,128.97223,20.595741,0.05994348,,,,,,,,,,,,,,,,,,,,,,,,,,,,,,,,,,,,,,,,,,,,,,,,,,,,,,,,,,,,,128.97223,20.595741,0.14305413,128.97223,20.595741,-0.45817342,,,,,,,,,,,,,,,,,,,,,,,,,,,,,,,,,,,,,,,,,,,,,,,,,,,,,,,,,,,,,,,
128.97223,20.625721,0.06471813,128.97223,20.625721,0.0610888,,,,,,,,,,,,,,,,,,,,,,,,,,,,,,,,,,,,,,,,,,,,,,,,,,,,,,,,,,,,,128.97223,20.625721,-0.012454516,128.97223,20.625721,0.009911656,,,,,,,,,,,,,,,,,,,,,,,,,,,,,,,,,,,,,,,,,,,,,,,,,,,,,,,,,,,,,,,
128.97223,20.6557,0.06324557,128.97223,20.6557,0.0628291,,,,,,,,,,,,,,,,,,,,,,,,,,,,,,,,,,,,,,,,,,,,,,,,,,,,,,,,,,,,,128.97223,20.6557,-0.50146496,128.97223,20.6557,0.56784844,,,,,,,,,,,,,,,,,,,,,,,,,,,,,,,,,,,,,,,,,,,,,,,,,,,,,,,,,,,,,,,
128.97223,20.68568,0.065997325,128.97223,20.68568,0.060434327,,,,,,,,,,,,,,,,,,,,,,,,,,,,,,,,,,,,,,,,,,,,,,,,,,,,,,,,,,,,,128.97223,20.68568,0.45681137,128.97223,20.68568,-0.27857628,,,,,,,,,,,,,,,,,,,,,,,,,,,,,,,,,,,,,,,,,,,,,,,,,,,,,,,,,,,,,,,
128.97223,20.715658,0.06540235,128.97223,20.715658,0.061044175,,,,,,,,,,,,,,,,,,,,,,,,,,,,,,,,,,,,,,,,,,,,,,,,,,,,,,,,,,,,,128.97223,20.715658,0.23531137,128.97223,20.715658,-0.07883502,,,,,,,,,,,,,,,,,,,,,,,,,,,,,,,,,,,,,,,,,,,,,,,,,,,,,,,,,,,,,,,
128.97223,20.745638,0.0642719,128.97223,20.745638,0.06111855,,,,,,,,,,,,,,,,,,,,,,,,,,,,,,,,,,,,,,,,,,,,,,,,,,,,,,,,,,,,,128.97223,20.745638,-0.15998334,128.97223,20.745638,-0.057462413,,,,,,,,,,,,,,,,,,,,,,,,,,,,,,,,,,,,,,,,,,,,,,,,,,,,,,,,,,,,,,,
128.97223,20.775618,0.06610145,128.97223,20.775618,0.06275472,,,,,,,,,,,,,,,,,,,,,,,,,,,,,,,,,,,,,,,,,,,,,,,,,,,,,,,,,,,,,128.97223,20.775618,0.4848746,128.97223,20.775618,0.5622704,,,,,,,,,,,,,,,,,,,,,,,,,,,,,,,,,,,,,,,,,,,,,,,,,,,,,,,,,,,,,,,
128.97223,20.805597,0.06474788,128.97223,20.805597,0.061073925,,,,,,,,,,,,,,,,,,,,,,,,,,,,,,,,,,,,,,,,,,,,,,,,,,,,,,,,,,,,,128.97223,20.805597,0.02981045,128.97223,20.805597,-0.009093721,,,,,,,,,,,,,,,,,,,,,,,,,,,,,,,,,,,,,,,,,,,,,,,,,,,,,,,,,,,,,,,
128.97223,20.835575,0.06575933,128.97223,20.835575,0.06195151,,,,,,,,,,,,,,,,,,,,,,,,,,,,,,,,,,,,,,,,,,,,,,,,,,,,,,,,,,,,,128.97223,20.835575,0.37985796,128.97223,20.835575,0.30720323,,,,,,,,,,,,,,,,,,,,,,,,,,,,,,,,,,,,,,,,,,,,,,,,,,,,,,,,,,,,,,,
128.97223,20.865555,0.06510487,128.97223,20.865555,0.059482377,,,,,,,,,,,,,,,,,,,,,,,,,,,,,,,,,,,,,,,,,,,,,,,,,,,,,,,,,,,,,128.97223,20.865555,0.13726255,128.97223,20.865555,-0.60284513,,,,,,,,,,,,,,,,,,,,,,,,,,,,,,,,,,,,,,,,,,,,,,,,,,,,,,,,,,,,,,,
128.97223,20.895535,0.062219247,128.97223,20.895535,0.060969803,,,,,,,,,,,,,,,,,,,,,,,,,,,,,,,,,,,,,,,,,,,,,,,,,,,,,,,,,,,,,128.97223,20.895535,-0.86053663,128.97223,20.895535,-0.034754355,,,,,,,,,,,,,,,,,,,,,,,,,,,,,,,,,,,,,,,,,,,,,,,,,,,,,,,,,,,,,,,
128.97223,20.925514,0.06436115,128.97223,20.925514,0.060359962,,,,,,,,,,,,,,,,,,,,,,,,,,,,,,,,,,,,,,,,,,,,,,,,,,,,,,,,,,,,,128.97223,20.925514,-0.09672986,128.97223,20.925514,-0.28554234,,,,,,,,,,,,,,,,,,,,,,,,,,,,,,,,,,,,,,,,,,,,,,,,,,,,,,,,,,,,,,,
128.97223,20.955492,0.064777635,128.97223,20.955492,0.059482377,,,,,,,,,,,,,,,,,,,,,,,,,,,,,,,,,,,,,,,,,,,,,,,,,,,,,,,,,,,,,128.97223,20.955492,0.06931983,128.97223,20.955492,-0.6090575,,,,,,,,,,,,,,,,,,,,,,,,,,,,,,,,,,,,,,,,,,,,,,,,,,,,,,,,,,,,,,,
128.97223,20.985472,0.06404879,128.97223,20.985472,0.061133426,,,,,,,,,,,,,,,,,,,,,,,,,,,,,,,,,,,,,,,,,,,,,,,,,,,,,,,,,,,,,128.97223,20.985472,-0.21723609,128.97223,20.985472,-0.04819245,,,,,,,,,,,,,,,,,,,,,,,,,,,,,,,,,,,,,,,,,,,,,,,,,,,,,,,,,,,,,,,
128.97223,21.015451,0.064762756,128.97223,21.015451,0.06059795,,,,,,,,,,,,,,,,,,,,,,,,,,,,,,,,,,,,,,,,,,,,,,,,,,,,,,,,,,,,,128.97223,21.015451,0.026640799,128.97223,21.015451,-0.20615192,,,,,,,,,,,,,,,,,,,,,,,,,,,,,,,,,,,,,,,,,,,,,,,,,,,,,,,,,,,,,,,
128.97223,21.045431,0.06446526,128.97223,21.045431,0.060612816,,,,,,,,,,,,,,,,,,,,,,,,,,,,,,,,,,,,,,,,,,,,,,,,,,,,,,,,,,,,,128.97223,21.045431,-0.082153164,128.97223,21.045431,-0.17979544,,,,,,,,,,,,,,,,,,,,,,,,,,,,,,,,,,,,,,,,,,,,,,,,,,,,,,,,,,,,,,,
128.97223,21.075409,0.06448015,128.97223,21.075409,0.062992714,,,,,,,,,,,,,,,,,,,,,,,,,,,,,,,,,,,,,,,,,,,,,,,,,,,,,,,,,,,,,128.97223,21.075409,-0.060646527,128.97223,21.075409,0.6732482,,,,,,,,,,,,,,,,,,,,,,,,,,,,,,,,,,,,,,,,,,,,,,,,,,,,,,,,,,,,,,,
128.97223,21.105389,0.0647925,128.97223,21.105389,0.060107097,,,,,,,,,,,,,,,,,,,,,,,,,,,,,,,,,,,,,,,,,,,,,,,,,,,,,,,,,,,,,128.97223,21.105389,0.030611165,128.97223,21.105389,-0.4036157,,,,,,,,,,,,,,,,,,,,,,,,,,,,,,,,,,,,,,,,,,,,,,,,,,,,,,,,,,,,,,,
128.97223,21.135368,0.06489662,128.97223,21.135368,0.059928603,,,,,,,,,,,,,,,,,,,,,,,,,,,,,,,,,,,,,,,,,,,,,,,,,,,,,,,,,,,,,128.97223,21.135368,0.065021254,128.97223,21.135368,-0.46492502,,,,,,,,,,,,,,,,,,,,,,,,,,,,,,,,,,,,,,,,,,,,,,,,,,,,,,,,,,,,,,,
128.97223,21.165348,0.064628884,128.97223,21.165348,0.062546484,,,,,,,,,,,,,,,,,,,,,,,,,,,,,,,,,,,,,,,,,,,,,,,,,,,,,,,,,,,,,128.97223,21.165348,-0.029861927,128.97223,21.165348,0.45431545,,,,,,,,,,,,,,,,,,,,,,,,,,,,,,,,,,,,,,,,,,,,,,,,,,,,,,,,,,,,,,,
128.97223,21.195326,0.065075114,128.97223,21.195326,0.061371412,,,,,,,,,,,,,,,,,,,,,,,,,,,,,,,,,,,,,,,,,,,,,,,,,,,,,,,,,,,,,128.97223,21.195326,0.13770312,128.97223,21.195326,0.061267827,,,,,,,,,,,,,,,,,,,,,,,,,,,,,,,,,,,,,,,,,,,,,,,,,,,,,,,,,,,,,,,
128.97223,21.225306,0.0644504,128.97223,21.225306,0.06059794,,,,,,,,,,,,,,,,,,,,,,,,,,,,,,,,,,,,,,,,,,,,,,,,,,,,,,,,,,,,,128.97223,21.225306,-0.06298173,128.97223,21.225306,-0.18402605,,,,,,,,,,,,,,,,,,,,,,,,,,,,,,,,,,,,,,,,,,,,,,,,,,,,,,,,,,,,,,,
128.97223,21.255285,0.06360255,128.97223,21.255285,0.060211223,,,,,,,,,,,,,,,,,,,,,,,,,,,,,,,,,,,,,,,,,,,,,,,,,,,,,,,,,,,,,128.97223,21.255285,-0.3866674,128.97223,21.255285,-0.37507677,,,,,,,,,,,,,,,,,,,,,,,,,,,,,,,,,,,,,,,,,,,,,,,,,,,,,,,,,,,,,,,
128.97223,21.285265,0.065536216,128.97223,21.285265,0.061118543,,,,,,,,,,,,,,,,,,,,,,,,,,,,,,,,,,,,,,,,,,,,,,,,,,,,,,,,,,,,,128.97223,21.285265,0.28093812,128.97223,21.285265,-0.032158427,,,,,,,,,,,,,,,,,,,,,,,,,,,,,,,,,,,,,,,,,,,,,,,,,,,,,,,,,,,,,,,
128.97223,21.315243,0.065179236,128.97223,21.315243,0.062486988,,,,,,,,,,,,,,,,,,,,,,,,,,,,,,,,,,,,,,,,,,,,,,,,,,,,,,,,,,,,,128.97223,21.315243,0.17008632,128.97223,21.315243,0.48511112,,,,,,,,,,,,,,,,,,,,,,,,,,,,,,,,,,,,,,,,,,,,,,,,,,,,,,,,,,,,,,,
128.97223,21.345222,0.06480738,128.97223,21.345222,0.06105905,,,,,,,,,,,,,,,,,,,,,,,,,,,,,,,,,,,,,,,,,,,,,,,,,,,,,,,,,,,,,128.97223,21.345222,0.044925332,128.97223,21.345222,-0.053160414,,,,,,,,,,,,,,,,,,,,,,,,,,,,,,,,,,,,,,,,,,,,,,,,,,,,,,,,,,,,,,,
128.97223,21.375202,0.065595716,128.97223,21.375202,0.06339432,,,,,,,,,,,,,,,,,,,,,,,,,,,,,,,,,,,,,,,,,,,,,,,,,,,,,,,,,,,,,128.97223,21.375202,0.3136103,128.97223,21.375202,0.7950372,,,,,,,,,,,,,,,,,,,,,,,,,,,,,,,,,,,,,,,,,,,,,,,,,,,,,,,,,,,,,,,
128.97223,21.405182,0.06535772,128.97223,21.405182,0.061564777,,,,,,,,,,,,,,,,,,,,,,,,,,,,,,,,,,,,,,,,,,,,,,,,,,,,,,,,,,,,,128.97223,21.405182,0.23822409,128.97223,21.405182,0.150402,,,,,,,,,,,,,,,,,,,,,,,,,,,,,,,,,,,,,,,,,,,,,,,,,,,,,,,,,,,,,,,
128.97223,21.435162,0.06492636,128.97223,21.435162,0.05979474,,,,,,,,,,,,,,,,,,,,,,,,,,,,,,,,,,,,,,,,,,,,,,,,,,,,,,,,,,,,,128.97223,21.435162,0.061494667,128.97223,21.435162,-0.5356022,,,,,,,,,,,,,,,,,,,,,,,,,,,,,,,,,,,,,,,,,,,,,,,,,,,,,,,,,,,,,,,
128.97223,21.46514,0.06580396,128.97223,21.46514,0.06146066,,,,,,,,,,,,,,,,,,,,,,,,,,,,,,,,,,,,,,,,,,,,,,,,,,,,,,,,,,,,,128.97223,21.46514,0.38454136,128.97223,21.46514,0.114506006,,,,,,,,,,,,,,,,,,,,,,,,,,,,,,,,,,,,,,,,,,,,,,,,,,,,,,,,,,,,,,,
128.97223,21.49512,0.06520899,128.97223,21.49512,0.061535027,,,,,,,,,,,,,,,,,,,,,,,,,,,,,,,,,,,,,,,,,,,,,,,,,,,,,,,,,,,,,128.97223,21.49512,0.17824605,128.97223,21.49512,0.16037926,,,,,,,,,,,,,,,,,,,,,,,,,,,,,,,,,,,,,,,,,,,,,,,,,,,,,,,,,,,,,,,
128.97223,21.525099,0.06384054,128.97223,21.525099,0.061192922,,,,,,,,,,,,,,,,,,,,,,,,,,,,,,,,,,,,,,,,,,,,,,,,,,,,,,,,,,,,,128.97223,21.525099,-0.3172931,128.97223,21.525099,-0.0024520557,,,,,,,,,,,,,,,,,,,,,,,,,,,,,,,,,,,,,,,,,,,,,,,,,,,,,,,,,,,,,,,
128.97223,21.555079,0.0658932,128.97223,21.555079,0.06152015,,,,,,,,,,,,,,,,,,,,,,,,,,,,,,,,,,,,,,,,,,,,,,,,,,,,,,,,,,,,,128.97223,21.555079,0.44612667,128.97223,21.555079,0.12994777,,,,,,,,,,,,,,,,,,,,,,,,,,,,,,,,,,,,,,,,,,,,,,,,,,,,,,,,,,,,,,,
128.97223,21.585056,0.065089986,128.97223,21.585056,0.061758146,,,,,,,,,,,,,,,,,,,,,,,,,,,,,,,,,,,,,,,,,,,,,,,,,,,,,,,,,,,,,128.97223,21.585056,0.12590608,128.97223,21.585056,0.21101636,,,,,,,,,,,,,,,,,,,,,,,,,,,,,,,,,,,,,,,,,,,,,,,,,,,,,,,,,,,,,,,
128.97223,21.615036,0.06419753,128.97223,21.615036,0.060761563,,,,,,,,,,,,,,,,,,,,,,,,,,,,,,,,,,,,,,,,,,,,,,,,,,,,,,,,,,,,,128.97223,21.615036,-0.19955055,128.97223,21.615036,-0.1392284,,,,,,,,,,,,,,,,,,,,,,,,,,,,,,,,,,,,,,,,,,,,,,,,,,,,,,,,,,,,,,,
128.97223,21.645016,0.063810796,128.97223,21.645016,0.061341662,,,,,,,,,,,,,,,,,,,,,,,,,,,,,,,,,,,,,,,,,,,,,,,,,,,,,,,,,,,,,128.97223,21.645016,-0.2891097,128.97223,21.645016,0.06423444,,,,,,,,,,,,,,,,,,,,,,,,,,,,,,,,,,,,,,,,,,,,,,,,,,,,,,,,,,,,,,,
128.97223,21.674995,0.0637513,128.97223,21.674995,0.05905102,,,,,,,,,,,,,,,,,,,,,,,,,,,,,,,,,,,,,,,,,,,,,,,,,,,,,,,,,,,,,128.97223,21.674995,-0.32914665,128.97223,21.674995,-0.78155017,,,,,,,,,,,,,,,,,,,,,,,,,,,,,,,,,,,,,,,,,,,,,,,,,,,,,,,,,,,,,,,
128.97223,21.704973,0.0627696,128.97223,21.704973,0.062204376,,,,,,,,,,,,,,,,,,,,,,,,,,,,,,,,,,,,,,,,,,,,,,,,,,,,,,,,,,,,,128.97223,21.704973,-0.6760287,128.97223,21.704973,0.39433375,,,,,,,,,,,,,,,,,,,,,,,,,,,,,,,,,,,,,,,,,,,,,,,,,,,,,,,,,,,,,,,
128.97223,21.734953,0.065491594,128.97223,21.734953,0.060969803,,,,,,,,,,,,,,,,,,,,,,,,,,,,,,,,,,,,,,,,,,,,,,,,,,,,,,,,,,,,,128.97223,21.734953,0.2668017,128.97223,21.734953,-0.10959431,,,,,,,,,,,,,,,,,,,,,,,,,,,,,,,,,,,,,,,,,,,,,,,,,,,,,,,,,,,,,,,
128.97223,21.764933,0.0635728,128.97223,21.764933,0.05983936,,,,,,,,,,,,,,,,,,,,,,,,,,,,,,,,,,,,,,,,,,,,,,,,,,,,,,,,,,,,,128.97223,21.764933,-0.3742686,128.97223,21.764933,-0.49016845,,,,,,,,,,,,,,,,,,,,,,,,,,,,,,,,,,,,,,,,,,,,,,,,,,,,,,,,,,,,,,,
128.97223,21.794912,0.06611632,128.97223,21.794912,0.062219243,,,,,,,,,,,,,,,,,,,,,,,,,,,,,,,,,,,,,,,,,,,,,,,,,,,,,,,,,,,,,128.97223,21.794912,0.486492,128.97223,21.794912,0.354265,,,,,,,,,,,,,,,,,,,,,,,,,,,,,,,,,,,,,,,,,,,,,,,,,,,,,,,,,,,,,,,
128.97223,21.82489,0.0642719,128.97223,21.82489,0.060464077,,,,,,,,,,,,,,,,,,,,,,,,,,,,,,,,,,,,,,,,,,,,,,,,,,,,,,,,,,,,,128.97223,21.82489,-0.13717003,128.97223,21.82489,-0.305784,,,,,,,,,,,,,,,,,,,,,,,,,,,,,,,,,,,,,,,,,,,,,,,,,,,,,,,,,,,,,,,
128.97223,21.85487,0.06568496,128.97223,21.85487,0.060850814,,,,,,,,,,,,,,,,,,,,,,,,,,,,,,,,,,,,,,,,,,,,,,,,,,,,,,,,,,,,,128.97223,21.85487,0.3521994,128.97223,21.85487,-0.11215945,,,,,,,,,,,,,,,,,,,,,,,,,,,,,,,,,,,,,,,,,,,,,,,,,,,,,,,,,,,,,,,
128.97223,21.88485,0.065476716,128.97223,21.88485,0.061505277,,,,,,,,,,,,,,,,,,,,,,,,,,,,,,,,,,,,,,,,,,,,,,,,,,,,,,,,,,,,,128.97223,21.88485,0.28925765,128.97223,21.88485,0.10961017,,,,,,,,,,,,,,,,,,,,,,,,,,,,,,,,,,,,,,,,,,,,,,,,,,,,,,,,,,,,,,,
128.97223,21.91483,0.06492637,128.97223,21.91483,0.061832514,,,,,,,,,,,,,,,,,,,,,,,,,,,,,,,,,,,,,,,,,,,,,,,,,,,,,,,,,,,,,128.97223,21.91483,0.08594993,128.97223,21.91483,0.23590906,,,,,,,,,,,,,,,,,,,,,,,,,,,,,,,,,,,,,,,,,,,,,,,,,,,,,,,,,,,,,,,
128.97223,21.944807,0.066354305,128.97223,21.944807,0.060047593,,,,,,,,,,,,,,,,,,,,,,,,,,,,,,,,,,,,,,,,,,,,,,,,,,,,,,,,,,,,,128.97223,21.944807,0.5832214,128.97223,21.944807,-0.41140932,,,,,,,,,,,,,,,,,,,,,,,,,,,,,,,,,,,,,,,,,,,,,,,,,,,,,,,,,,,,,,,
128.97223,21.974787,0.06480738,128.97223,21.974787,0.062472112,,,,,,,,,,,,,,,,,,,,,,,,,,,,,,,,,,,,,,,,,,,,,,,,,,,,,,,,,,,,,128.97223,21.974787,0.03735919,128.97223,21.974787,0.45047262,,,,,,,,,,,,,,,,,,,,,,,,,,,,,,,,,,,,,,,,,,,,,,,,,,,,,,,,,,,,,,,
128.97223,22.004766,0.06415291,128.97223,22.004766,0.06083594,,,,,,,,,,,,,,,,,,,,,,,,,,,,,,,,,,,,,,,,,,,,,,,,,,,,,,,,,,,,,128.97223,22.004766,-0.18120126,128.97223,22.004766,-0.1476964,,,,,,,,,,,,,,,,,,,,,,,,,,,,,,,,,,,,,,,,,,,,,,,,,,,,,,,,,,,,,,,
128.97223,22.034746,0.064733,128.97223,22.034746,0.0616689,,,,,,,,,,,,,,,,,,,,,,,,,,,,,,,,,,,,,,,,,,,,,,,,,,,,,,,,,,,,,128.97223,22.034746,0.0010939571,128.97223,22.034746,0.16061187,,,,,,,,,,,,,,,,,,,,,,,,,,,,,,,,,,,,,,,,,,,,,,,,,,,,,,,,,,,,,,,
128.97223,22.064724,0.06494125,128.97223,22.064724,0.06152016,,,,,,,,,,,,,,,,,,,,,,,,,,,,,,,,,,,,,,,,,,,,,,,,,,,,,,,,,,,,,128.97223,22.064724,0.071536474,128.97223,22.064724,0.12406957,,,,,,,,,,,,,,,,,,,,,,,,,,,,,,,,,,,,,,,,,,,,,,,,,,,,,,,,,,,,,,,
128.97223,22.094704,0.0658932,128.97223,22.094704,0.061445788,,,,,,,,,,,,,,,,,,,,,,,,,,,,,,,,,,,,,,,,,,,,,,,,,,,,,,,,,,,,,128.97223,22.094704,0.41799784,128.97223,22.094704,0.13449532,,,,,,,,,,,,,,,,,,,,,,,,,,,,,,,,,,,,,,,,,,,,,,,,,,,,,,,,,,,,,,,
128.97223,22.124683,0.063840546,128.97223,22.124683,0.059497245,,,,,,,,,,,,,,,,,,,,,,,,,,,,,,,,,,,,,,,,,,,,,,,,,,,,,,,,,,,,,128.97223,22.124683,-0.2838351,128.97223,22.124683,-0.61040425,,,,,,,,,,,,,,,,,,,,,,,,,,,,,,,,,,,,,,,,,,,,,,,,,,,,,,,,,,,,,,,
128.97223,22.154663,0.06410828,128.97223,22.154663,0.05891715,,,,,,,,,,,,,,,,,,,,,,,,,,,,,,,,,,,,,,,,,,,,,,,,,,,,,,,,,,,,,128.97223,22.154663,-0.18834895,128.97223,22.154663,-0.7433597,,,,,,,,,,,,,,,,,,,,,,,,,,,,,,,,,,,,,,,,,,,,,,,,,,,,,,,,,,,,,,,
128.97223,22.184643,0.06544697,128.97223,22.184643,0.062620856,,,,,,,,,,,,,,,,,,,,,,,,,,,,,,,,,,,,,,,,,,,,,,,,,,,,,,,,,,,,,128.97223,22.184643,0.25424752,128.97223,22.184643,0.5252068,,,,,,,,,,,,,,,,,,,,,,,,,,,,,,,,,,,,,,,,,,,,,,,,,,,,,,,,,,,,,,,
128.97223,22.21462,0.06604195,128.97223,22.21462,0.05839655,,,,,,,,,,,,,,,,,,,,,,,,,,,,,,,,,,,,,,,,,,,,,,,,,,,,,,,,,,,,,128.97223,22.21462,0.4570837,128.97223,22.21462,-1.00145,,,,,,,,,,,,,,,,,,,,,,,,,,,,,,,,,,,,,,,,,,,,,,,,,,,,,,,,,,,,,,,
128.97223,22.2446,0.06397441,128.97223,22.2446,0.062472112,,,,,,,,,,,,,,,,,,,,,,,,,,,,,,,,,,,,,,,,,,,,,,,,,,,,,,,,,,,,,128.97223,22.2446,-0.25356615,128.97223,22.2446,0.4633657,,,,,,,,,,,,,,,,,,,,,,,,,,,,,,,,,,,,,,,,,,,,,,,,,,,,,,,,,,,,,,,
128.97223,22.27458,0.0658932,128.97223,22.27458,0.059318762,,,,,,,,,,,,,,,,,,,,,,,,,,,,,,,,,,,,,,,,,,,,,,,,,,,,,,,,,,,,,128.97223,22.27458,0.425097,128.97223,22.27458,-0.67605424,,,,,,,,,,,,,,,,,,,,,,,,,,,,,,,,,,,,,,,,,,,,,,,,,,,,,,,,,,,,,,,
128.97223,22.30456,0.06458426,128.97223,22.30456,0.06279934,,,,,,,,,,,,,,,,,,,,,,,,,,,,,,,,,,,,,,,,,,,,,,,,,,,,,,,,,,,,,128.97223,22.30456,-0.03981978,128.97223,22.30456,0.5702593,,,,,,,,,,,,,,,,,,,,,,,,,,,,,,,,,,,,,,,,,,,,,,,,,,,,,,,,,,,,,,,
128.97223,22.334538,0.064242154,128.97223,22.334538,0.060508702,,,,,,,,,,,,,,,,,,,,,,,,,,,,,,,,,,,,,,,,,,,,,,,,,,,,,,,,,,,,,128.97223,22.334538,-0.1348695,128.97223,22.334538,-0.21361062,,,,,,,,,,,,,,,,,,,,,,,,,,,,,,,,,,,,,,,,,,,,,,,,,,,,,,,,,,,,,,,
128.97223,22.364517,0.064257026,128.97223,22.364517,0.0606872,,,,,,,,,,,,,,,,,,,,,,,,,,,,,,,,,,,,,,,,,,,,,,,,,,,,,,,,,,,,,128.97223,22.364517,-0.16502342,128.97223,22.364517,-0.18316507,,,,,,,,,,,,,,,,,,,,,,,,,,,,,,,,,,,,,,,,,,,,,,,,,,,,,,,,,,,,,,,
128.97223,22.394497,0.06504537,128.97223,22.394497,0.060538452,,,,,,,,,,,,,,,,,,,,,,,,,,,,,,,,,,,,,,,,,,,,,,,,,,,,,,,,,,,,,128.97223,22.394497,0.12727612,128.97223,22.394497,-0.23015247,,,,,,,,,,,,,,,,,,,,,,,,,,,,,,,,,,,,,,,,,,,,,,,,,,,,,,,,,,,,,,,
128.97223,22.424477,0.065878324,128.97223,22.424477,0.060107097,,,,,,,,,,,,,,,,,,,,,,,,,,,,,,,,,,,,,,,,,,,,,,,,,,,,,,,,,,,,,128.97223,22.424477,0.4224156,128.97223,22.424477,-0.39474708,,,,,,,,,,,,,,,,,,,,,,,,,,,,,,,,,,,,,,,,,,,,,,,,,,,,,,,,,,,,,,,
128.97223,22.454454,0.06403391,128.97223,22.454454,0.06190689,,,,,,,,,,,,,,,,,,,,,,,,,,,,,,,,,,,,,,,,,,,,,,,,,,,,,,,,,,,,,128.97223,22.454454,-0.21401401,128.97223,22.454454,0.26132536,,,,,,,,,,,,,,,,,,,,,,,,,,,,,,,,,,,,,,,,,,,,,,,,,,,,,,,,,,,,,,,
128.97223,22.484434,0.06458426,128.97223,22.484434,0.062085375,,,,,,,,,,,,,,,,,,,,,,,,,,,,,,,,,,,,,,,,,,,,,,,,,,,,,,,,,,,,,128.97223,22.484434,-0.039156955,128.97223,22.484434,0.29531136,,,,,,,,,,,,,,,,,,,,,,,,,,,,,,,,,,,,,,,,,,,,,,,,,,,,,,,,,,,,,,,
128.97223,22.514414,0.06357281,128.97223,22.514414,0.05903615,,,,,,,,,,,,,,,,,,,,,,,,,,,,,,,,,,,,,,,,,,,,,,,,,,,,,,,,,,,,,128.97223,22.514414,-0.40711603,128.97223,22.514414,-0.7481482,,,,,,,,,,,,,,,,,,,,,,,,,,,,,,,,,,,,,,,,,,,,,,,,,,,,,,,,,,,,,,,
128.97223,22.544394,0.06564034,128.97223,22.544394,0.06068719,,,,,,,,,,,,,,,,,,,,,,,,,,,,,,,,,,,,,,,,,,,,,,,,,,,,,,,,,,,,,128.97223,22.544394,0.32984716,128.97223,22.544394,-0.21273823,,,,,,,,,,,,,,,,,,,,,,,,,,,,,,,,,,,,,,,,,,,,,,,,,,,,,,,,,,,,,,,
128.97223,22.574371,0.06492637,128.97223,22.574371,0.061044175,,,,,,,,,,,,,,,,,,,,,,,,,,,,,,,,,,,,,,,,,,,,,,,,,,,,,,,,,,,,,128.97223,22.574371,0.057138707,128.97223,22.574371,-0.06540516,,,,,,,,,,,,,,,,,,,,,,,,,,,,,,,,,,,,,,,,,,,,,,,,,,,,,,,,,,,,,,,
128.97223,22.604351,0.06526849,128.97223,22.604351,0.061460655,,,,,,,,,,,,,,,,,,,,,,,,,,,,,,,,,,,,,,,,,,,,,,,,,,,,,,,,,,,,,128.97223,22.604351,0.20240086,128.97223,22.604351,0.107941456,,,,,,,,,,,,,,,,,,,,,,,,,,,,,,,,,,,,,,,,,,,,,,,,,,,,,,,,,,,,,,,
128.97223,22.63433,0.06342407,128.97223,22.63433,0.060984686,,,,,,,,,,,,,,,,,,,,,,,,,,,,,,,,,,,,,,,,,,,,,,,,,,,,,,,,,,,,,128.97223,22.63433,-0.43701485,128.97223,22.63433,-0.056006193,,,,,,,,,,,,,,,,,,,,,,,,,,,,,,,,,,,,,,,,,,,,,,,,,,,,,,,,,,,,,,,
128.97223,22.66431,0.06711289,128.97223,22.66431,0.061743274,,,,,,,,,,,,,,,,,,,,,,,,,,,,,,,,,,,,,,,,,,,,,,,,,,,,,,,,,,,,,128.97223,22.66431,0.8156161,128.97223,22.66431,0.13317755,,,,,,,,,,,,,,,,,,,,,,,,,,,,,,,,,,,,,,,,,,,,,,,,,,,,,,,,,,,,,,,
128.97223,22.694288,0.063825674,128.97223,22.694288,0.06215975,,,,,,,,,,,,,,,,,,,,,,,,,,,,,,,,,,,,,,,,,,,,,,,,,,,,,,,,,,,,,128.97223,22.694288,-0.3035952,128.97223,22.694288,0.30808413,,,,,,,,,,,,,,,,,,,,,,,,,,,,,,,,,,,,,,,,,,,,,,,,,,,,,,,,,,,,,,,
128.97223,22.724268,0.06684515,128.97223,22.724268,0.0610293,,,,,,,,,,,,,,,,,,,,,,,,,,,,,,,,,,,,,,,,,,,,,,,,,,,,,,,,,,,,,128.97223,22.724268,0.7414862,128.97223,22.724268,-0.032424524,,,,,,,,,,,,,,,,,,,,,,,,,,,,,,,,,,,,,,,,,,,,,,,,,,,,,,,,,,,,,,,
128.97223,22.754248,0.06452477,128.97223,22.754248,0.06040458,,,,,,,,,,,,,,,,,,,,,,,,,,,,,,,,,,,,,,,,,,,,,,,,,,,,,,,,,,,,,128.97223,22.754248,-0.023534512,128.97223,22.754248,-0.2763414,,,,,,,,,,,,,,,,,,,,,,,,,,,,,,,,,,,,,,,,,,,,,,,,,,,,,,,,,,,,,,,
128.97223,22.784227,0.06476275,128.97223,22.784227,0.061609406,,,,,,,,,,,,,,,,,,,,,,,,,,,,,,,,,,,,,,,,,,,,,,,,,,,,,,,,,,,,,128.97223,22.784227,0.027812501,128.97223,22.784227,0.14541912,,,,,,,,,,,,,,,,,,,,,,,,,,,,,,,,,,,,,,,,,,,,,,,,,,,,,,,,,,,,,,,
128.97223,22.814205,0.062918335,128.97223,22.814205,0.061683774,,,,,,,,,,,,,,,,,,,,,,,,,,,,,,,,,,,,,,,,,,,,,,,,,,,,,,,,,,,,,128.97223,22.814205,-0.60178435,128.97223,22.814205,0.18596488,,,,,,,,,,,,,,,,,,,,,,,,,,,,,,,,,,,,,,,,,,,,,,,,,,,,,,,,,,,,,,,
128.97223,22.844185,0.063855425,128.97223,22.844185,0.06266548,,,,,,,,,,,,,,,,,,,,,,,,,,,,,,,,,,,,,,,,,,,,,,,,,,,,,,,,,,,,,128.97223,22.844185,-0.28669435,128.97223,22.844185,0.5382726,,,,,,,,,,,,,,,,,,,,,,,,,,,,,,,,,,,,,,,,,,,,,,,,,,,,,,,,,,,,,,,
128.97223,22.874165,0.06305221,128.97223,22.874165,0.060315337,,,,,,,,,,,,,,,,,,,,,,,,,,,,,,,,,,,,,,,,,,,,,,,,,,,,,,,,,,,,,128.97223,22.874165,-0.5752802,128.97223,22.874165,-0.3071289,,,,,,,,,,,,,,,,,,,,,,,,,,,,,,,,,,,,,,,,,,,,,,,,,,,,,,,,,,,,,,,
128.97223,22.904144,0.064271905,128.97223,22.904144,0.058991518,,,,,,,,,,,,,,,,,,,,,,,,,,,,,,,,,,,,,,,,,,,,,,,,,,,,,,,,,,,,,128.97223,22.904144,-0.1424199,128.97223,22.904144,-0.7986949,,,,,,,,,,,,,,,,,,,,,,,,,,,,,,,,,,,,,,,,,,,,,,,,,,,,,,,,,,,,,,,
128.97223,22.934122,0.065089986,128.97223,22.934122,0.06092518,,,,,,,,,,,,,,,,,,,,,,,,,,,,,,,,,,,,,,,,,,,,,,,,,,,,,,,,,,,,,128.97223,22.934122,0.15976143,128.97223,22.934122,-0.0762807,,,,,,,,,,,,,,,,,,,,,,,,,,,,,,,,,,,,,,,,,,,,,,,,,,,,,,,,,,,,,,,
128.97223,22.964102,0.06494125,128.97223,22.964102,0.059363384,,,,,,,,,,,,,,,,,,,,,,,,,,,,,,,,,,,,,,,,,,,,,,,,,,,,,,,,,,,,,128.97223,22.964102,0.07646595,128.97223,22.964102,-0.6310844,,,,,,,,,,,,,,,,,,,,,,,,,,,,,,,,,,,,,,,,,,,,,,,,,,,,,,,,,,,,,,,
128.97223,22.994081,0.063751295,128.97223,22.994081,0.062234122,,,,,,,,,,,,,,,,,,,,,,,,,,,,,,,,,,,,,,,,,,,,,,,,,,,,,,,,,,,,,128.97223,22.994081,-0.32063305,128.97223,22.994081,0.3952776,,,,,,,,,,,,,,,,,,,,,,,,,,,,,,,,,,,,,,,,,,,,,,,,,,,,,,,,,,,,,,,
128.97223,23.024061,0.06430165,128.97223,23.024061,0.062903464,,,,,,,,,,,,,,,,,,,,,,,,,,,,,,,,,,,,,,,,,,,,,,,,,,,,,,,,,,,,,128.97223,23.024061,-0.1375678,128.97223,23.024061,0.60874516,,,,,,,,,,,,,,,,,,,,,,,,,,,,,,,,,,,,,,,,,,,,,,,,,,,,,,,,,,,,,,,
128.97223,23.05404,0.06342407,128.97223,23.05404,0.062546484,,,,,,,,,,,,,,,,,,,,,,,,,,,,,,,,,,,,,,,,,,,,,,,,,,,,,,,,,,,,,128.97223,23.05404,-0.43698066,128.97223,23.05404,0.4998844,,,,,,,,,,,,,,,,,,,,,,,,,,,,,,,,,,,,,,,,,,,,,,,,,,,,,,,,,,,,,,,
128.97223,23.084019,0.06587833,128.97223,23.084019,0.06137142,,,,,,,,,,,,,,,,,,,,,,,,,,,,,,,,,,,,,,,,,,,,,,,,,,,,,,,,,,,,,128.97223,23.084019,0.42673388,128.97223,23.084019,0.05192956,,,,,,,,,,,,,,,,,,,,,,,,,,,,,,,,,,,,,,,,,,,,,,,,,,,,,,,,,,,,,,,
128.97223,23.113998,0.06526849,128.97223,23.113998,0.060925186,,,,,,,,,,,,,,,,,,,,,,,,,,,,,,,,,,,,,,,,,,,,,,,,,,,,,,,,,,,,,128.97223,23.113998,0.1983741,128.97223,23.113998,-0.09406723,,,,,,,,,,,,,,,,,,,,,,,,,,,,,,,,,,,,,,,,,,,,,,,,,,,,,,,,,,,,,,,
128.97223,23.143978,0.06537261,128.97223,23.143978,0.06275472,,,,,,,,,,,,,,,,,,,,,,,,,,,,,,,,,,,,,,,,,,,,,,,,,,,,,,,,,,,,,128.97223,23.143978,0.24552219,128.97223,23.143978,0.5493326,,,,,,,,,,,,,,,,,,,,,,,,,,,,,,,,,,,,,,,,,,,,,,,,,,,,,,,,,,,,,,,
128.97223,23.173958,0.063468695,128.97223,23.173958,0.062948085,,,,,,,,,,,,,,,,,,,,,,,,,,,,,,,,,,,,,,,,,,,,,,,,,,,,,,,,,,,,,128.97223,23.173958,-0.44856125,128.97223,23.173958,0.65255076,,,,,,,,,,,,,,,,,,,,,,,,,,,,,,,,,,,,,,,,,,,,,,,,,,,,,,,,,,,,,,,
128.97223,23.203936,0.0658932,128.97223,23.203936,0.061654024,,,,,,,,,,,,,,,,,,,,,,,,,,,,,,,,,,,,,,,,,,,,,,,,,,,,,,,,,,,,,128.97223,23.203936,0.4405911,128.97223,23.203936,0.13790996,,,,,,,,,,,,,,,,,,,,,,,,,,,,,,,,,,,,,,,,,,,,,,,,,,,,,,,,,,,,,,,
128.97223,23.233915,0.06431653,128.97223,23.233915,0.060002975,,,,,,,,,,,,,,,,,,,,,,,,,,,,,,,,,,,,,,,,,,,,,,,,,,,,,,,,,,,,,128.97223,23.233915,-0.14693417,128.97223,23.233915,-0.41269737,,,,,,,,,,,,,,,,,,,,,,,,,,,,,,,,,,,,,,,,,,,,,,,,,,,,,,,,,,,,,,,
128.97223,23.263895,0.0654321,128.97223,23.263895,0.06318608,,,,,,,,,,,,,,,,,,,,,,,,,,,,,,,,,,,,,,,,,,,,,,,,,,,,,,,,,,,,,128.97223,23.263895,0.24326843,128.97223,23.263895,0.7345513,,,,,,,,,,,,,,,,,,,,,,,,,,,,,,,,,,,,,,,,,,,,,,,,,,,,,,,,,,,,,,,
128.97223,23.293875,0.06419753,128.97223,23.293875,0.05979474,,,,,,,,,,,,,,,,,,,,,,,,,,,,,,,,,,,,,,,,,,,,,,,,,,,,,,,,,,,,,128.97223,23.293875,-0.15745467,128.97223,23.293875,-0.4863963,,,,,,,,,,,,,,,,,,,,,,,,,,,,,,,,,,,,,,,,,,,,,,,,,,,,,,,,,,,,,,,
128.97223,23.323853,0.064733006,128.97223,23.323853,0.059036143,,,,,,,,,,,,,,,,,,,,,,,,,,,,,,,,,,,,,,,,,,,,,,,,,,,,,,,,,,,,,128.97223,23.323853,0.03132359,128.97223,23.323853,-0.7407634,,,,,,,,,,,,,,,,,,,,,,,,,,,,,,,,,,,,,,,,,,,,,,,,,,,,,,,,,,,,,,,
128.97223,23.353832,0.06409341,128.97223,23.353832,0.059497252,,,,,,,,,,,,,,,,,,,,,,,,,,,,,,,,,,,,,,,,,,,,,,,,,,,,,,,,,,,,,128.97223,23.353832,-0.20869443,128.97223,23.353832,-0.64967406,,,,,,,,,,,,,,,,,,,,,,,,,,,,,,,,,,,,,,,,,,,,,,,,,,,,,,,,,,,,,,,
128.97223,23.383812,0.06665179,128.97223,23.383812,0.061460655,,,,,,,,,,,,,,,,,,,,,,,,,,,,,,,,,,,,,,,,,,,,,,,,,,,,,,,,,,,,,128.97223,23.383812,0.6844225,128.97223,23.383812,0.08101784,,,,,,,,,,,,,,,,,,,,,,,,,,,,,,,,,,,,,,,,,,,,,,,,,,,,,,,,,,,,,,,
128.97223,23.413792,0.06650305,128.97223,23.413792,0.060493834,,,,,,,,,,,,,,,,,,,,,,,,,,,,,,,,,,,,,,,,,,,,,,,,,,,,,,,,,,,,,128.97223,23.413792,0.6279284,128.97223,23.413792,-0.291349,,,,,,,,,,,,,,,,,,,,,,,,,,,,,,,,,,,,,,,,,,,,,,,,,,,,,,,,,,,,,,,
128.97223,23.44377,0.06358769,128.97223,23.44377,0.060151715,,,,,,,,,,,,,,,,,,,,,,,,,,,,,,,,,,,,,,,,,,,,,,,,,,,,,,,,,,,,,128.97223,23.44377,-0.39608514,128.97223,23.44377,-0.34846303,,,,,,,,,,,,,,,,,,,,,,,,,,,,,,,,,,,,,,,,,,,,,,,,,,,,,,,,,,,,,,,
128.97223,23.47375,0.063870296,128.97223,23.47375,0.062070504,,,,,,,,,,,,,,,,,,,,,,,,,,,,,,,,,,,,,,,,,,,,,,,,,,,,,,,,,,,,,128.97223,23.47375,-0.29255596,128.97223,23.47375,0.29338318,,,,,,,,,,,,,,,,,,,,,,,,,,,,,,,,,,,,,,,,,,,,,,,,,,,,,,,,,,,,,,,
128.97223,23.503729,0.06629481,128.97223,23.503729,0.061371412,,,,,,,,,,,,,,,,,,,,,,,,,,,,,,,,,,,,,,,,,,,,,,,,,,,,,,,,,,,,,128.97223,23.503729,0.58232737,128.97223,23.503729,0.06620963,,,,,,,,,,,,,,,,,,,,,,,,,,,,,,,,,,,,,,,,,,,,,,,,,,,,,,,,,,,,,,,
128.97223,23.533709,0.06625019,128.97223,23.533709,0.060910303,,,,,,,,,,,,,,,,,,,,,,,,,,,,,,,,,,,,,,,,,,,,,,,,,,,,,,,,,,,,,128.97223,23.533709,0.55331755,128.97223,23.533709,-0.14965445,,,,,,,,,,,,,,,,,,,,,,,,,,,,,,,,,,,,,,,,,,,,,,,,,,,,,,,,,,,,,,,
128.97223,23.563686,0.06400416,128.97223,23.563686,0.061713524,,,,,,,,,,,,,,,,,,,,,,,,,,,,,,,,,,,,,,,,,,,,,,,,,,,,,,,,,,,,,128.97223,23.563686,-0.25077772,128.97223,23.563686,0.17573251,,,,,,,,,,,,,,,,,,,,,,,,,,,,,,,,,,,,,,,,,,,,,,,,,,,,,,,,,,,,,,,
128.97223,23.593666,0.06413803,128.97223,23.593666,0.06147553,,,,,,,,,,,,,,,,,,,,,,,,,,,,,,,,,,,,,,,,,,,,,,,,,,,,,,,,,,,,,128.97223,23.593666,-0.17672844,128.97223,23.593666,0.07581736,,,,,,,,,,,,,,,,,,,,,,,,,,,,,,,,,,,,,,,,,,,,,,,,,,,,,,,,,,,,,,,
128.97223,23.623646,0.06550647,128.97223,23.623646,0.06065744,,,,,,,,,,,,,,,,,,,,,,,,,,,,,,,,,,,,,,,,,,,,,,,,,,,,,,,,,,,,,128.97223,23.623646,0.27108055,128.97223,23.623646,-0.18450664,,,,,,,,,,,,,,,,,,,,,,,,,,,,,,,,,,,,,,,,,,,,,,,,,,,,,,,,,,,,,,,
128.97223,23.653625,0.06562546,128.97223,23.653625,0.061743274,,,,,,,,,,,,,,,,,,,,,,,,,,,,,,,,,,,,,,,,,,,,,,,,,,,,,,,,,,,,,128.97223,23.653625,0.31250042,128.97223,23.653625,0.19445129,,,,,,,,,,,,,,,,,,,,,,,,,,,,,,,,,,,,,,,,,,,,,,,,,,,,,,,,,,,,,,,
128.97223,23.683603,0.06403391,128.97223,23.683603,0.0605682,,,,,,,,,,,,,,,,,,,,,,,,,,,,,,,,,,,,,,,,,,,,,,,,,,,,,,,,,,,,,128.97223,23.683603,-0.22270785,128.97223,23.683603,-0.21537834,,,,,,,,,,,,,,,,,,,,,,,,,,,,,,,,,,,,,,,,,,,,,,,,,,,,,,,,,,,,,,,
128.97223,23.713583,0.0664138,128.97223,23.713583,0.06278447,,,,,,,,,,,,,,,,,,,,,,,,,,,,,,,,,,,,,,,,,,,,,,,,,,,,,,,,,,,,,128.97223,23.713583,0.60135925,128.97223,23.713583,0.58009076,,,,,,,,,,,,,,,,,,,,,,,,,,,,,,,,,,,,,,,,,,,,,,,,,,,,,,,,,,,,,,,
128.97223,23.743563,0.06528336,128.97223,23.743563,0.060330212,,,,,,,,,,,,,,,,,,,,,,,,,,,,,,,,,,,,,,,,,,,,,,,,,,,,,,,,,,,,,128.97223,23.743563,0.22029315,128.97223,23.743563,-0.29450595,,,,,,,,,,,,,,,,,,,,,,,,,,,,,,,,,,,,,,,,,,,,,,,,,,,,,,,,,,,,,,,
128.97223,23.773542,0.06361744,128.97223,23.773542,0.0606872,,,,,,,,,,,,,,,,,,,,,,,,,,,,,,,,,,,,,,,,,,,,,,,,,,,,,,,,,,,,,128.97223,23.773542,-0.36093083,128.97223,23.773542,-0.16110753,,,,,,,,,,,,,,,,,,,,,,,,,,,,,,,,,,,,,,,,,,,,,,,,,,,,,,,,,,,,,,,
128.97223,23.80352,0.06410828,128.97223,23.80352,0.06101443,,,,,,,,,,,,,,,,,,,,,,,,,,,,,,,,,,,,,,,,,,,,,,,,,,,,,,,,,,,,,128.97223,23.80352,-0.20243563,128.97223,23.80352,-0.03808115,,,,,,,,,,,,,,,,,,,,,,,,,,,,,,,,,,,,,,,,,,,,,,,,,,,,,,,,,,,,,,,
128.97223,23.8335,0.06565521,128.97223,23.8335,0.061103676,,,,,,,,,,,,,,,,,,,,,,,,,,,,,,,,,,,,,,,,,,,,,,,,,,,,,,,,,,,,,128.97223,23.8335,0.33592093,128.97223,23.8335,-0.06486455,,,,,,,,,,,,,,,,,,,,,,,,,,,,,,,,,,,,,,,,,,,,,,,,,,,,,,,,,,,,,,,
128.97223,23.86348,0.06416779,128.97223,23.86348,0.061654024,,,,,,,,,,,,,,,,,,,,,,,,,,,,,,,,,,,,,,,,,,,,,,,,,,,,,,,,,,,,,128.97223,23.86348,-0.19749941,128.97223,23.86348,0.1910971,,,,,,,,,,,,,,,,,,,,,,,,,,,,,,,,,,,,,,,,,,,,,,,,,,,,,,,,,,,,,,,
128.97223,23.89346,0.06394467,128.97223,23.89346,0.062248997,,,,,,,,,,,,,,,,,,,,,,,,,,,,,,,,,,,,,,,,,,,,,,,,,,,,,,,,,,,,,128.97223,23.89346,-0.2534695,128.97223,23.89346,0.37916774,,,,,,,,,,,,,,,,,,,,,,,,,,,,,,,,,,,,,,,,,,,,,,,,,,,,,,,,,,,,,,,
128.97223,23.923439,0.0645099,128.97223,23.923439,0.061609402,,,,,,,,,,,,,,,,,,,,,,,,,,,,,,,,,,,,,,,,,,,,,,,,,,,,,,,,,,,,,128.97223,23.923439,-0.065357246,128.97223,23.923439,0.16577227,,,,,,,,,,,,,,,,,,,,,,,,,,,,,,,,,,,,,,,,,,,,,,,,,,,,,,,,,,,,,,,
128.97223,23.953417,0.06680054,128.97223,23.953417,0.061579652,,,,,,,,,,,,,,,,,,,,,,,,,,,,,,,,,,,,,,,,,,,,,,,,,,,,,,,,,,,,,128.97223,23.953417,0.74475354,128.97223,23.953417,0.11664793,,,,,,,,,,,,,,,,,,,,,,,,,,,,,,,,,,,,,,,,,,,,,,,,,,,,,,,,,,,,,,,
128.97223,23.983397,0.06508999,128.97223,23.983397,0.06138628,,,,,,,,,,,,,,,,,,,,,,,,,,,,,,,,,,,,,,,,,,,,,,,,,,,,,,,,,,,,,128.97223,23.983397,0.13795874,128.97223,23.983397,0.09208483,,,,,,,,,,,,,,,,,,,,,,,,,,,,,,,,,,,,,,,,,,,,,,,,,,,,,,,,,,,,,,,
128.97223,24.013376,0.06452476,128.97223,24.013376,0.0617284,,,,,,,,,,,,,,,,,,,,,,,,,,,,,,,,,,,,,,,,,,,,,,,,,,,,,,,,,,,,,128.97223,24.013376,-0.06292483,128.97223,24.013376,0.217762,,,,,,,,,,,,,,,,,,,,,,,,,,,,,,,,,,,,,,,,,,,,,,,,,,,,,,,,,,,,,,,
128.97223,24.043356,0.063766174,128.97223,24.043356,0.0606872,,,,,,,,,,,,,,,,,,,,,,,,,,,,,,,,,,,,,,,,,,,,,,,,,,,,,,,,,,,,,128.97223,24.043356,-0.31736094,128.97223,24.043356,-0.23374268,,,,,,,,,,,,,,,,,,,,,,,,,,,,,,,,,,,,,,,,,,,,,,,,,,,,,,,,,,,,,,,
128.97223,24.073334,0.06440578,128.97223,24.073334,0.06094006,,,,,,,,,,,,,,,,,,,,,,,,,,,,,,,,,,,,,,,,,,,,,,,,,,,,,,,,,,,,,128.97223,24.073334,-0.08730265,128.97223,24.073334,-0.09406061,,,,,,,,,,,,,,,,,,,,,,,,,,,,,,,,,,,,,,,,,,,,,,,,,,,,,,,,,,,,,,,
128.97223,24.103313,0.06604195,128.97223,24.103313,0.06184739,,,,,,,,,,,,,,,,,,,,,,,,,,,,,,,,,,,,,,,,,,,,,,,,,,,,,,,,,,,,,128.97223,24.103313,0.46539184,128.97223,24.103313,0.23604472,,,,,,,,,,,,,,,,,,,,,,,,,,,,,,,,,,,,,,,,,,,,,,,,,,,,,,,,,,,,,,,
128.97223,24.133293,0.06357282,128.97223,24.133293,0.06205563,,,,,,,,,,,,,,,,,,,,,,,,,,,,,,,,,,,,,,,,,,,,,,,,,,,,,,,,,,,,,128.97223,24.133293,-0.3777587,128.97223,24.133293,0.28548056,,,,,,,,,,,,,,,,,,,,,,,,,,,,,,,,,,,,,,,,,,,,,,,,,,,,,,,,,,,,,,,
128.97223,24.163273,0.064852,128.97223,24.163273,0.061044175,,,,,,,,,,,,,,,,,,,,,,,,,,,,,,,,,,,,,,,,,,,,,,,,,,,,,,,,,,,,,128.97223,24.163273,0.062310144,128.97223,24.163273,-0.07599863,,,,,,,,,,,,,,,,,,,,,,,,,,,,,,,,,,,,,,,,,,,,,,,,,,,,,,,,,,,,,,,
128.97223,24.19325,0.065997325,128.97223,24.19325,0.0628291,,,,,,,,,,,,,,,,,,,,,,,,,,,,,,,,,,,,,,,,,,,,,,,,,,,,,,,,,,,,,128.97223,24.19325,0.44467703,128.97223,24.19325,0.5410569,,,,,,,,,,,,,,,,,,,,,,,,,,,,,,,,,,,,,,,,,,,,,,,,,,,,,,,,,,,,,,,
128.97223,24.22323,0.064346276,128.97223,24.22323,0.060151715,,,,,,,,,,,,,,,,,,,,,,,,,,,,,,,,,,,,,,,,,,,,,,,,,,,,,,,,,,,,,128.97223,24.22323,-0.11388644,128.97223,24.22323,-0.36754116,,,,,,,,,,,,,,,,,,,,,,,,,,,,,,,,,,,,,,,,,,,,,,,,,,,,,,,,,,,,,,,
128.97223,24.25321,0.06522386,128.97223,24.25321,0.060746685,,,,,,,,,,,,,,,,,,,,,,,,,,,,,,,,,,,,,,,,,,,,,,,,,,,,,,,,,,,,,128.97223,24.25321,0.17480063,128.97223,24.25321,-0.19247137,,,,,,,,,,,,,,,,,,,,,,,,,,,,,,,,,,,,,,,,,,,,,,,,,,,,,,,,,,,,,,,
128.97223,24.28319,0.06430165,128.97223,24.28319,0.06169865,,,,,,,,,,,,,,,,,,,,,,,,,,,,,,,,,,,,,,,,,,,,,,,,,,,,,,,,,,,,,128.97223,24.28319,-0.1482167,128.97223,24.28319,0.14512306,,,,,,,,,,,,,,,,,,,,,,,,,,,,,,,,,,,,,,,,,,,,,,,,,,,,,,,,,,,,,,,
128.97223,24.313168,0.06375131,128.97223,24.313168,0.061758146,,,,,,,,,,,,,,,,,,,,,,,,,,,,,,,,,,,,,,,,,,,,,,,,,,,,,,,,,,,,,128.97223,24.313168,-0.33069795,128.97223,24.313168,0.18786101,,,,,,,,,,,,,,,,,,,,,,,,,,,,,,,,,,,,,,,,,,,,,,,,,,,,,,,,,,,,,,,
128.97223,24.343147,0.06360256,128.97223,24.343147,0.060389712,,,,,,,,,,,,,,,,,,,,,,,,,,,,,,,,,,,,,,,,,,,,,,,,,,,,,,,,,,,,,128.97223,24.343147,-0.38239872,128.97223,24.343147,-0.27767336,,,,,,,,,,,,,,,,,,,,,,,,,,,,,,,,,,,,,,,,,,,,,,,,,,,,,,,,,,,,,,,
128.97223,24.373127,0.06263573,128.97223,24.373127,0.060583074,,,,,,,,,,,,,,,,,,,,,,,,,,,,,,,,,,,,,,,,,,,,,,,,,,,,,,,,,,,,,128.97223,24.373127,-0.6933863,128.97223,24.373127,-0.2213518,,,,,,,,,,,,,,,,,,,,,,,,,,,,,,,,,,,,,,,,,,,,,,,,,,,,,,,,,,,,,,,
128.97223,24.403107,0.06526849,128.97223,24.403107,0.060984686,,,,,,,,,,,,,,,,,,,,,,,,,,,,,,,,,,,,,,,,,,,,,,,,,,,,,,,,,,,,,128.97223,24.403107,0.20233074,128.97223,24.403107,-0.09212224,,,,,,,,,,,,,,,,,,,,,,,,,,,,,,,,,,,,,,,,,,,,,,,,,,,,,,,,,,,,,,,
128.97223,24.433084,0.06436115,128.97223,24.433084,0.060359955,,,,,,,,,,,,,,,,,,,,,,,,,,,,,,,,,,,,,,,,,,,,,,,,,,,,,,,,,,,,,128.97223,24.433084,-0.10394279,128.97223,24.433084,-0.3280574,,,,,,,,,,,,,,,,,,,,,,,,,,,,,,,,,,,,,,,,,,,,,,,,,,,,,,,,,,,,,,,
128.97223,24.463064,0.06504537,128.97223,24.463064,0.061326787,,,,,,,,,,,,,,,,,,,,,,,,,,,,,,,,,,,,,,,,,,,,,,,,,,,,,,,,,,,,,128.97223,24.463064,0.15593022,128.97223,24.463064,0.025815062,,,,,,,,,,,,,,,,,,,,,,,,,,,,,,,,,,,,,,,,,,,,,,,,,,,,,,,,,,,,,,,
128.97223,24.493044,0.0631117,128.97223,24.493044,0.060077343,,,,,,,,,,,,,,,,,,,,,,,,,,,,,,,,,,,,,,,,,,,,,,,,,,,,,,,,,,,,,128.97223,24.493044,-0.551277,128.97223,24.493044,-0.41025025,,,,,,,,,,,,,,,,,,,,,,,,,,,,,,,,,,,,,,,,,,,,,,,,,,,,,,,,,,,,,,,
128.97223,24.523024,0.06581883,128.97223,24.523024,0.06073182,,,,,,,,,,,,,,,,,,,,,,,,,,,,,,,,,,,,,,,,,,,,,,,,,,,,,,,,,,,,,128.97223,24.523024,0.40362933,128.97223,24.523024,-0.15955056,,,,,,,,,,,,,,,,,,,,,,,,,,,,,,,,,,,,,,,,,,,,,,,,,,,,,,,,,,,,,,,
128.97223,24.553001,0.065164365,128.97223,24.553001,0.05986911,,,,,,,,,,,,,,,,,,,,,,,,,,,,,,,,,,,,,,,,,,,,,,,,,,,,,,,,,,,,,128.97223,24.553001,0.16605625,128.97223,24.553001,-0.48388332,,,,,,,,,,,,,,,,,,,,,,,,,,,,,,,,,,,,,,,,,,,,,,,,,,,,,,,,,,,,,,,
128.97223,24.582981,0.066027075,128.97223,24.582981,0.061862264,,,,,,,,,,,,,,,,,,,,,,,,,,,,,,,,,,,,,,,,,,,,,,,,,,,,,,,,,,,,,128.97223,24.582981,0.45119,128.97223,24.582981,0.26898262,,,,,,,,,,,,,,,,,,,,,,,,,,,,,,,,,,,,,,,,,,,,,,,,,,,,,,,,,,,,,,,
128.97223,24.61296,0.06440577,128.97223,24.61296,0.06068719,,,,,,,,,,,,,,,,,,,,,,,,,,,,,,,,,,,,,,,,,,,,,,,,,,,,,,,,,,,,,128.97223,24.61296,-0.085935086,128.97223,24.61296,-0.19363727,,,,,,,,,,,,,,,,,,,,,,,,,,,,,,,,,,,,,,,,,,,,,,,,,,,,,,,,,,,,,,,
128.97223,24.64294,0.066770785,128.97223,24.64294,0.060464084,,,,,,,,,,,,,,,,,,,,,,,,,,,,,,,,,,,,,,,,,,,,,,,,,,,,,,,,,,,,,128.97223,24.64294,0.70948195,128.97223,24.64294,-0.22974747,,,,,,,,,,,,,,,,,,,,,,,,,,,,,,,,,,,,,,,,,,,,,,,,,,,,,,,,,,,,,,,
128.97223,24.672918,0.06480738,128.97223,24.672918,0.062397737,,,,,,,,,,,,,,,,,,,,,,,,,,,,,,,,,,,,,,,,,,,,,,,,,,,,,,,,,,,,,128.97223,24.672918,0.02988465,128.97223,24.672918,0.41140693,,,,,,,,,,,,,,,,,,,,,,,,,,,,,,,,,,,,,,,,,,,,,,,,,,,,,,,,,,,,,,,
128.97223,24.702898,0.06489662,128.97223,24.702898,0.06012197,,,,,,,,,,,,,,,,,,,,,,,,,,,,,,,,,,,,,,,,,,,,,,,,,,,,,,,,,,,,,128.97223,24.702898,0.061799645,128.97223,24.702898,-0.38647032,,,,,,,,,,,,,,,,,,,,,,,,,,,,,,,,,,,,,,,,,,,,,,,,,,,,,,,,,,,,,,,
128.97223,24.732878,0.06324557,128.97223,24.732878,0.06091031,,,,,,,,,,,,,,,,,,,,,,,,,,,,,,,,,,,,,,,,,,,,,,,,,,,,,,,,,,,,,128.97223,24.732878,-0.4998547,128.97223,24.732878,-0.10515249,,,,,,,,,,,,,,,,,,,,,,,,,,,,,,,,,,,,,,,,,,,,,,,,,,,,,,,,,,,,,,,
128.97223,24.762857,0.06352819,128.97223,24.762857,0.06009222,,,,,,,,,,,,,,,,,,,,,,,,,,,,,,,,,,,,,,,,,,,,,,,,,,,,,,,,,,,,,128.97223,24.762857,-0.39927933,128.97223,24.762857,-0.3939913,,,,,,,,,,,,,,,,,,,,,,,,,,,,,,,,,,,,,,,,,,,,,,,,,,,,,,,,,,,,,,,
128.97223,24.792837,0.06675592,128.97223,24.792837,0.06152015,,,,,,,,,,,,,,,,,,,,,,,,,,,,,,,,,,,,,,,,,,,,,,,,,,,,,,,,,,,,,128.97223,24.792837,0.71753585,128.97223,24.792837,0.14267035,,,,,,,,,,,,,,,,,,,,,,,,,,,,,,,,,,,,,,,,,,,,,,,,,,,,,,,,,,,,,,,
128.97223,24.822815,0.066354305,128.97223,24.822815,0.062204376,,,,,,,,,,,,,,,,,,,,,,,,,,,,,,,,,,,,,,,,,,,,,,,,,,,,,,,,,,,,,128.97223,24.822815,0.57194966,128.97223,24.822815,0.3839788,,,,,,,,,,,,,,,,,,,,,,,,,,,,,,,,,,,,,,,,,,,,,,,,,,,,,,,,,,,,,,,
128.97223,24.852795,0.06516436,128.97223,24.852795,0.06092518,,,,,,,,,,,,,,,,,,,,,,,,,,,,,,,,,,,,,,,,,,,,,,,,,,,,,,,,,,,,,128.97223,24.852795,0.20447475,128.97223,24.852795,-0.09580669,,,,,,,,,,,,,,,,,,,,,,,,,,,,,,,,,,,,,,,,,,,,,,,,,,,,,,,,,,,,,,,
128.97223,24.882774,0.06323071,128.97223,24.882774,0.06210025,,,,,,,,,,,,,,,,,,,,,,,,,,,,,,,,,,,,,,,,,,,,,,,,,,,,,,,,,,,,,128.97223,24.882774,-0.50622296,128.97223,24.882774,0.33773088,,,,,,,,,,,,,,,,,,,,,,,,,,,,,,,,,,,,,,,,,,,,,,,,,,,,,,,,,,,,,,,
128.97223,24.912754,0.06590808,128.97223,24.912754,0.06016659,,,,,,,,,,,,,,,,,,,,,,,,,,,,,,,,,,,,,,,,,,,,,,,,,,,,,,,,,,,,,128.97223,24.912754,0.40432534,128.97223,24.912754,-0.3874699,,,,,,,,,,,,,,,,,,,,,,,,,,,,,,,,,,,,,,,,,,,,,,,,,,,,,,,,,,,,,,,
128.97223,24.942732,0.06425703,128.97223,24.942732,0.059779864,,,,,,,,,,,,,,,,,,,,,,,,,,,,,,,,,,,,,,,,,,,,,,,,,,,,,,,,,,,,,128.97223,24.942732,-0.180053,128.97223,24.942732,-0.519453,,,,,,,,,,,,,,,,,,,,,,,,,,,,,,,,,,,,,,,,,,,,,,,,,,,,,,,,,,,,,,,
128.97223,24.972712,0.06474788,128.97223,24.972712,0.061044175,,,,,,,,,,,,,,,,,,,,,,,,,,,,,,,,,,,,,,,,,,,,,,,,,,,,,,,,,,,,,128.97223,24.972712,0.028212743,128.97223,24.972712,-0.069592856,,,,,,,,,,,,,,,,,,,,,,,,,,,,,,,,,,,,,,,,,,,,,,,,,,,,,,,,,,,,,,,
128.97223,25.002691,0.063766174,128.97223,25.002691,0.06144578,,,,,,,,,,,,,,,,,,,,,,,,,,,,,,,,,,,,,,,,,,,,,,,,,,,,,,,,,,,,,128.97223,25.002691,-0.32504025,128.97223,25.002691,0.07776055,,,,,,,,,,,,,,,,,,,,,,,,,,,,,,,,,,,,,,,,,,,,,,,,,,,,,,,,,,,,,,,
128.97223,25.032671,0.06617581,128.97223,25.032671,0.06210025,,,,,,,,,,,,,,,,,,,,,,,,,,,,,,,,,,,,,,,,,,,,,,,,,,,,,,,,,,,,,128.97223,25.032671,0.5020262,128.97223,25.032671,0.31387237,,,,,,,,,,,,,,,,,,,,,,,,,,,,,,,,,,,,,,,,,,,,,,,,,,,,,,,,,,,,,,,
128.97223,25.062649,0.06342407,128.97223,25.062649,0.06101443,,,,,,,,,,,,,,,,,,,,,,,,,,,,,,,,,,,,,,,,,,,,,,,,,,,,,,,,,,,,,128.97223,25.062649,-0.4676453,128.97223,25.062649,-0.060666792,,,,,,,,,,,,,,,,,,,,,,,,,,,,,,,,,,,,,,,,,,,,,,,,,,,,,,,,,,,,,,,
128.97223,25.092628,0.0643909,128.97223,25.092628,0.06202588,,,,,,,,,,,,,,,,,,,,,,,,,,,,,,,,,,,,,,,,,,,,,,,,,,,,,,,,,,,,,128.97223,25.092628,-0.0998861,128.97223,25.092628,0.32588318,,,,,,,,,,,,,,,,,,,,,,,,,,,,,,,,,,,,,,,,,,,,,,,,,,,,,,,,,,,,,,,
128.97223,25.122608,0.065595716,128.97223,25.122608,0.060731813,,,,,,,,,,,,,,,,,,,,,,,,,,,,,,,,,,,,,,,,,,,,,,,,,,,,,,,,,,,,,128.97223,25.122608,0.330978,128.97223,25.122608,-0.17460498,,,,,,,,,,,,,,,,,,,,,,,,,,,,,,,,,,,,,,,,,,,,,,,,,,,,,,,,,,,,,,,
128.97223,25.152588,0.06436115,128.97223,25.152588,0.061386287,,,,,,,,,,,,,,,,,,,,,,,,,,,,,,,,,,,,,,,,,,,,,,,,,,,,,,,,,,,,,128.97223,25.152588,-0.11697744,128.97223,25.152588,0.08628027,,,,,,,,,,,,,,,,,,,,,,,,,,,,,,,,,,,,,,,,,,,,,,,,,,,,,,,,,,,,,,,
128.97223,25.182566,0.06394467,128.97223,25.182566,0.06166889,,,,,,,,,,,,,,,,,,,,,,,,,,,,,,,,,,,,,,,,,,,,,,,,,,,,,,,,,,,,,128.97223,25.182566,-0.2553721,128.97223,25.182566,0.20415007,,,,,,,,,,,,,,,,,,,,,,,,,,,,,,,,,,,,,,,,,,,,,,,,,,,,,,,,,,,,,,,
128.97223,25.212545,0.06458426,128.97223,25.212545,0.062115133,,,,,,,,,,,,,,,,,,,,,,,,,,,,,,,,,,,,,,,,,,,,,,,,,,,,,,,,,,,,,128.97223,25.212545,-0.009415997,128.97223,25.212545,0.32514617,,,,,,,,,,,,,,,,,,,,,,,,,,,,,,,,,,,,,,,,,,,,,,,,,,,,,,,,,,,,,,,
128.97223,25.242525,0.06520899,128.97223,25.242525,0.0600476,,,,,,,,,,,,,,,,,,,,,,,,,,,,,,,,,,,,,,,,,,,,,,,,,,,,,,,,,,,,,128.97223,25.242525,0.18850742,128.97223,25.242525,-0.4152637,,,,,,,,,,,,,,,,,,,,,,,,,,,,,,,,,,,,,,,,,,,,,,,,,,,,,,,,,,,,,,,
128.97223,25.272505,0.06526849,128.97223,25.272505,0.061609402,,,,,,,,,,,,,,,,,,,,,,,,,,,,,,,,,,,,,,,,,,,,,,,,,,,,,,,,,,,,,128.97223,25.272505,0.19905217,128.97223,25.272505,0.18593185,,,,,,,,,,,,,,,,,,,,,,,,,,,,,,,,,,,,,,,,,,,,,,,,,,,,,,,,,,,,,,,
128.97223,25.302483,0.06253161,128.97223,25.302483,0.061207797,,,,,,,,,,,,,,,,,,,,,,,,,,,,,,,,,,,,,,,,,,,,,,,,,,,,,,,,,,,,,128.97223,25.302483,-0.7568282,128.97223,25.302483,-0.0055244765,,,,,,,,,,,,,,,,,,,,,,,,,,,,,,,,,,,,,,,,,,,,,,,,,,,,,,,,,,,,,,,
128.97223,25.332462,0.0640934,128.97223,25.332462,0.061758146,,,,,,,,,,,,,,,,,,,,,,,,,,,,,,,,,,,,,,,,,,,,,,,,,,,,,,,,,,,,,128.97223,25.332462,-0.20387131,128.97223,25.332462,0.20517352,,,,,,,,,,,,,,,,,,,,,,,,,,,,,,,,,,,,,,,,,,,,,,,,,,,,,,,,,,,,,,,
128.97223,25.362442,0.06633943,128.97223,25.362442,0.059869103,,,,,,,,,,,,,,,,,,,,,,,,,,,,,,,,,,,,,,,,,,,,,,,,,,,,,,,,,,,,,128.97223,25.362442,0.567582,128.97223,25.362442,-0.46542135,,,,,,,,,,,,,,,,,,,,,,,,,,,,,,,,,,,,,,,,,,,,,,,,,,,,,,,,,,,,,,,
128.97223,25.392422,0.06516436,128.97223,25.392422,0.0614904,,,,,,,,,,,,,,,,,,,,,,,,,,,,,,,,,,,,,,,,,,,,,,,,,,,,,,,,,,,,,128.97223,25.392422,0.12910293,128.97223,25.392422,0.12251028,,,,,,,,,,,,,,,,,,,,,,,,,,,,,,,,,,,,,,,,,,,,,,,,,,,,,,,,,,,,,,,
128.97223,25.4224,0.064703256,128.97223,25.4224,0.06009222,,,,,,,,,,,,,,,,,,,,,,,,,,,,,,,,,,,,,,,,,,,,,,,,,,,,,,,,,,,,,128.97223,25.4224,0.004167358,128.97223,25.4224,-0.37721002,,,,,,,,,,,,,,,,,,,,,,,,,,,,,,,,,,,,,,,,,,,,,,,,,,,,,,,,,,,,,,,
128.97223,25.45238,0.06361744,128.97223,25.45238,0.062442362,,,,,,,,,,,,,,,,,,,,,,,,,,,,,,,,,,,,,,,,,,,,,,,,,,,,,,,,,,,,,128.97223,25.45238,-0.37480673,128.97223,25.45238,0.46481287,,,,,,,,,,,,,,,,,,,,,,,,,,,,,,,,,,,,,,,,,,,,,,,,,,,,,,,,,,,,,,,
128.97223,25.482359,0.06529823,128.97223,25.482359,0.06253161,,,,,,,,,,,,,,,,,,,,,,,,,,,,,,,,,,,,,,,,,,,,,,,,,,,,,,,,,,,,,128.97223,25.482359,0.19801843,128.97223,25.482359,0.4856438,,,,,,,,,,,,,,,,,,,,,,,,,,,,,,,,,,,,,,,,,,,,,,,,,,,,,,,,,,,,,,,
128.97223,25.512339,0.06498587,128.97223,25.512339,0.06166889,,,,,,,,,,,,,,,,,,,,,,,,,,,,,,,,,,,,,,,,,,,,,,,,,,,,,,,,,,,,,128.97223,25.512339,0.07578431,128.97223,25.512339,0.19351804,,,,,,,,,,,,,,,,,,,,,,,,,,,,,,,,,,,,,,,,,,,,,,,,,,,,,,,,,,,,,,,
128.97223,25.542316,0.06544697,128.97223,25.542316,0.06190689,,,,,,,,,,,,,,,,,,,,,,,,,,,,,,,,,,,,,,,,,,,,,,,,,,,,,,,,,,,,,128.97223,25.542316,0.2589971,128.97223,25.542316,0.2733869,,,,,,,,,,,,,,,,,,,,,,,,,,,,,,,,,,,,,,,,,,,,,,,,,,,,,,,,,,,,,,,
128.97223,25.572296,0.06494126,128.97223,25.572296,0.06275472,,,,,,,,,,,,,,,,,,,,,,,,,,,,,,,,,,,,,,,,,,,,,,,,,,,,,,,,,,,,,128.97223,25.572296,0.072118424,128.97223,25.572296,0.54925835,,,,,,,,,,,,,,,,,,,,,,,,,,,,,,,,,,,,,,,,,,,,,,,,,,,,,,,,,,,,,,,
128.97223,25.602276,0.06349844,128.97223,25.602276,0.05955674,,,,,,,,,,,,,,,,,,,,,,,,,,,,,,,,,,,,,,,,,,,,,,,,,,,,,,,,,,,,,128.97223,25.602276,-0.39338738,128.97223,25.602276,-0.5992067,,,,,,,,,,,,,,,,,,,,,,,,,,,,,,,,,,,,,,,,,,,,,,,,,,,,,,,,,,,,,,,
128.97223,25.632256,0.06357281,128.97223,25.632256,0.062115133,,,,,,,,,,,,,,,,,,,,,,,,,,,,,,,,,,,,,,,,,,,,,,,,,,,,,,,,,,,,,128.97223,25.632256,-0.36051962,128.97223,25.632256,0.32269758,,,,,,,,,,,,,,,,,,,,,,,,,,,,,,,,,,,,,,,,,,,,,,,,,,,,,,,,,,,,,,,
128.97223,25.662235,0.0644504,128.97223,25.662235,0.062070508,,,,,,,,,,,,,,,,,,,,,,,,,,,,,,,,,,,,,,,,,,,,,,,,,,,,,,,,,,,,,128.97223,25.662235,-0.06321122,128.97223,25.662235,0.3396684,,,,,,,,,,,,,,,,,,,,,,,,,,,,,,,,,,,,,,,,,,,,,,,,,,,,,,,,,,,,,,,
128.97223,25.692213,0.06504537,128.97223,25.692213,0.061817646,,,,,,,,,,,,,,,,,,,,,,,,,,,,,,,,,,,,,,,,,,,,,,,,,,,,,,,,,,,,,128.97223,25.692213,0.123490706,128.97223,25.692213,0.21221095,,,,,,,,,,,,,,,,,,,,,,,,,,,,,,,,,,,,,,,,,,,,,,,,,,,,,,,,,,,,,,,
128.97223,25.722193,0.06268035,128.97223,25.722193,0.06101443,,,,,,,,,,,,,,,,,,,,,,,,,,,,,,,,,,,,,,,,,,,,,,,,,,,,,,,,,,,,,128.97223,25.722193,-0.7163014,128.97223,25.722193,-0.04893519,,,,,,,,,,,,,,,,,,,,,,,,,,,,,,,,,,,,,,,,,,,,,,,,,,,,,,,,,,,,,,,
128.97223,25.752172,0.06520899,128.97223,25.752172,0.062263872,,,,,,,,,,,,,,,,,,,,,,,,,,,,,,,,,,,,,,,,,,,,,,,,,,,,,,,,,,,,,128.97223,25.752172,0.16548045,128.97223,25.752172,0.4055801,,,,,,,,,,,,,,,,,,,,,,,,,,,,,,,,,,,,,,,,,,,,,,,,,,,,,,,,,,,,,,,
128.97223,25.782152,0.063929796,128.97223,25.782152,0.06016659,,,,,,,,,,,,,,,,,,,,,,,,,,,,,,,,,,,,,,,,,,,,,,,,,,,,,,,,,,,,,128.97223,25.782152,-0.24556512,128.97223,25.782152,-0.37367612,,,,,,,,,,,,,,,,,,,,,,,,,,,,,,,,,,,,,,,,,,,,,,,,,,,,,,,,,,,,,,,
128.97223,25.81213,0.06489662,128.97223,25.81213,0.06074669,,,,,,,,,,,,,,,,,,,,,,,,,,,,,,,,,,,,,,,,,,,,,,,,,,,,,,,,,,,,,128.97223,25.81213,0.07183463,128.97223,25.81213,-0.115843706,,,,,,,,,,,,,,,,,,,,,,,,,,,,,,,,,,,,,,,,,,,,,,,,,,,,,,,,,,,,,,,
128.97223,25.84211,0.06395955,128.97223,25.84211,0.062144876,,,,,,,,,,,,,,,,,,,,,,,,,,,,,,,,,,,,,,,,,,,,,,,,,,,,,,,,,,,,,128.97223,25.84211,-0.25773728,128.97223,25.84211,0.3266008,,,,,,,,,,,,,,,,,,,,,,,,,,,,,,,,,,,,,,,,,,,,,,,,,,,,,,,,,,,,,,,
128.97223,25.87209,0.06497099,128.97223,25.87209,0.060285587,,,,,,,,,,,,,,,,,,,,,,,,,,,,,,,,,,,,,,,,,,,,,,,,,,,,,,,,,,,,,128.97223,25.87209,0.122514926,128.97223,25.87209,-0.35781103,,,,,,,,,,,,,,,,,,,,,,,,,,,,,,,,,,,,,,,,,,,,,,,,,,,,,,,,,,,,,,,
128.97223,25.90207,0.06488176,128.97223,25.90207,0.061044175,,,,,,,,,,,,,,,,,,,,,,,,,,,,,,,,,,,,,,,,,,,,,,,,,,,,,,,,,,,,,128.97223,25.90207,0.04615964,128.97223,25.90207,-0.10128477,,,,,,,,,,,,,,,,,,,,,,,,,,,,,,,,,,,,,,,,,,,,,,,,,,,,,,,,,,,,,,,
128.97223,25.932047,0.06529823,128.97223,25.932047,0.061594527,,,,,,,,,,,,,,,,,,,,,,,,,,,,,,,,,,,,,,,,,,,,,,,,,,,,,,,,,,,,,128.97223,25.932047,0.21321924,128.97223,25.932047,0.1688874,,,,,,,,,,,,,,,,,,,,,,,,,,,,,,,,,,,,,,,,,,,,,,,,,,,,,,,,,,,,,,,
128.97223,25.962027,0.063424066,128.97223,25.962027,0.060850814,,,,,,,,,,,,,,,,,,,,,,,,,,,,,,,,,,,,,,,,,,,,,,,,,,,,,,,,,,,,,128.97223,25.962027,-0.44325805,128.97223,25.962027,-0.12421584,,,,,,,,,,,,,,,,,,,,,,,,,,,,,,,,,,,,,,,,,,,,,,,,,,,,,,,,,,,,,,,
128.97223,25.992006,0.06650305,128.97223,25.992006,0.059274137,,,,,,,,,,,,,,,,,,,,,,,,,,,,,,,,,,,,,,,,,,,,,,,,,,,,,,,,,,,,,128.97223,25.992006,0.6278217,128.97223,25.992006,-0.71351963,,,,,,,,,,,,,,,,,,,,,,,,,,,,,,,,,,,,,,,,,,,,,,,,,,,,,,,,,,,,,,,
128.97223,26.021986,0.06449501,128.97223,26.021986,0.062472112,,,,,,,,,,,,,,,,,,,,,,,,,,,,,,,,,,,,,,,,,,,,,,,,,,,,,,,,,,,,,128.97223,26.021986,-0.085907675,128.97223,26.021986,0.44432205,,,,,,,,,,,,,,,,,,,,,,,,,,,,,,,,,,,,,,,,,,,,,,,,,,,,,,,,,,,,,,,
128.97223,26.051964,0.0637513,128.97223,26.051964,0.05991373,,,,,,,,,,,,,,,,,,,,,,,,,,,,,,,,,,,,,,,,,,,,,,,,,,,,,,,,,,,,,128.97223,26.051964,-0.33685097,128.97223,26.051964,-0.4490322,,,,,,,,,,,,,,,,,,,,,,,,,,,,,,,,,,,,,,,,,,,,,,,,,,,,,,,,,,,,,,,
128.97223,26.081944,0.06534286,128.97223,26.081944,0.061297044,,,,,,,,,,,,,,,,,,,,,,,,,,,,,,,,,,,,,,,,,,,,,,,,,,,,,,,,,,,,,128.97223,26.081944,0.20303982,128.97223,26.081944,0.061868772,,,,,,,,,,,,,,,,,,,,,,,,,,,,,,,,,,,,,,,,,,,,,,,,,,,,,,,,,,,,,,,
128.97223,26.111923,0.064316526,128.97223,26.111923,0.059928603,,,,,,,,,,,,,,,,,,,,,,,,,,,,,,,,,,,,,,,,,,,,,,,,,,,,,,,,,,,,,128.97223,26.111923,-0.13142839,128.97223,26.111923,-0.4568029,,,,,,,,,,,,,,,,,,,,,,,,,,,,,,,,,,,,,,,,,,,,,,,,,,,,,,,,,,,,,,,
128.97223,26.141903,0.0661312,128.97223,26.141903,0.058798153,,,,,,,,,,,,,,,,,,,,,,,,,,,,,,,,,,,,,,,,,,,,,,,,,,,,,,,,,,,,,128.97223,26.141903,0.5221988,128.97223,26.141903,-0.90274155,,,,,,,,,,,,,,,,,,,,,,,,,,,,,,,,,,,,,,,,,,,,,,,,,,,,,,,,,,,,,,,
128.97223,26.17188,0.06410828,128.97223,26.17188,0.061594527,,,,,,,,,,,,,,,,,,,,,,,,,,,,,,,,,,,,,,,,,,,,,,,,,,,,,,,,,,,,,128.97223,26.17188,-0.18657193,128.97223,26.17188,0.15866674,,,,,,,,,,,,,,,,,,,,,,,,,,,,,,,,,,,,,,,,,,,,,,,,,,,,,,,,,,,,,,,
128.97223,26.20186,0.06465864,128.97223,26.20186,0.0621895,,,,,,,,,,,,,,,,,,,,,,,,,,,,,,,,,,,,,,,,,,,,,,,,,,,,,,,,,,,,,128.97223,26.20186,0.011320021,128.97223,26.20186,0.36321026,,,,,,,,,,,,,,,,,,,,,,,,,,,,,,,,,,,,,,,,,,,,,,,,,,,,,,,,,,,,,,,
128.97223,26.23184,0.065119736,128.97223,26.23184,0.059571624,,,,,,,,,,,,,,,,,,,,,,,,,,,,,,,,,,,,,,,,,,,,,,,,,,,,,,,,,,,,,128.97223,26.23184,0.15853065,128.97223,26.23184,-0.58955944,,,,,,,,,,,,,,,,,,,,,,,,,,,,,,,,,,,,,,,,,,,,,,,,,,,,,,,,,,,,,,,
128.97223,26.26182,0.06488175,128.97223,26.26182,0.060672317,,,,,,,,,,,,,,,,,,,,,,,,,,,,,,,,,,,,,,,,,,,,,,,,,,,,,,,,,,,,,128.97223,26.26182,0.054114144,128.97223,26.26182,-0.17292036,,,,,,,,,,,,,,,,,,,,,,,,,,,,,,,,,,,,,,,,,,,,,,,,,,,,,,,,,,,,,,,
128.97223,26.291798,0.06327532,128.97223,26.291798,0.062174626,,,,,,,,,,,,,,,,,,,,,,,,,,,,,,,,,,,,,,,,,,,,,,,,,,,,,,,,,,,,,128.97223,26.291798,-0.4952022,128.97223,26.291798,0.31958464,,,,,,,,,,,,,,,,,,,,,,,,,,,,,,,,,,,,,,,,,,,,,,,,,,,,,,,,,,,,,,,
128.97223,26.321777,0.06453964,128.97223,26.321777,0.061044175,,,,,,,,,,,,,,,,,,,,,,,,,,,,,,,,,,,,,,,,,,,,,,,,,,,,,,,,,,,,,128.97223,26.321777,-0.042069394,128.97223,26.321777,-0.05228544,,,,,,,,,,,,,,,,,,,,,,,,,,,,,,,,,,,,,,,,,,,,,,,,,,,,,,,,,,,,,,,
128.97223,26.351757,0.06528336,128.97223,26.351757,0.06253161,,,,,,,,,,,,,,,,,,,,,,,,,,,,,,,,,,,,,,,,,,,,,,,,,,,,,,,,,,,,,128.97223,26.351757,0.18933378,128.97223,26.351757,0.47607395,,,,,,,,,,,,,,,,,,,,,,,,,,,,,,,,,,,,,,,,,,,,,,,,,,,,,,,,,,,,,,,
128.97223,26.381737,0.06458426,128.97223,26.381737,0.060419455,,,,,,,,,,,,,,,,,,,,,,,,,,,,,,,,,,,,,,,,,,,,,,,,,,,,,,,,,,,,,128.97223,26.381737,-0.043596003,128.97223,26.381737,-0.2953759,,,,,,,,,,,,,,,,,,,,,,,,,,,,,,,,,,,,,,,,,,,,,,,,,,,,,,,,,,,,,,,
128.97223,26.411715,0.06489661,128.97223,26.411715,0.06262085,,,,,,,,,,,,,,,,,,,,,,,,,,,,,,,,,,,,,,,,,,,,,,,,,,,,,,,,,,,,,128.97223,26.411715,0.06765521,128.97223,26.411715,0.5300678,,,,,,,,,,,,,,,,,,,,,,,,,,,,,,,,,,,,,,,,,,,,,,,,,,,,,,,,,,,,,,,
128.97223,26.441694,0.065060236,128.97223,26.441694,0.059660867,,,,,,,,,,,,,,,,,,,,,,,,,,,,,,,,,,,,,,,,,,,,,,,,,,,,,,,,,,,,,128.97223,26.441694,0.13218118,128.97223,26.441694,-0.5770561,,,,,,,,,,,,,,,,,,,,,,,,,,,,,,,,,,,,,,,,,,,,,,,,,,,,,,,,,,,,,,,
128.97223,26.471674,0.06250186,128.97223,26.471674,0.061892018,,,,,,,,,,,,,,,,,,,,,,,,,,,,,,,,,,,,,,,,,,,,,,,,,,,,,,,,,,,,,128.97223,26.471674,-0.7661109,128.97223,26.471674,0.23686603,,,,,,,,,,,,,,,,,,,,,,,,,,,,,,,,,,,,,,,,,,,,,,,,,,,,,,,,,,,,,,,
128.97223,26.501654,0.06541722,128.97223,26.501654,0.061535034,,,,,,,,,,,,,,,,,,,,,,,,,,,,,,,,,,,,,,,,,,,,,,,,,,,,,,,,,,,,,128.97223,26.501654,0.24411522,128.97223,26.501654,0.13858753,,,,,,,,,,,,,,,,,,,,,,,,,,,,,,,,,,,,,,,,,,,,,,,,,,,,,,,,,,,,,,,
128.97223,26.531633,0.066012196,128.97223,26.531633,0.061713524,,,,,,,,,,,,,,,,,,,,,,,,,,,,,,,,,,,,,,,,,,,,,,,,,,,,,,,,,,,,,128.97223,26.531633,0.45030975,128.97223,26.531633,0.17759204,,,,,,,,,,,,,,,,,,,,,,,,,,,,,,,,,,,,,,,,,,,,,,,,,,,,,,,,,,,,,,,
128.97223,26.561611,0.06519411,128.97223,26.561611,0.061594527,,,,,,,,,,,,,,,,,,,,,,,,,,,,,,,,,,,,,,,,,,,,,,,,,,,,,,,,,,,,,128.97223,26.561611,0.19797723,128.97223,26.561611,0.15146473,,,,,,,,,,,,,,,,,,,,,,,,,,,,,,,,,,,,,,,,,,,,,,,,,,,,,,,,,,,,,,,
128.97223,26.59159,0.06507512,128.97223,26.59159,0.06129704,,,,,,,,,,,,,,,,,,,,,,,,,,,,,,,,,,,,,,,,,,,,,,,,,,,,,,,,,,,,,128.97223,26.59159,0.13433205,128.97223,26.59159,0.0033818749,,,,,,,,,,,,,,,,,,,,,,,,,,,,,,,,,,,,,,,,,,,,,,,,,,,,,,,,,,,,,,,
128.97223,26.62157,0.06477763,128.97223,26.62157,0.063914925,,,,,,,,,,,,,,,,,,,,,,,,,,,,,,,,,,,,,,,,,,,,,,,,,,,,,,,,,,,,,128.97223,26.62157,0.013180756,128.97223,26.62157,0.9556705,,,,,,,,,,,,,,,,,,,,,,,,,,,,,,,,,,,,,,,,,,,,,,,,,,,,,,,,,,,,,,,
128.97223,26.65155,0.066279925,128.97223,26.65155,0.06101443,,,,,,,,,,,,,,,,,,,,,,,,,,,,,,,,,,,,,,,,,,,,,,,,,,,,,,,,,,,,,128.97223,26.65155,0.54587597,128.97223,26.65155,-0.07165955,,,,,,,,,,,,,,,,,,,,,,,,,,,,,,,,,,,,,,,,,,,,,,,,,,,,,,,,,,,,,,,
128.97223,26.681528,0.06580395,128.97223,26.681528,0.061341662,,,,,,,,,,,,,,,,,,,,,,,,,,,,,,,,,,,,,,,,,,,,,,,,,,,,,,,,,,,,,128.97223,26.681528,0.39928848,128.97223,26.681528,0.058683887,,,,,,,,,,,,,,,,,,,,,,,,,,,,,,,,,,,,,,,,,,,,,,,,,,,,,,,,,,,,,,,
128.97223,26.711508,0.06455452,128.97223,26.711508,0.061892014,,,,,,,,,,,,,,,,,,,,,,,,,,,,,,,,,,,,,,,,,,,,,,,,,,,,,,,,,,,,,128.97223,26.711508,-0.048183296,128.97223,26.711508,0.26516882,,,,,,,,,,,,,,,,,,,,,,,,,,,,,,,,,,,,,,,,,,,,,,,,,,,,,,,,,,,,,,,
128.97223,26.741488,0.06648818,128.97223,26.741488,0.061311916,,,,,,,,,,,,,,,,,,,,,,,,,,,,,,,,,,,,,,,,,,,,,,,,,,,,,,,,,,,,,128.97223,26.741488,0.6133975,128.97223,26.741488,0.030590912,,,,,,,,,,,,,,,,,,,,,,,,,,,,,,,,,,,,,,,,,,,,,,,,,,,,,,,,,,,,,,,
128.97223,26.771467,0.064747885,128.97223,26.771467,0.061683767,,,,,,,,,,,,,,,,,,,,,,,,,,,,,,,,,,,,,,,,,,,,,,,,,,,,,,,,,,,,,128.97223,26.771467,0.032348752,128.97223,26.771467,0.18308966,,,,,,,,,,,,,,,,,,,,,,,,,,,,,,,,,,,,,,,,,,,,,,,,,,,,,,,,,,,,,,,
128.97223,26.801445,0.065952696,128.97223,26.801445,0.061252415,,,,,,,,,,,,,,,,,,,,,,,,,,,,,,,,,,,,,,,,,,,,,,,,,,,,,,,,,,,,,128.97223,26.801445,0.4404823,128.97223,26.801445,-0.019368632,,,,,,,,,,,,,,,,,,,,,,,,,,,,,,,,,,,,,,,,,,,,,,,,,,,,,,,,,,,,,,,
128.97223,26.831425,0.064733006,128.97223,26.831425,0.061073925,,,,,,,,,,,,,,,,,,,,,,,,,,,,,,,,,,,,,,,,,,,,,,,,,,,,,,,,,,,,,128.97223,26.831425,0.016870009,128.97223,26.831425,-0.048000153,,,,,,,,,,,,,,,,,,,,,,,,,,,,,,,,,,,,,,,,,,,,,,,,,,,,,,,,,,,,,,,
128.97223,26.861404,0.06361744,128.97223,26.861404,0.060404584,,,,,,,,,,,,,,,,,,,,,,,,,,,,,,,,,,,,,,,,,,,,,,,,,,,,,,,,,,,,,128.97223,26.861404,-0.38757473,128.97223,26.861404,-0.2636145,,,,,,,,,,,,,,,,,,,,,,,,,,,,,,,,,,,,,,,,,,,,,,,,,,,,,,,,,,,,,,,
128.97223,26.891384,0.0644504,128.97223,26.891384,0.06047895,,,,,,,,,,,,,,,,,,,,,,,,,,,,,,,,,,,,,,,,,,,,,,,,,,,,,,,,,,,,,128.97223,26.891384,-0.08687908,128.97223,26.891384,-0.28504053,,,,,,,,,,,,,,,,,,,,,,,,,,,,,,,,,,,,,,,,,,,,,,,,,,,,,,,,,,,,,,,
128.97223,26.921362,0.064628884,128.97223,26.921362,0.06284397,,,,,,,,,,,,,,,,,,,,,,,,,,,,,,,,,,,,,,,,,,,,,,,,,,,,,,,,,,,,,128.97223,26.921362,-0.0142797725,128.97223,26.921362,0.6139687,,,,,,,,,,,,,,,,,,,,,,,,,,,,,,,,,,,,,,,,,,,,,,,,,,,,,,,,,,,,,,,
128.97223,26.951342,0.065670095,128.97223,26.951342,0.061073925,,,,,,,,,,,,,,,,,,,,,,,,,,,,,,,,,,,,,,,,,,,,,,,,,,,,,,,,,,,,,128.97223,26.951342,0.33688912,128.97223,26.951342,-0.0188965,,,,,,,,,,,,,,,,,,,,,,,,,,,,,,,,,,,,,,,,,,,,,,,,,,,,,,,,,,,,,,,
128.97223,26.981321,0.06486687,128.97223,26.981321,0.060464077,,,,,,,,,,,,,,,,,,,,,,,,,,,,,,,,,,,,,,,,,,,,,,,,,,,,,,,,,,,,,128.97223,26.981321,0.051282126,128.97223,26.981321,-0.23266761,,,,,,,,,,,,,,,,,,,,,,,,,,,,,,,,,,,,,,,,,,,,,,,,,,,,,,,,,,,,,,,
128.97223,27.011301,0.065908074,128.97223,27.011301,0.060121972,,,,,,,,,,,,,,,,,,,,,,,,,,,,,,,,,,,,,,,,,,,,,,,,,,,,,,,,,,,,,128.97223,27.011301,0.41318703,128.97223,27.011301,-0.36667103,,,,,,,,,,,,,,,,,,,,,,,,,,,,,,,,,,,,,,,,,,,,,,,,,,,,,,,,,,,,,,,
128.97223,27.041279,0.06525361,128.97223,27.041279,0.0606277,,,,,,,,,,,,,,,,,,,,,,,,,,,,,,,,,,,,,,,,,,,,,,,,,,,,,,,,,,,,,128.97223,27.041279,0.2104823,128.97223,27.041279,-0.19831723,,,,,,,,,,,,,,,,,,,,,,,,,,,,,,,,,,,,,,,,,,,,,,,,,,,,,,,,,,,,,,,
128.97223,27.071259,0.06425703,128.97223,27.071259,0.06204076,,,,,,,,,,,,,,,,,,,,,,,,,,,,,,,,,,,,,,,,,,,,,,,,,,,,,,,,,,,,,128.97223,27.071259,-0.13852301,128.97223,27.071259,0.30409476,,,,,,,,,,,,,,,,,,,,,,,,,,,,,,,,,,,,,,,,,,,,,,,,,,,,,,,,,,,,,,,
128.97223,27.101238,0.064316526,128.97223,27.101238,0.06273985,,,,,,,,,,,,,,,,,,,,,,,,,,,,,,,,,,,,,,,,,,,,,,,,,,,,,,,,,,,,,128.97223,27.101238,-0.11467348,128.97223,27.101238,0.5701278,,,,,,,,,,,,,,,,,,,,,,,,,,,,,,,,,,,,,,,,,,,,,,,,,,,,,,,,,,,,,,,
128.97223,27.131218,0.06464376,128.97223,27.131218,0.063349694,,,,,,,,,,,,,,,,,,,,,,,,,,,,,,,,,,,,,,,,,,,,,,,,,,,,,,,,,,,,,128.97223,27.131218,-0.016486181,128.97223,27.131218,0.7463609,,,,,,,,,,,,,,,,,,,,,,,,,,,,,,,,,,,,,,,,,,,,,,,,,,,,,,,,,,,,,,,
128.97223,27.161196,0.06562547,128.97223,27.161196,0.06181764,,,,,,,,,,,,,,,,,,,,,,,,,,,,,,,,,,,,,,,,,,,,,,,,,,,,,,,,,,,,,128.97223,27.161196,0.31823125,128.97223,27.161196,0.24049981,,,,,,,,,,,,,,,,,,,,,,,,,,,,,,,,,,,,,,,,,,,,,,,,,,,,,,,,,,,,,,,
128.97223,27.191175,0.06398929,128.97223,27.191175,0.06059794,,,,,,,,,,,,,,,,,,,,,,,,,,,,,,,,,,,,,,,,,,,,,,,,,,,,,,,,,,,,,128.97223,27.191175,-0.25399038,128.97223,27.191175,-0.22121426,,,,,,,,,,,,,,,,,,,,,,,,,,,,,,,,,,,,,,,,,,,,,,,,,,,,,,,,,,,,,,,
128.97223,27.221155,0.063914925,128.97223,27.221155,0.061430912,,,,,,,,,,,,,,,,,,,,,,,,,,,,,,,,,,,,,,,,,,,,,,,,,,,,,,,,,,,,,128.97223,27.221155,-0.29215112,128.97223,27.221155,0.048722368,,,,,,,,,,,,,,,,,,,,,,,,,,,,,,,,,,,,,,,,,,,,,,,,,,,,,,,,,,,,,,,
128.97223,27.251135,0.06468838,128.97223,27.251135,0.062962964,,,,,,,,,,,,,,,,,,,,,,,,,,,,,,,,,,,,,,,,,,,,,,,,,,,,,,,,,,,,,128.97223,27.251135,-0.0060482454,128.97223,27.251135,0.62055993,,,,,,,,,,,,,,,,,,,,,,,,,,,,,,,,,,,,,,,,,,,,,,,,,,,,,,,,,,,,,,,
128.97223,27.281113,0.06443552,128.97223,27.281113,0.06146066,,,,,,,,,,,,,,,,,,,,,,,,,,,,,,,,,,,,,,,,,,,,,,,,,,,,,,,,,,,,,128.97223,27.281113,-0.08657506,128.97223,27.281113,0.1194927,,,,,,,,,,,,,,,,,,,,,,,,,,,,,,,,,,,,,,,,,,,,,,,,,,,,,,,,,,,,,,,
128.97223,27.311092,0.06742526,128.97223,27.311092,0.060330212,,,,,,,,,,,,,,,,,,,,,,,,,,,,,,,,,,,,,,,,,,,,,,,,,,,,,,,,,,,,,128.97223,27.311092,0.94779944,128.97223,27.311092,-0.28975156,,,,,,,,,,,,,,,,,,,,,,,,,,,,,,,,,,,,,,,,,,,,,,,,,,,,,,,,,,,,,,,
128.97223,27.341072,0.06412315,128.97223,27.341072,0.06275472,,,,,,,,,,,,,,,,,,,,,,,,,,,,,,,,,,,,,,,,,,,,,,,,,,,,,,,,,,,,,128.97223,27.341072,-0.1771428,128.97223,27.341072,0.5444616,,,,,,,,,,,,,,,,,,,,,,,,,,,,,,,,,,,,,,,,,,,,,,,,,,,,,,,,,,,,,,,
128.97223,27.371052,0.0658337,128.97223,27.371052,0.061222665,,,,,,,,,,,,,,,,,,,,,,,,,,,,,,,,,,,,,,,,,,,,,,,,,,,,,,,,,,,,,128.97223,27.371052,0.421508,128.97223,27.371052,0.032060757,,,,,,,,,,,,,,,,,,,,,,,,,,,,,,,,,,,,,,,,,,,,,,,,,,,,,,,,,,,,,,,
128.97223,27.401031,0.06578907,128.97223,27.401031,0.060865685,,,,,,,,,,,,,,,,,,,,,,,,,,,,,,,,,,,,,,,,,,,,,,,,,,,,,,,,,,,,,128.97223,27.401031,0.38227084,128.97223,27.401031,-0.11319736,,,,,,,,,,,,,,,,,,,,,,,,,,,,,,,,,,,,,,,,,,,,,,,,,,,,,,,,,,,,,,,
128.97223,27.43101,0.06534285,128.97223,27.43101,0.063067086,,,,,,,,,,,,,,,,,,,,,,,,,,,,,,,,,,,,,,,,,,,,,,,,,,,,,,,,,,,,,128.97223,27.43101,0.22544411,128.97223,27.43101,0.66159165,,,,,,,,,,,,,,,,,,,,,,,,,,,,,,,,,,,,,,,,,,,,,,,,,,,,,,,,,,,,,,,
128.97223,27.460989,0.065908074,128.97223,27.460989,0.05979474,,,,,,,,,,,,,,,,,,,,,,,,,,,,,,,,,,,,,,,,,,,,,,,,,,,,,,,,,,,,,128.97223,27.460989,0.40329412,128.97223,27.460989,-0.49897903,,,,,,,,,,,,,,,,,,,,,,,,,,,,,,,,,,,,,,,,,,,,,,,,,,,,,,,,,,,,,,,
128.97223,27.490969,0.061743274,128.97223,27.490969,0.05936338,,,,,,,,,,,,,,,,,,,,,,,,,,,,,,,,,,,,,,,,,,,,,,,,,,,,,,,,,,,,,128.97223,27.490969,-1.0008603,128.97223,27.490969,-0.6534268,,,,,,,,,,,,,,,,,,,,,,,,,,,,,,,,,,,,,,,,,,,,,,,,,,,,,,,,,,,,,,,
128.97223,27.520948,0.06202588,128.97223,27.520948,0.060315337,,,,,,,,,,,,,,,,,,,,,,,,,,,,,,,,,,,,,,,,,,,,,,,,,,,,,,,,,,,,,128.97223,27.520948,-0.92893195,128.97223,27.520948,-0.30958894,,,,,,,,,,,,,,,,,,,,,,,,,,,,,,,,,,,,,,,,,,,,,,,,,,,,,,,,,,,,,,,
128.97223,27.550926,0.0661312,128.97223,27.550926,0.060151715,,,,,,,,,,,,,,,,,,,,,,,,,,,,,,,,,,,,,,,,,,,,,,,,,,,,,,,,,,,,,128.97223,27.550926,0.5310284,128.97223,27.550926,-0.36279377,,,,,,,,,,,,,,,,,,,,,,,,,,,,,,,,,,,,,,,,,,,,,,,,,,,,,,,,,,,,,,,
128.97223,27.580906,0.064242154,128.97223,27.580906,0.060821064,,,,,,,,,,,,,,,,,,,,,,,,,,,,,,,,,,,,,,,,,,,,,,,,,,,,,,,,,,,,,128.97223,27.580906,-0.18242772,128.97223,27.580906,-0.1322888,,,,,,,,,,,,,,,,,,,,,,,,,,,,,,,,,,,,,,,,,,,,,,,,,,,,,,,,,,,,,,,
128.97223,27.610886,0.06568495,128.97223,27.610886,0.05982448,,,,,,,,,,,,,,,,,,,,,,,,,,,,,,,,,,,,,,,,,,,,,,,,,,,,,,,,,,,,,128.97223,27.610886,0.35111398,128.97223,27.610886,-0.53144604,,,,,,,,,,,,,,,,,,,,,,,,,,,,,,,,,,,,,,,,,,,,,,,,,,,,,,,,,,,,,,,
128.97223,27.640865,0.06388517,128.97223,27.640865,0.06129704,,,,,,,,,,,,,,,,,,,,,,,,,,,,,,,,,,,,,,,,,,,,,,,,,,,,,,,,,,,,,128.97223,27.640865,-0.2640916,128.97223,27.640865,0.04063618,,,,,,,,,,,,,,,,,,,,,,,,,,,,,,,,,,,,,,,,,,,,,,,,,,,,,,,,,,,,,,,
128.97223,27.670843,0.06540235,128.97223,27.670843,0.06123754,,,,,,,,,,,,,,,,,,,,,,,,,,,,,,,,,,,,,,,,,,,,,,,,,,,,,,,,,,,,,128.97223,27.670843,0.27643517,128.97223,27.670843,0.011868649,,,,,,,,,,,,,,,,,,,,,,,,,,,,,,,,,,,,,,,,,,,,,,,,,,,,,,,,,,,,,,,
128.97223,27.700823,0.065565966,128.97223,27.700823,0.061981253,,,,,,,,,,,,,,,,,,,,,,,,,,,,,,,,,,,,,,,,,,,,,,,,,,,,,,,,,,,,,128.97223,27.700823,0.3174527,128.97223,27.700823,0.30536848,,,,,,,,,,,,,,,,,,,,,,,,,,,,,,,,,,,,,,,,,,,,,,,,,,,,,,,,,,,,,,,
128.97223,27.730803,0.065060236,128.97223,27.730803,0.059467494,,,,,,,,,,,,,,,,,,,,,,,,,,,,,,,,,,,,,,,,,,,,,,,,,,,,,,,,,,,,,128.97223,27.730803,0.1281318,128.97223,27.730803,-0.6258695,,,,,,,,,,,,,,,,,,,,,,,,,,,,,,,,,,,,,,,,,,,,,,,,,,,,,,,,,,,,,,,
128.97223,27.760782,0.06416778,128.97223,27.760782,0.05983936,,,,,,,,,,,,,,,,,,,,,,,,,,,,,,,,,,,,,,,,,,,,,,,,,,,,,,,,,,,,,128.97223,27.760782,-0.18717636,128.97223,27.760782,-0.49472776,,,,,,,,,,,,,,,,,,,,,,,,,,,,,,,,,,,,,,,,,,,,,,,,,,,,,,,,,,,,,,,
128.97223,27.79076,0.064212404,128.97223,27.79076,0.06047895,,,,,,,,,,,,,,,,,,,,,,,,,,,,,,,,,,,,,,,,,,,,,,,,,,,,,,,,,,,,,128.97223,27.79076,-0.16509598,128.97223,27.79076,-0.27348468,,,,,,,,,,,,,,,,,,,,,,,,,,,,,,,,,,,,,,,,,,,,,,,,,,,,,,,,,,,,,,,
128.97223,27.82074,0.06266548,128.97223,27.82074,0.06262085,,,,,,,,,,,,,,,,,,,,,,,,,,,,,,,,,,,,,,,,,,,,,,,,,,,,,,,,,,,,,128.97223,27.82074,-0.69752073,128.97223,27.82074,0.509886,,,,,,,,,,,,,,,,,,,,,,,,,,,,,,,,,,,,,,,,,,,,,,,,,,,,,,,,,,,,,,,
128.97223,27.85072,0.06497099,128.97223,27.85072,0.063037336,,,,,,,,,,,,,,,,,,,,,,,,,,,,,,,,,,,,,,,,,,,,,,,,,,,,,,,,,,,,,128.97223,27.85072,0.11397918,128.97223,27.85072,0.666023,,,,,,,,,,,,,,,,,,,,,,,,,,,,,,,,,,,,,,,,,,,,,,,,,,,,,,,,,,,,,,,
128.97223,27.8807,0.06492638,128.97223,27.8807,0.060895436,,,,,,,,,,,,,,,,,,,,,,,,,,,,,,,,,,,,,,,,,,,,,,,,,,,,,,,,,,,,,128.97223,27.8807,0.08967725,128.97223,27.8807,-0.08682496,,,,,,,,,,,,,,,,,,,,,,,,,,,,,,,,,,,,,,,,,,,,,,,,,,,,,,,,,,,,,,,
128.97223,27.910677,0.065461844,128.97223,27.910677,0.06358769,,,,,,,,,,,,,,,,,,,,,,,,,,,,,,,,,,,,,,,,,,,,,,,,,,,,,,,,,,,,,128.97223,27.910677,0.2377695,128.97223,27.910677,0.83217126,,,,,,,,,,,,,,,,,,,,,,,,,,,,,,,,,,,,,,,,,,,,,,,,,,,,,,,,,,,,,,,
128.97223,27.940657,0.06485201,128.97223,27.940657,0.06059795,,,,,,,,,,,,,,,,,,,,,,,,,,,,,,,,,,,,,,,,,,,,,,,,,,,,,,,,,,,,,128.97223,27.940657,0.05442322,128.97223,27.940657,-0.23299599,,,,,,,,,,,,,,,,,,,,,,,,,,,,,,,,,,,,,,,,,,,,,,,,,,,,,,,,,,,,,,,
128.97223,27.970636,0.065149486,128.97223,27.970636,0.06065745,,,,,,,,,,,,,,,,,,,,,,,,,,,,,,,,,,,,,,,,,,,,,,,,,,,,,,,,,,,,,128.97223,27.970636,0.16917,128.97223,27.970636,-0.23052043,,,,,,,,,,,,,,,,,,,,,,,,,,,,,,,,,,,,,,,,,,,,,,,,,,,,,,,,,,,,,,,
128.97223,28.000616,0.06492637,128.97223,28.000616,0.06025584,,,,,,,,,,,,,,,,,,,,,,,,,,,,,,,,,,,,,,,,,,,,,,,,,,,,,,,,,,,,,128.97223,28.000616,0.08108696,128.97223,28.000616,-0.34090143,,,,,,,,,,,,,,,,,,,,,,,,,,,,,,,,,,,,,,,,,,,,,,,,,,,,,,,,,,,,,,,
128.97223,28.030594,0.062248997,128.97223,28.030594,0.060999554,,,,,,,,,,,,,,,,,,,,,,,,,,,,,,,,,,,,,,,,,,,,,,,,,,,,,,,,,,,,,128.97223,28.030594,-0.83890027,128.97223,28.030594,-0.07469424,,,,,,,,,,,,,,,,,,,,,,,,,,,,,,,,,,,,,,,,,,,,,,,,,,,,,,,,,,,,,,,
128.97223,28.060574,0.06366206,128.97223,28.060574,0.05991373,,,,,,,,,,,,,,,,,,,,,,,,,,,,,,,,,,,,,,,,,,,,,,,,,,,,,,,,,,,,,128.97223,28.060574,-0.3283038,128.97223,28.060574,-0.47146252,,,,,,,,,,,,,,,,,,,,,,,,,,,,,,,,,,,,,,,,,,,,,,,,,,,,,,,,,,,,,,,
128.97223,28.090553,0.06464376,128.97223,28.090553,0.060196348,,,,,,,,,,,,,,,,,,,,,,,,,,,,,,,,,,,,,,,,,,,,,,,,,,,,,,,,,,,,,128.97223,28.090553,-0.0074975095,128.97223,28.090553,-0.29851615,,,,,,,,,,,,,,,,,,,,,,,,,,,,,,,,,,,,,,,,,,,,,,,,,,,,,,,,,,,,,,,
128.97223,28.120533,0.062546484,128.97223,28.120533,0.061178043,,,,,,,,,,,,,,,,,,,,,,,,,,,,,,,,,,,,,,,,,,,,,,,,,,,,,,,,,,,,,128.97223,28.120533,-0.7376814,128.97223,28.120533,-0.0269996,,,,,,,,,,,,,,,,,,,,,,,,,,,,,,,,,,,,,,,,,,,,,,,,,,,,,,,,,,,,,,,
128.97223,28.150513,0.06620557,128.97223,28.150513,0.06105905,,,,,,,,,,,,,,,,,,,,,,,,,,,,,,,,,,,,,,,,,,,,,,,,,,,,,,,,,,,,,128.97223,28.150513,0.5145912,128.97223,28.150513,-0.02312549,,,,,,,,,,,,,,,,,,,,,,,,,,,,,,,,,,,,,,,,,,,,,,,,,,,,,,,,,,,,,,,
128.97223,28.18049,0.06574446,128.97223,28.18049,0.061535034,,,,,,,,,,,,,,,,,,,,,,,,,,,,,,,,,,,,,,,,,,,,,,,,,,,,,,,,,,,,,128.97223,28.18049,0.37689322,128.97223,28.18049,0.13754895,,,,,,,,,,,,,,,,,,,,,,,,,,,,,,,,,,,,,,,,,,,,,,,,,,,,,,,,,,,,,,,
128.97223,28.21047,0.06445039,128.97223,28.21047,0.0604492,,,,,,,,,,,,,,,,,,,,,,,,,,,,,,,,,,,,,,,,,,,,,,,,,,,,,,,,,,,,,128.97223,28.21047,-0.08569487,128.97223,28.21047,-0.27964085,,,,,,,,,,,,,,,,,,,,,,,,,,,,,,,,,,,,,,,,,,,,,,,,,,,,,,,,,,,,,,,
128.97223,28.24045,0.064346276,128.97223,28.24045,0.0605682,,,,,,,,,,,,,,,,,,,,,,,,,,,,,,,,,,,,,,,,,,,,,,,,,,,,,,,,,,,,,128.97223,28.24045,-0.11533001,128.97223,28.24045,-0.24208266,,,,,,,,,,,,,,,,,,,,,,,,,,,,,,,,,,,,,,,,,,,,,,,,,,,,,,,,,,,,,,,
128.97223,28.27043,0.063096836,128.97223,28.27043,0.062442362,,,,,,,,,,,,,,,,,,,,,,,,,,,,,,,,,,,,,,,,,,,,,,,,,,,,,,,,,,,,,128.97223,28.27043,-0.5468735,128.97223,28.27043,0.44606215,,,,,,,,,,,,,,,,,,,,,,,,,,,,,,,,,,,,,,,,,,,,,,,,,,,,,,,,,,,,,,,
128.97223,28.300407,0.06486688,128.97223,28.300407,0.06275472,,,,,,,,,,,,,,,,,,,,,,,,,,,,,,,,,,,,,,,,,,,,,,,,,,,,,,,,,,,,,128.97223,28.300407,0.06376452,128.97223,28.300407,0.61089635,,,,,,,,,,,,,,,,,,,,,,,,,,,,,,,,,,,,,,,,,,,,,,,,,,,,,,,,,,,,,,,
128.97223,28.330387,0.063825674,128.97223,28.330387,0.060493827,,,,,,,,,,,,,,,,,,,,,,,,,,,,,,,,,,,,,,,,,,,,,,,,,,,,,,,,,,,,,128.97223,28.330387,-0.30186582,128.97223,28.330387,-0.27953207,,,,,,,,,,,,,,,,,,,,,,,,,,,,,,,,,,,,,,,,,,,,,,,,,,,,,,,,,,,,,,,
128.97223,28.360367,0.066369176,128.97223,28.360367,0.060940053,,,,,,,,,,,,,,,,,,,,,,,,,,,,,,,,,,,,,,,,,,,,,,,,,,,,,,,,,,,,,128.97223,28.360367,0.5570255,128.97223,28.360367,-0.100825295,,,,,,,,,,,,,,,,,,,,,,,,,,,,,,,,,,,,,,,,,,,,,,,,,,,,,,,,,,,,,,,
128.97223,28.390347,0.06535773,128.97223,28.390347,0.061430912,,,,,,,,,,,,,,,,,,,,,,,,,,,,,,,,,,,,,,,,,,,,,,,,,,,,,,,,,,,,,128.97223,28.390347,0.23005472,128.97223,28.390347,0.08904716,,,,,,,,,,,,,,,,,,,,,,,,,,,,,,,,,,,,,,,,,,,,,,,,,,,,,,,,,,,,,,,
128.97223,28.420324,0.065491594,128.97223,28.420324,0.06080619,,,,,,,,,,,,,,,,,,,,,,,,,,,,,,,,,,,,,,,,,,,,,,,,,,,,,,,,,,,,,128.97223,28.420324,0.27813774,128.97223,28.420324,-0.122648254,,,,,,,,,,,,,,,,,,,,,,,,,,,,,,,,,,,,,,,,,,,,,,,,,,,,,,,,,,,,,,,
128.97223,28.450304,0.064703256,128.97223,28.450304,0.062115125,,,,,,,,,,,,,,,,,,,,,,,,,,,,,,,,,,,,,,,,,,,,,,,,,,,,,,,,,,,,,128.97223,28.450304,-0.00044727325,128.97223,28.450304,0.34507754,,,,,,,,,,,,,,,,,,,,,,,,,,,,,,,,,,,,,,,,,,,,,,,,,,,,,,,,,,,,,,,
128.97223,28.480284,0.0643314,128.97223,28.480284,0.06077644,,,,,,,,,,,,,,,,,,,,,,,,,,,,,,,,,,,,,,,,,,,,,,,,,,,,,,,,,,,,,128.97223,28.480284,-0.12267547,128.97223,28.480284,-0.18810646,,,,,,,,,,,,,,,,,,,,,,,,,,,,,,,,,,,,,,,,,,,,,,,,,,,,,,,,,,,,,,,
128.97223,28.510263,0.06425703,128.97223,28.510263,0.060999554,,,,,,,,,,,,,,,,,,,,,,,,,,,,,,,,,,,,,,,,,,,,,,,,,,,,,,,,,,,,,128.97223,28.510263,-0.14492379,128.97223,28.510263,-0.05327401,,,,,,,,,,,,,,,,,,,,,,,,,,,,,,,,,,,,,,,,,,,,,,,,,,,,,,,,,,,,,,,
128.97223,28.540241,0.06489662,128.97223,28.540241,0.06131192,,,,,,,,,,,,,,,,,,,,,,,,,,,,,,,,,,,,,,,,,,,,,,,,,,,,,,,,,,,,,128.97223,28.540241,0.07434746,128.97223,28.540241,0.03310287,,,,,,,,,,,,,,,,,,,,,,,,,,,,,,,,,,,,,,,,,,,,,,,,,,,,,,,,,,,,,,,
128.97223,28.57022,0.064971,128.97223,28.57022,0.062219247,,,,,,,,,,,,,,,,,,,,,,,,,,,,,,,,,,,,,,,,,,,,,,,,,,,,,,,,,,,,,128.97223,28.57022,0.10432389,128.97223,28.57022,0.35445416,,,,,,,,,,,,,,,,,,,,,,,,,,,,,,,,,,,,,,,,,,,,,,,,,,,,,,,,,,,,,,,
128.97223,28.6002,0.0640488,128.97223,28.6002,0.060553327,,,,,,,,,,,,,,,,,,,,,,,,,,,,,,,,,,,,,,,,,,,,,,,,,,,,,,,,,,,,,128.97223,28.6002,-0.2093662,128.97223,28.6002,-0.25297058,,,,,,,,,,,,,,,,,,,,,,,,,,,,,,,,,,,,,,,,,,,,,,,,,,,,,,,,,,,,,,,
128.97223,28.63018,0.06349844,128.97223,28.63018,0.062085375,,,,,,,,,,,,,,,,,,,,,,,,,,,,,,,,,,,,,,,,,,,,,,,,,,,,,,,,,,,,,128.97223,28.63018,-0.4399916,128.97223,28.63018,0.31182072,,,,,,,,,,,,,,,,,,,,,,,,,,,,,,,,,,,,,,,,,,,,,,,,,,,,,,,,,,,,,,,
128.97223,28.660158,0.06456939,128.97223,28.660158,0.061683774,,,,,,,,,,,,,,,,,,,,,,,,,,,,,,,,,,,,,,,,,,,,,,,,,,,,,,,,,,,,,128.97223,28.660158,-0.041180737,128.97223,28.660158,0.15314017,,,,,,,,,,,,,,,,,,,,,,,,,,,,,,,,,,,,,,,,,,,,,,,,,,,,,,,,,,,,,,,
128.97223,28.690138,0.063840546,128.97223,28.690138,0.062412612,,,,,,,,,,,,,,,,,,,,,,,,,,,,,,,,,,,,,,,,,,,,,,,,,,,,,,,,,,,,,128.97223,28.690138,-0.27579218,128.97223,28.690138,0.40193102,,,,,,,,,,,,,,,,,,,,,,,,,,,,,,,,,,,,,,,,,,,,,,,,,,,,,,,,,,,,,,,
128.97223,28.720118,0.06477763,128.97223,28.720118,0.061624274,,,,,,,,,,,,,,,,,,,,,,,,,,,,,,,,,,,,,,,,,,,,,,,,,,,,,,,,,,,,,128.97223,28.720118,0.041842002,128.97223,28.720118,0.18857622,,,,,,,,,,,,,,,,,,,,,,,,,,,,,,,,,,,,,,,,,,,,,,,,,,,,,,,,,,,,,,,
128.97223,28.750097,0.06471813,128.97223,28.750097,0.062040754,,,,,,,,,,,,,,,,,,,,,,,,,,,,,,,,,,,,,,,,,,,,,,,,,,,,,,,,,,,,,128.97223,28.750097,0.00841574,128.97223,28.750097,0.2994746,,,,,,,,,,,,,,,,,,,,,,,,,,,,,,,,,,,,,,,,,,,,,,,,,,,,,,,,,,,,,,,
128.97223,28.780075,0.063364565,128.97223,28.780075,0.061683767,,,,,,,,,,,,,,,,,,,,,,,,,,,,,,,,,,,,,,,,,,,,,,,,,,,,,,,,,,,,,128.97223,28.780075,-0.46450555,128.97223,28.780075,0.17869723,,,,,,,,,,,,,,,,,,,,,,,,,,,,,,,,,,,,,,,,,,,,,,,,,,,,,,,,,,,,,,,
128.97223,28.810055,0.064316526,128.97223,28.810055,0.061371412,,,,,,,,,,,,,,,,,,,,,,,,,,,,,,,,,,,,,,,,,,,,,,,,,,,,,,,,,,,,,128.97223,28.810055,-0.1371155,128.97223,28.810055,0.033737343,,,,,,,,,,,,,,,,,,,,,,,,,,,,,,,,,,,,,,,,,,,,,,,,,,,,,,,,,,,,,,,
128.97223,28.840034,0.064212404,128.97223,28.840034,0.06202588,,,,,,,,,,,,,,,,,,,,,,,,,,,,,,,,,,,,,,,,,,,,,,,,,,,,,,,,,,,,,128.97223,28.840034,-0.15374367,128.97223,28.840034,0.2938129,,,,,,,,,,,,,,,,,,,,,,,,,,,,,,,,,,,,,,,,,,,,,,,,,,,,,,,,,,,,,,,
128.97223,28.870014,0.06443552,128.97223,28.870014,0.061401162,,,,,,,,,,,,,,,,,,,,,,,,,,,,,,,,,,,,,,,,,,,,,,,,,,,,,,,,,,,,,128.97223,28.870014,-0.09380449,128.97223,28.870014,0.073631816,,,,,,,,,,,,,,,,,,,,,,,,,,,,,,,,,,,,,,,,,,,,,,,,,,,,,,,,,,,,,,,
128.97223,28.899992,0.0664138,128.97223,28.899992,0.061103676,,,,,,,,,,,,,,,,,,,,,,,,,,,,,,,,,,,,,,,,,,,,,,,,,,,,,,,,,,,,,128.97223,28.899992,0.59800965,128.97223,28.899992,-0.02575526,,,,,,,,,,,,,,,,,,,,,,,,,,,,,,,,,,,,,,,,,,,,,,,,,,,,,,,,,,,,,,,
128.97223,28.929972,0.06326045,128.97223,28.929972,0.060523577,,,,,,,,,,,,,,,,,,,,,,,,,,,,,,,,,,,,,,,,,,,,,,,,,,,,,,,,,,,,,128.97223,28.929972,-0.517334,128.97223,28.929972,-0.22648706,,,,,,,,,,,,,,,,,,,,,,,,,,,,,,,,,,,,,,,,,,,,,,,,,,,,,,,,,,,,,,,
128.97223,28.959951,0.06516436,128.97223,28.959951,0.060568195,,,,,,,,,,,,,,,,,,,,,,,,,,,,,,,,,,,,,,,,,,,,,,,,,,,,,,,,,,,,,128.97223,28.959951,0.15118936,128.97223,28.959951,-0.23990856,,,,,,,,,,,,,,,,,,,,,,,,,,,,,,,,,,,,,,,,,,,,,,,,,,,,,,,,,,,,,,,
128.97223,28.989931,0.065521345,128.97223,28.989931,0.060523577,,,,,,,,,,,,,,,,,,,,,,,,,,,,,,,,,,,,,,,,,,,,,,,,,,,,,,,,,,,,,128.97223,28.989931,0.30958325,128.97223,28.989931,-0.2460636,,,,,,,,,,,,,,,,,,,,,,,,,,,,,,,,,,,,,,,,,,,,,,,,,,,,,,,,,,,,,,,
128.97223,29.01991,0.06522386,128.97223,29.01991,0.062219247,,,,,,,,,,,,,,,,,,,,,,,,,,,,,,,,,,,,,,,,,,,,,,,,,,,,,,,,,,,,,128.97223,29.01991,0.20142269,128.97223,29.01991,0.35422876,,,,,,,,,,,,,,,,,,,,,,,,,,,,,,,,,,,,,,,,,,,,,,,,,,,,,,,,,,,,,,,
128.97223,29.049889,0.064688385,128.97223,29.049889,0.06180277,,,,,,,,,,,,,,,,,,,,,,,,,,,,,,,,,,,,,,,,,,,,,,,,,,,,,,,,,,,,,128.97223,29.049889,0.013124903,128.97223,29.049889,0.19662772,,,,,,,,,,,,,,,,,,,,,,,,,,,,,,,,,,,,,,,,,,,,,,,,,,,,,,,,,,,,,,,
128.97223,29.079868,0.066919535,128.97223,29.079868,0.060910303,,,,,,,,,,,,,,,,,,,,,,,,,,,,,,,,,,,,,,,,,,,,,,,,,,,,,,,,,,,,,128.97223,29.079868,0.761758,128.97223,29.079868,-0.12812982,,,,,,,,,,,,,,,,,,,,,,,,,,,,,,,,,,,,,,,,,,,,,,,,,,,,,,,,,,,,,,,
128.97223,29.109848,0.06506024,128.97223,29.109848,0.060791314,,,,,,,,,,,,,,,,,,,,,,,,,,,,,,,,,,,,,,,,,,,,,,,,,,,,,,,,,,,,,128.97223,29.109848,0.1311961,128.97223,29.109848,-0.13370115,,,,,,,,,,,,,,,,,,,,,,,,,,,,,,,,,,,,,,,,,,,,,,,,,,,,,,,,,,,,,,,
128.97223,29.139828,0.064346276,128.97223,29.139828,0.060672317,,,,,,,,,,,,,,,,,,,,,,,,,,,,,,,,,,,,,,,,,,,,,,,,,,,,,,,,,,,,,128.97223,29.139828,-0.07793547,128.97223,29.139828,-0.19831324,,,,,,,,,,,,,,,,,,,,,,,,,,,,,,,,,,,,,,,,,,,,,,,,,,,,,,,,,,,,,,,
128.97223,29.169806,0.06453964,128.97223,29.169806,0.059422877,,,,,,,,,,,,,,,,,,,,,,,,,,,,,,,,,,,,,,,,,,,,,,,,,,,,,,,,,,,,,128.97223,29.169806,-0.03782349,128.97223,29.169806,-0.58828425,,,,,,,,,,,,,,,,,,,,,,,,,,,,,,,,,,,,,,,,,,,,,,,,,,,,,,,,,,,,,,,
128.97223,29.199785,0.06480738,128.97223,29.199785,0.060359955,,,,,,,,,,,,,,,,,,,,,,,,,,,,,,,,,,,,,,,,,,,,,,,,,,,,,,,,,,,,,128.97223,29.199785,0.021119248,128.97223,29.199785,-0.31047386,,,,,,,,,,,,,,,,,,,,,,,,,,,,,,,,,,,,,,,,,,,,,,,,,,,,,,,,,,,,,,,
128.97223,29.229765,0.06544697,128.97223,29.229765,0.06059795,,,,,,,,,,,,,,,,,,,,,,,,,,,,,,,,,,,,,,,,,,,,,,,,,,,,,,,,,,,,,128.97223,29.229765,0.25980562,128.97223,29.229765,-0.20121372,,,,,,,,,,,,,,,,,,,,,,,,,,,,,,,,,,,,,,,,,,,,,,,,,,,,,,,,,,,,,,,
128.97223,29.259745,0.06395955,128.97223,29.259745,0.06198126,,,,,,,,,,,,,,,,,,,,,,,,,,,,,,,,,,,,,,,,,,,,,,,,,,,,,,,,,,,,,128.97223,29.259745,-0.2515314,128.97223,29.259745,0.2954127,,,,,,,,,,,,,,,,,,,,,,,,,,,,,,,,,,,,,,,,,,,,,,,,,,,,,,,,,,,,,,,
128.97223,29.289722,0.063870296,128.97223,29.289722,0.06094006,,,,,,,,,,,,,,,,,,,,,,,,,,,,,,,,,,,,,,,,,,,,,,,,,,,,,,,,,,,,,128.97223,29.289722,-0.26658714,128.97223,29.289722,-0.088701814,,,,,,,,,,,,,,,,,,,,,,,,,,,,,,,,,,,,,,,,,,,,,,,,,,,,,,,,,,,,,,,
128.97223,29.319702,0.06506024,128.97223,29.319702,0.060984686,,,,,,,,,,,,,,,,,,,,,,,,,,,,,,,,,,,,,,,,,,,,,,,,,,,,,,,,,,,,,128.97223,29.319702,0.15028402,128.97223,29.319702,-0.09684618,,,,,,,,,,,,,,,,,,,,,,,,,,,,,,,,,,,,,,,,,,,,,,,,,,,,,,,,,,,,,,,
128.97223,29.349682,0.065030485,128.97223,29.349682,0.061743267,,,,,,,,,,,,,,,,,,,,,,,,,,,,,,,,,,,,,,,,,,,,,,,,,,,,,,,,,,,,,128.97223,29.349682,0.10580146,128.97223,29.349682,0.19376752,,,,,,,,,,,,,,,,,,,,,,,,,,,,,,,,,,,,,,,,,,,,,,,,,,,,,,,,,,,,,,,
128.97223,29.379662,0.06513461,128.97223,29.379662,0.06149041,,,,,,,,,,,,,,,,,,,,,,,,,,,,,,,,,,,,,,,,,,,,,,,,,,,,,,,,,,,,,128.97223,29.379662,0.16113684,128.97223,29.379662,0.07681354,,,,,,,,,,,,,,,,,,,,,,,,,,,,,,,,,,,,,,,,,,,,,,,,,,,,,,,,,,,,,,,
128.97223,29.40964,0.064257026,128.97223,29.40964,0.06031533,,,,,,,,,,,,,,,,,,,,,,,,,,,,,,,,,,,,,,,,,,,,,,,,,,,,,,,,,,,,,128.97223,29.40964,-0.16940032,128.97223,29.40964,-0.3606966,,,,,,,,,,,,,,,,,,,,,,,,,,,,,,,,,,,,,,,,,,,,,,,,,,,,,,,,,,,,,,,
128.97223,29.43962,0.06500074,128.97223,29.43962,0.06120779,,,,,,,,,,,,,,,,,,,,,,,,,,,,,,,,,,,,,,,,,,,,,,,,,,,,,,,,,,,,,128.97223,29.43962,0.11587066,128.97223,29.43962,0.042520117,,,,,,,,,,,,,,,,,,,,,,,,,,,,,,,,,,,,,,,,,,,,,,,,,,,,,,,,,,,,,,,
128.97223,29.469599,0.06488175,128.97223,29.469599,0.061862264,,,,,,,,,,,,,,,,,,,,,,,,,,,,,,,,,,,,,,,,,,,,,,,,,,,,,,,,,,,,,128.97223,29.469599,0.06897873,128.97223,29.469599,0.26421827,,,,,,,,,,,,,,,,,,,,,,,,,,,,,,,,,,,,,,,,,,,,,,,,,,,,,,,,,,,,,,,
128.97223,29.499578,0.06507512,128.97223,29.499578,0.060092226,,,,,,,,,,,,,,,,,,,,,,,,,,,,,,,,,,,,,,,,,,,,,,,,,,,,,,,,,,,,,128.97223,29.499578,0.14584774,128.97223,29.499578,-0.40940735,,,,,,,,,,,,,,,,,,,,,,,,,,,,,,,,,,,,,,,,,,,,,,,,,,,,,,,,,,,,,,,
128.97223,29.529556,0.06434628,128.97223,29.529556,0.060330212,,,,,,,,,,,,,,,,,,,,,,,,,,,,,,,,,,,,,,,,,,,,,,,,,,,,,,,,,,,,,128.97223,29.529556,-0.14049141,128.97223,29.529556,-0.32734805,,,,,,,,,,,,,,,,,,,,,,,,,,,,,,,,,,,,,,,,,,,,,,,,,,,,,,,,,,,,,,,
128.97223,29.559536,0.064138025,128.97223,29.559536,0.06027072,,,,,,,,,,,,,,,,,,,,,,,,,,,,,,,,,,,,,,,,,,,,,,,,,,,,,,,,,,,,,128.97223,29.559536,-0.1827599,128.97223,29.559536,-0.3136058,,,,,,,,,,,,,,,,,,,,,,,,,,,,,,,,,,,,,,,,,,,,,,,,,,,,,,,,,,,,,,,
128.97223,29.589516,0.06449502,128.97223,29.589516,0.06312658,,,,,,,,,,,,,,,,,,,,,,,,,,,,,,,,,,,,,,,,,,,,,,,,,,,,,,,,,,,,,128.97223,29.589516,-0.063438915,128.97223,29.589516,0.6818516,,,,,,,,,,,,,,,,,,,,,,,,,,,,,,,,,,,,,,,,,,,,,,,,,,,,,,,,,,,,,,,
128.97223,29.619495,0.06455451,128.97223,29.619495,0.06134167,,,,,,,,,,,,,,,,,,,,,,,,,,,,,,,,,,,,,,,,,,,,,,,,,,,,,,,,,,,,,128.97223,29.619495,-0.056910038,128.97223,29.619495,0.03291171,,,,,,,,,,,,,,,,,,,,,,,,,,,,,,,,,,,,,,,,,,,,,,,,,,,,,,,,,,,,,,,
128.97223,29.649473,0.06296296,128.97223,29.649473,0.062323365,,,,,,,,,,,,,,,,,,,,,,,,,,,,,,,,,,,,,,,,,,,,,,,,,,,,,,,,,,,,,128.97223,29.649473,-0.58736855,128.97223,29.649473,0.3986404,,,,,,,,,,,,,,,,,,,,,,,,,,,,,,,,,,,,,,,,,,,,,,,,,,,,,,,,,,,,,,,
128.97223,29.679453,0.06506024,128.97223,29.679453,0.06152015,,,,,,,,,,,,,,,,,,,,,,,,,,,,,,,,,,,,,,,,,,,,,,,,,,,,,,,,,,,,,128.97223,29.679453,0.14062765,128.97223,29.679453,0.10118641,,,,,,,,,,,,,,,,,,,,,,,,,,,,,,,,,,,,,,,,,,,,,,,,,,,,,,,,,,,,,,,
128.97223,29.709433,0.06507513,128.97223,29.709433,0.06080618,,,,,,,,,,,,,,,,,,,,,,,,,,,,,,,,,,,,,,,,,,,,,,,,,,,,,,,,,,,,,128.97223,29.709433,0.13312809,128.97223,29.709433,-0.16174684,,,,,,,,,,,,,,,,,,,,,,,,,,,,,,,,,,,,,,,,,,,,,,,,,,,,,,,,,,,,,,,
128.97223,29.739412,0.066384055,128.97223,29.739412,0.060999554,,,,,,,,,,,,,,,,,,,,,,,,,,,,,,,,,,,,,,,,,,,,,,,,,,,,,,,,,,,,,128.97223,29.739412,0.58903587,128.97223,29.739412,-0.08374748,,,,,,,,,,,,,,,,,,,,,,,,,,,,,,,,,,,,,,,,,,,,,,,,,,,,,,,,,,,,,,,
128.97223,29.76939,0.0654321,128.97223,29.76939,0.060330212,,,,,,,,,,,,,,,,,,,,,,,,,,,,,,,,,,,,,,,,,,,,,,,,,,,,,,,,,,,,,128.97223,29.76939,0.26925337,128.97223,29.76939,-0.33314082,,,,,,,,,,,,,,,,,,,,,,,,,,,,,,,,,,,,,,,,,,,,,,,,,,,,,,,,,,,,,,,
128.97223,29.79937,0.06409341,128.97223,29.79937,0.06065745,,,,,,,,,,,,,,,,,,,,,,,,,,,,,,,,,,,,,,,,,,,,,,,,,,,,,,,,,,,,,128.97223,29.79937,-0.20512867,128.97223,29.79937,-0.18475278,,,,,,,,,,,,,,,,,,,,,,,,,,,,,,,,,,,,,,,,,,,,,,,,,,,,,,,,,,,,,,,
128.97223,29.82935,0.064212404,128.97223,29.82935,0.06177302,,,,,,,,,,,,,,,,,,,,,,,,,,,,,,,,,,,,,,,,,,,,,,,,,,,,,,,,,,,,,128.97223,29.82935,-0.13497171,128.97223,29.82935,0.1920746,,,,,,,,,,,,,,,,,,,,,,,,,,,,,,,,,,,,,,,,,,,,,,,,,,,,,,,,,,,,,,,
128.97223,29.85933,0.06528335,128.97223,29.85933,0.060910303,,,,,,,,,,,,,,,,,,,,,,,,,,,,,,,,,,,,,,,,,,,,,,,,,,,,,,,,,,,,,128.97223,29.85933,0.20246807,128.97223,29.85933,-0.09808283,,,,,,,,,,,,,,,,,,,,,,,,,,,,,,,,,,,,,,,,,,,,,,,,,,,,,,,,,,,,,,,
128.97223,29.889309,0.06561059,128.97223,29.889309,0.06111855,,,,,,,,,,,,,,,,,,,,,,,,,,,,,,,,,,,,,,,,,,,,,,,,,,,,,,,,,,,,,128.97223,29.889309,0.31474188,128.97223,29.889309,-0.027484199,,,,,,,,,,,,,,,,,,,,,,,,,,,,,,,,,,,,,,,,,,,,,,,,,,,,,,,,,,,,,,,
128.97223,29.919287,0.061044175,128.97223,29.919287,0.06213,,,,,,,,,,,,,,,,,,,,,,,,,,,,,,,,,,,,,,,,,,,,,,,,,,,,,,,,,,,,,128.97223,29.919287,-1.2741698,128.97223,29.919287,0.32977122,,,,,,,,,,,,,,,,,,,,,,,,,,,,,,,,,,,,,,,,,,,,,,,,,,,,,,,,,,,,,,,
128.97223,29.949266,0.066235304,128.97223,29.949266,0.060285583,,,,,,,,,,,,,,,,,,,,,,,,,,,,,,,,,,,,,,,,,,,,,,,,,,,,,,,,,,,,,128.97223,29.949266,0.5102923,128.97223,29.949266,-0.32269287,,,,,,,,,,,,,,,,,,,,,,,,,,,,,,,,,,,,,,,,,,,,,,,,,,,,,,,,,,,,,,,
128.97223,29.979246,0.06461401,128.97223,29.979246,0.06230849,,,,,,,,,,,,,,,,,,,,,,,,,,,,,,,,,,,,,,,,,,,,,,,,,,,,,,,,,,,,,128.97223,29.979246,-0.0068877605,128.97223,29.979246,0.34204224,,,,,,,,,,,,,,,,,,,,,,,,,,,,,,,,,,,,,,,,,,,,,,,,,,,,,,,,,,,,,,,
