time,range_raw,copol_raw,time,range_raw,crosspol_raw,time,weather_inside_temperature,time,weather_outside_temperature,time,weather_inside_humidity,time,weather_outside_humidity,time,weather_wind_speed,time,weather_wind_direction,time,weather_barometric_pressure,time,weather_dew_point,time,weather_rain_rate,time,elevation_angle,time,azimuth_angle,time,copol_background,time,crosspol_background,time,telescope_temperature,time,detector_temperature,time,laser_temperature,time,date_yyyyMMdd,time,time_hhmmss,time,year,time,month,time,day,time,hour,time,minute,time,second,time,aod_age_secs,time,latitude,time,longitude,time,altitude,time,laser_energy,time,syncpulse,time,range_raw,copol_snr,time,range_raw,crosspol_snr,time,aeronet_aod,time,sda_aod_totals,time,sda_aod_fines,time,sda_aod_coarses,time,sda_ae_totals,time,sda_ae_fines,time,sda_dae_totals,time,sda_dae_fines,time,range_nrb,copol_nrb,time,range_nrb,crosspol_nrb,time,range_radiometer,radiometer_temperature,time,range_radiometer,radiometer_vaporDensity,time,range_radiometer,radiometer_liquid,time,range_radiometer,radiometer_relativeHumidity,time,number_of_clouds,number_of_cloud_outlines,clouds,time,number_of_clouds,pbls,time,range_vbp,extinction_coefficient,time,range_vbp,mass_concentration,time,range_vbp,VBP,time,range_nrb,depolarization_ratio,time,range_nrb,particle_type,time,number_of_particle_type,particle_type_mapping,time,lidar_ratio,time,aod
131.5243,0.029979246,23.64144,131.5243,0.029979246,17.746347,131.5243,30.197533,131.5243,29.635803,131.5243,24.0,131.5243,72.55556,131.5243,1.609344,131.5243,291.77777,131.5243,967.40405,131.5243,24.176308,131.5243,0.0,131.5243,0.0,131.5243,0.0,131.5243,0.00055833464,131.5243,0.00053907634,131.5243,25.468887,131.5243,25.942223,131.5243,25.693335,131.5243,20240510,131.5243,123500,131.5243,2024.0,131.5243,5.0,131.5243,10.0,131.5243,12.0,131.5243,35.0,131.5243,0.0,131.5243,-1.0,131.5243,-999.0,131.5243,-999.0,131.5243,-999.0,131.5243,3.932111,131.5243,2500.0,131.5243,0.029979246,89509.805,131.5243,0.029979246,67495.984,131.5243,,131.5243,,131.5243,,131.5243,,131.5243,,131.5243,,131.5243,,131.5243,,131.5243,0.11991698,0.28002548,131.5243,0.11991698,0.013749131,,,,,,,,,,,,,131.5243,0.0,0.0,,131.5243,0.0,3.057883,131.5243,0.11991698,0.07365259,131.5243,0.11991698,27.82407,131.5243,0.11991698,0.0024550864,131.5243,0.11991698,0.046792984,131.5243,0.11991698,5.0,131.5243,0.0,WaterCloud,131.5243,30.0,131.5243,
131.5243,0.05995849,11.129497,131.5243,0.05995849,1.0093856,,,,,,,,,,,,,,,,,,,,,,,,,,,,,,,,,,,,,,,,,,,,,,,,,,,,,,,,,,,,,131.5243,0.05995849,42139.074,131.5243,0.05995849,3835.316,,,,,,,,,,,,,,,,,131.5243,0.14989623,0.27437788,131.5243,0.14989623,0.013208254,,,,,,,,,,,,,131.5243,0.0,1.0,,131.5243,1.0,,131.5243,0.14989623,0.07199129,131.5243,0.14989623,27.816763,131.5243,0.14989623,0.002399709,131.5243,0.14989623,0.045930266,131.5243,0.14989623,5.0,131.5243,1.0,MixedCloud,,,,
131.5243,0.08993774,10.288339,131.5243,0.08993774,0.71616834,,,,,,,,,,,,,,,,,,,,,,,,,,,,,,,,,,,,,,,,,,,,,,,,,,,,,,,,,,,,,131.5243,0.08993774,38960.527,131.5243,0.08993774,2722.2224,,,,,,,,,,,,,,,,,131.5243,0.17987548,0.2699511,131.5243,0.17987548,0.012456123,,,,,,,,,,,,,131.5243,0.0,2.0,,131.5243,2.0,,131.5243,0.17987548,0.070820816,131.5243,0.17987548,27.811613,131.5243,0.17987548,0.0023606936,131.5243,0.17987548,0.0441088,131.5243,0.17987548,5.0,131.5243,2.0,Ice/dust/ash,,,,
131.5243,0.11991698,9.598171,131.5243,0.11991698,0.57697463,,,,,,,,,,,,,,,,,,,,,,,,,,,,,,,,,,,,,,,,,,,,,,,,,,,,,,,,,,,,,131.5243,0.11991698,36342.42,131.5243,0.11991698,2195.283,,,,,,,,,,,,,,,,,131.5243,0.20985472,0.2655287,131.5243,0.20985472,0.011848892,,,,,,,,,,,,,131.5243,1.0,0.0,,131.5243,3.0,,131.5243,0.20985472,0.06963053,131.5243,0.20985472,27.806374,131.5243,0.20985472,0.002321018,131.5243,0.20985472,0.042727605,131.5243,0.20985472,5.0,131.5243,3.0,Rain/Dust,,,,
131.5243,0.14989623,9.031369,131.5243,0.14989623,0.4953146,,,,,,,,,,,,,,,,,,,,,,,,,,,,,,,,,,,,,,,,,,,,,,,,,,,,,,,,,,,,,131.5243,0.14989623,34199.49,131.5243,0.14989623,1883.9088,,,,,,,,,,,,,,,,,131.5243,0.23983397,0.25150135,131.5243,0.23983397,0.010585748,,,,,,,,,,,,,131.5243,1.0,1.0,,131.5243,4.0,,131.5243,0.23983397,0.064166576,131.5243,0.23983397,27.782331,131.5243,0.23983397,0.002138886,131.5243,0.23983397,0.040355712,131.5243,0.23983397,5.0,131.5243,4.0,Molecular,,,,
131.5243,0.17987548,8.524275,131.5243,0.17987548,0.4297337,,,,,,,,,,,,,,,,,,,,,,,,,,,,,,,,,,,,,,,,,,,,,,,,,,,,,,,,,,,,,131.5243,0.17987548,32280.867,131.5243,0.17987548,1632.1256,,,,,,,,,,,,,,,,,131.5243,0.2698132,0.2414611,131.5243,0.2698132,0.00974426,,,,,,,,,,,,,131.5243,1.0,2.0,,131.5243,5.0,,131.5243,0.2698132,0.06034614,131.5243,0.2698132,27.765524,131.5243,0.2698132,0.002011538,131.5243,0.2698132,0.038731158,131.5243,0.2698132,5.0,131.5243,5.0,CleanAerosol,,,,
131.5243,0.20985472,8.014414,131.5243,0.20985472,0.38133273,,,,,,,,,,,,,,,,,,,,,,,,,,,,,,,,,,,,,,,,,,,,,,,,,,,,,,,,,,,,,131.5243,0.20985472,30347.008,131.5243,0.20985472,1448.6283,,,,,,,,,,,,,,,,,131.5243,0.29979247,0.23438975,131.5243,0.29979247,0.009232852,,,,,,,,,,,,,131.5243,2.0,0.0,,131.5243,6.0,,131.5243,0.29979247,0.057844058,131.5243,0.29979247,27.754515,131.5243,0.29979247,0.0019281353,131.5243,0.29979247,0.037788164,131.5243,0.29979247,5.0,131.5243,6.0,PollutedAerosol,,,,
131.5243,0.23983397,7.229749,131.5243,0.23983397,0.32073477,,,,,,,,,,,,,,,,,,,,,,,,,,,,,,,,,,,,,,,,,,,,,,,,,,,,,,,,,,,,,131.5243,0.23983397,27366.633,131.5243,0.23983397,1220.9138,,,,,,,,,,,,,,,,,131.5243,0.3297717,0.23227239,131.5243,0.3297717,0.008944855,,,,,,,,,,,,,131.5243,2.0,1.0,,131.5243,7.0,,131.5243,0.3297717,0.057490647,131.5243,0.3297717,27.75296,131.5243,0.3297717,0.001916355,131.5243,0.3297717,0.037020985,131.5243,0.3297717,5.0,131.5243,7.0,Undetected,,,,
131.5243,0.2698132,6.479861,131.5243,0.2698132,0.27350885,,,,,,,,,,,,,,,,,,,,,,,,,,,,,,,,,,,,,,,,,,,,,,,,,,,,,,,,,,,,,131.5243,0.2698132,24534.219,131.5243,0.2698132,1041.6274,,,,,,,,,,,,,,,,,131.5243,0.35975096,0.22978547,131.5243,0.35975096,0.008563272,,,,,,,,,,,,,131.5243,2.0,2.0,,131.5243,8.0,,131.5243,0.35975096,0.05697631,131.5243,0.35975096,27.750694,131.5243,0.35975096,0.0018992105,131.5243,0.35975096,0.03592487,131.5243,0.35975096,5.0,,,,,,,
131.5243,0.29979247,5.8438497,131.5243,0.29979247,0.23959541,,,,,,,,,,,,,,,,,,,,,,,,,,,,,,,,,,,,,,,,,,,,,,,,,,,,,,,,,,,,,131.5243,0.29979247,22134.219,131.5243,0.29979247,912.9554,,,,,,,,,,,,,,,,,131.5243,0.3897302,0.2284538,131.5243,0.3897302,0.008222754,,,,,,,,,,,,,131.5243,3.0,0.0,,131.5243,9.0,,131.5243,0.3897302,0.05691429,131.5243,0.3897302,27.750423,131.5243,0.3897302,0.001897143,131.5243,0.3897302,0.034733277,131.5243,0.3897302,5.0,,,,,,,
131.5243,0.3297717,5.310709,131.5243,0.3297717,0.21210769,,,,,,,,,,,,,,,,,,,,,,,,,,,,,,,,,,,,,,,,,,,,,,,,,,,,,,,,,,,,,131.5243,0.3297717,20123.865,131.5243,0.3297717,806.8442,,,,,,,,,,,,,,,,,131.5243,0.41970944,0.23171796,131.5243,0.41970944,0.008339474,,,,,,,,,,,,,131.5243,3.0,1.0,,,,,131.5243,0.41970944,0.058912974,131.5243,0.41970944,27.759218,131.5243,0.41970944,0.0019637656,131.5243,0.41970944,0.03471811,131.5243,0.41970944,5.0,,,,,,,
131.5243,0.35975096,4.739313,131.5243,0.35975096,0.18322176,,,,,,,,,,,,,,,,,,,,,,,,,,,,,,,,,,,,,,,,,,,,,,,,,,,,,,,,,,,,,131.5243,0.35975096,17951.602,131.5243,0.35975096,696.14105,,,,,,,,,,,,,,,,,131.5243,0.4496887,0.23714179,131.5243,0.4496887,0.008394443,,,,,,,,,,,,,131.5243,3.0,2.0,,,,,131.5243,0.4496887,0.061910316,131.5243,0.4496887,27.772404,131.5243,0.4496887,0.0020636774,131.5243,0.4496887,0.034201972,131.5243,0.4496887,5.0,,,,,,,
131.5243,0.3897302,4.261966,131.5243,0.3897302,0.15955675,,,,,,,,,,,,,,,,,,,,,,,,,,,,,,,,,,,,,,,,,,,,,,,,,,,,,,,,,,,,,131.5243,0.3897302,16141.052,131.5243,0.3897302,604.65857,,,,,,,,,,,,,,,,,131.5243,0.47966793,0.24251021,131.5243,0.47966793,0.00841901,,,,,,,,,,,,,131.5243,4.0,0.0,,,,,131.5243,0.47966793,0.06493974,131.5243,0.47966793,27.785734,131.5243,0.47966793,0.002164658,131.5243,0.47966793,0.03355242,131.5243,0.47966793,5.0,,,,,,,
131.5243,0.41970944,3.9003127,131.5243,0.41970944,0.14581288,,,,,,,,,,,,,,,,,,,,,,,,,,,,,,,,,,,,,,,,,,,,,,,,,,,,,,,,,,,,,131.5243,0.41970944,14774.734,131.5243,0.41970944,554.02234,,,,,,,,,,,,,,,,,131.5243,0.5096472,0.24878137,131.5243,0.5096472,0.008450618,,,,,,,,,,,,,131.5243,4.0,1.0,,,,,131.5243,0.5096472,0.068402514,131.5243,0.5096472,27.800972,131.5243,0.5096472,0.0022800837,131.5243,0.5096472,0.03285513,131.5243,0.5096472,5.0,,,,,,,
131.5243,0.44968867,3.577882,131.5243,0.44968867,0.13193515,,,,,,,,,,,,,,,,,,,,,,,,,,,,,,,,,,,,,,,,,,,,,,,,,,,,,,,,,,,,,131.5243,0.44968867,13553.66,131.5243,0.44968867,500.55582,,,,,,,,,,,,,,,,,131.5243,0.5396264,0.25575578,131.5243,0.5396264,0.00862067,,,,,,,,,,,,,131.5243,4.0,2.0,,,,,131.5243,0.5396264,0.07223569,131.5243,0.5396264,27.817837,131.5243,0.5396264,0.0024078565,131.5243,0.5396264,0.032606315,131.5243,0.5396264,5.0,,,,,,,
131.5243,0.47966793,3.2987509,131.5243,0.47966793,0.119366355,,,,,,,,,,,,,,,,,,,,,,,,,,,,,,,,,,,,,,,,,,,,,,,,,,,,,,,,,,,,,131.5243,0.47966793,12495.007,131.5243,0.47966793,452.1333,,,,,,,,,,,,,,,,,131.5243,0.56960565,0.26024678,131.5243,0.56960565,0.0085906405,,,,,,,,,,,,,131.5243,5.0,0.0,,,,,131.5243,0.56960565,0.074958175,131.5243,0.56960565,27.829817,131.5243,0.56960565,0.0024986055,131.5243,0.56960565,0.03193619,131.5243,0.56960565,5.0,,,,,,,
131.5243,0.5096472,3.0327978,131.5243,0.5096472,0.107734635,,,,,,,,,,,,,,,,,,,,,,,,,,,,,,,,,,,,,,,,,,,,,,,,,,,,,,,,,,,,,131.5243,0.5096472,11483.622,131.5243,0.5096472,407.3227,,,,,,,,,,,,,,,,,131.5243,0.59958494,0.2626758,131.5243,0.59958494,0.008868469,,,,,,,,,,,,,131.5243,5.0,1.0,,,,,131.5243,0.59958494,0.07683854,131.5243,0.59958494,27.838089,131.5243,0.59958494,0.0025612847,131.5243,0.59958494,0.032650523,131.5243,0.59958494,5.0,,,,,,,
131.5243,0.5396264,2.808612,131.5243,0.5396264,0.099241406,,,,,,,,,,,,,,,,,,,,,,,,,,,,,,,,,,,,,,,,,,,,,,,,,,,,,,,,,,,,,131.5243,0.5396264,10634.461,131.5243,0.5396264,374.9781,,,,,,,,,,,,,,,,,131.5243,0.62956417,0.26601568,131.5243,0.62956417,0.008923341,,,,,,,,,,,,,131.5243,5.0,2.0,,,,,131.5243,0.62956417,0.079143494,131.5243,0.62956417,27.848232,131.5243,0.62956417,0.0026381165,131.5243,0.62956417,0.03245307,131.5243,0.62956417,5.0,,,,,,,
131.5243,0.56960565,2.5944817,131.5243,0.56960565,0.089840844,,,,,,,,,,,,,,,,,,,,,,,,,,,,,,,,,,,,,,,,,,,,,,,,,,,,,,,,,,,,,131.5243,0.56960565,9826.145,131.5243,0.56960565,338.94156,,,,,,,,,,,,,,,,,131.5243,0.6595434,0.26343712,131.5243,0.6595434,0.00870805,,,,,,,,,,,,,131.5243,6.0,0.0,,,,,131.5243,0.6595434,0.07880244,131.5243,0.6595434,27.846733,131.5243,0.6595434,0.002626748,131.5243,0.6595434,0.03197588,131.5243,0.6595434,5.0,,,,,,,
131.5243,0.59958494,2.3811543,131.5243,0.59958494,0.08463483,,,,,,,,,,,,,,,,,,,,,,,,,,,,,,,,,,,,,,,,,,,,,,,,,,,,,,,,,,,,,131.5243,0.59958494,9014.927,131.5243,0.59958494,319.21448,,,,,,,,,,,,,,,,,131.5243,0.6895227,0.26111367,131.5243,0.6895227,0.008279777,,,,,,,,,,,,,131.5243,6.0,1.0,,,,,131.5243,0.6895227,0.07848574,131.5243,0.6895227,27.845339,131.5243,0.6895227,0.002616191,131.5243,0.6895227,0.030728536,131.5243,0.6895227,5.0,,,,,,,
131.5243,0.62956417,2.1992862,131.5243,0.62956417,0.077867016,,,,,,,,,,,,,,,,,,,,,,,,,,,,,,,,,,,,,,,,,,,,,,,,,,,,,,,,,,,,,131.5243,0.62956417,8326.786,131.5243,0.62956417,293.7523,,,,,,,,,,,,,,,,,131.5243,0.7195019,0.25920793,131.5243,0.7195019,0.008488368,,,,,,,,,,,,,131.5243,6.0,2.0,,,,,131.5243,0.7195019,0.07836928,131.5243,0.7195019,27.844826,131.5243,0.7195019,0.0026123093,131.5243,0.7195019,0.031688325,131.5243,0.7195019,5.0,,,,,,,
131.5243,0.6595434,2.005414,131.5243,0.6595434,0.07028112,,,,,,,,,,,,,,,,,,,,,,,,,,,,,,,,,,,,,,,,,,,,,,,,,,,,,,,,,,,,,131.5243,0.6595434,7587.3384,131.5243,0.6595434,264.35587,,,,,,,,,,,,,,,,,131.5243,0.74948114,0.2561039,131.5243,0.74948114,0.008137703,,,,,,,,,,,,,131.5243,7.0,0.0,,,,,131.5243,0.74948114,0.077622965,131.5243,0.74948114,27.841541,131.5243,0.74948114,0.0025874323,131.5243,0.74948114,0.030748814,131.5243,0.74948114,5.0,,,,,,,
131.5243,0.6895226,1.8303138,131.5243,0.6895226,0.06198126,,,,,,,,,,,,,,,,,,,,,,,,,,,,,,,,,,,,,,,,,,,,,,,,,,,,,,,,,,,,,131.5243,0.6895226,6923.2075,131.5243,0.6895226,233.69246,,,,,,,,,,,,,,,,,131.5243,0.7794604,0.25160584,131.5243,0.7794604,0.0077831713,,,,,,,,,,,,,131.5243,7.0,1.0,,,,,131.5243,0.7794604,0.076299794,131.5243,0.7794604,27.835718,131.5243,0.7794604,0.0025433265,131.5243,0.7794604,0.029981729,131.5243,0.7794604,5.0,,,,,,,
131.5243,0.7195019,1.677629,131.5243,0.7195019,0.058619663,,,,,,,,,,,,,,,,,,,,,,,,,,,,,,,,,,,,,,,,,,,,,,,,,,,,,,,,,,,,,131.5243,0.7195019,6347.855,131.5243,0.7195019,220.38329,,,,,,,,,,,,,,,,,131.5243,0.80943966,0.24776834,131.5243,0.80943966,0.0075597498,,,,,,,,,,,,,131.5243,7.0,2.0,,,,,131.5243,0.80943966,0.07520853,131.5243,0.80943966,27.830917,131.5243,0.80943966,0.0025069516,131.5243,0.80943966,0.029597504,131.5243,0.80943966,5.0,,,,,,,
131.5243,0.74948114,1.5308493,131.5243,0.74948114,0.052327827,,,,,,,,,,,,,,,,,,,,,,,,,,,,,,,,,,,,,,,,,,,,,,,,,,,,,,,,,,,,,131.5243,0.74948114,5795.3496,131.5243,0.74948114,196.77133,,,,,,,,,,,,,,,,,131.5243,0.8394189,0.24429049,131.5243,0.8394189,0.00769394,,,,,,,,,,,,,131.5243,8.0,0.0,,,,,131.5243,0.8394189,0.07425396,131.5243,0.8394189,27.826717,131.5243,0.8394189,0.0024751322,131.5243,0.8394189,0.030528132,131.5243,0.8394189,5.0,,,,,,,
131.5243,0.7794604,1.4047003,131.5243,0.7794604,0.047106948,,,,,,,,,,,,,,,,,,,,,,,,,,,,,,,,,,,,,,,,,,,,,,,,,,,,,,,,,,,,,131.5243,0.7794604,5316.908,131.5243,0.7794604,176.70067,,,,,,,,,,,,,,,,,131.5243,0.8693981,0.24503893,131.5243,0.8693981,0.007415966,,,,,,,,,,,,,131.5243,8.0,1.0,,,,,131.5243,0.8693981,0.075367086,131.5243,0.8693981,27.831617,131.5243,0.8693981,0.0025122361,131.5243,0.8693981,0.029378941,131.5243,0.8693981,5.0,,,,,,,
131.5243,0.80943966,1.2987654,131.5243,0.80943966,0.04315038,,,,,,,,,,,,,,,,,,,,,,,,,,,,,,,,,,,,,,,,,,,,,,,,,,,,,,,,,,,,,131.5243,0.80943966,4915.787,131.5243,0.80943966,161.7812,,,,,,,,,,,,,,,,,131.5243,0.8993774,0.24776949,131.5243,0.8993774,0.0074258465,,,,,,,,,,,,,131.5243,8.0,2.0,,,,,131.5243,0.8993774,0.07743932,131.5243,0.8993774,27.840736,131.5243,0.8993774,0.002581311,131.5243,0.8993774,0.029096855,131.5243,0.8993774,5.0,,,,,,,
131.5243,0.8394189,1.1974416,131.5243,0.8394189,0.041082848,,,,,,,,,,,,,,,,,,,,,,,,,,,,,,,,,,,,,,,,,,,,,,,,,,,,,,,,,,,,,131.5243,0.8394189,4532.6514,131.5243,0.8394189,154.1426,,,,,,,,,,,,,,,,,131.5243,0.92935663,0.24700505,131.5243,0.92935663,0.007661057,,,,,,,,,,,,,131.5243,9.0,0.0,,,,,131.5243,0.92935663,0.07778198,131.5243,0.92935663,27.842241,131.5243,0.92935663,0.002592733,131.5243,0.92935663,0.030087458,131.5243,0.92935663,5.0,,,,,,,
131.5243,0.8693981,1.1302098,131.5243,0.8693981,0.03754276,,,,,,,,,,,,,,,,,,,,,,,,,,,,,,,,,,,,,,,,,,,,,,,,,,,,,,,,,,,,,131.5243,0.8693981,4276.631,131.5243,0.8693981,140.46227,,,,,,,,,,,,,,,,,131.5243,0.95933586,0.24674225,131.5243,0.95933586,0.0074497503,,,,,,,,,,,,,131.5243,9.0,1.0,,,,,131.5243,0.95933586,0.07839705,131.5243,0.95933586,27.844948,131.5243,0.95933586,0.0026132348,131.5243,0.95933586,0.029326329,131.5243,0.95933586,5.0,,,,,,,
131.5243,0.89937735,1.0674996,131.5243,0.89937735,0.035237245,,,,,,,,,,,,,,,,,,,,,,,,,,,,,,,,,,,,,,,,,,,,,,,,,,,,,,,,,,,,,131.5243,0.89937735,4039.177,131.5243,0.89937735,131.79874,,,,,,,,,,,,,,,,,131.5243,0.98931515,0.24557482,131.5243,0.98931515,0.0077350223,,,,,,,,,,,,,131.5243,9.0,2.0,,,,,131.5243,0.98931515,0.0786188,131.5243,0.98931515,27.845924,131.5243,0.98931515,0.002620627,131.5243,0.98931515,0.030521592,131.5243,0.98931515,5.0,,,,,,,
131.5243,0.92935663,1.0018593,131.5243,0.92935663,0.034344785,,,,,,,,,,,,,,,,,,,,,,,,,,,,,,,,,,,,,,,,,,,,,,,,,,,,,,,,,,,,,131.5243,0.92935663,3793.2783,131.5243,0.92935663,128.74799,,,,,,,,,,,,,,,,,131.5243,1.0192944,0.24301736,131.5243,1.0192944,0.0069877068,,,,,,,,,,,,,,,,,,,,131.5243,1.0192944,0.078153096,131.5243,1.0192944,27.843876,131.5243,1.0192944,0.0026051032,131.5243,1.0192944,0.027927143,131.5243,1.0192944,5.0,,,,,,,
131.5243,0.95933586,0.9462888,131.5243,0.95933586,0.031682283,,,,,,,,,,,,,,,,,,,,,,,,,,,,,,,,,,,,,,,,,,,,,,,,,,,,,,,,,,,,,131.5243,0.95933586,3581.9875,131.5243,0.95933586,118.35184,,,,,,,,,,,,,,,,,131.5243,1.0492736,0.2369473,131.5243,1.0492736,0.0067926976,,,,,,,,,,,,,,,,,,,,131.5243,1.0492736,0.075934745,131.5243,1.0492736,27.834114,131.5243,1.0492736,0.0025311587,131.5243,1.0492736,0.027860284,131.5243,1.0492736,5.0,,,,,,,
131.5243,0.9893151,0.8861967,131.5243,0.9893151,0.030983193,,,,,,,,,,,,,,,,,,,,,,,,,,,,,,,,,,,,,,,,,,,,,,,,,,,,,,,,,,,,,131.5243,0.9893151,3353.1946,131.5243,0.9893151,115.60226,,,,,,,,,,,,,,,,,131.5243,1.0792528,0.23219435,131.5243,1.0792528,0.006302871,,,,,,,,,,,,,,,,,,,,131.5243,1.0792528,0.074301116,131.5243,1.0792528,27.826923,131.5243,1.0792528,0.0024767038,131.5243,1.0792528,0.02641393,131.5243,1.0792528,5.0,,,,,,,
131.5243,1.0192944,0.8361148,131.5243,1.0192944,0.026922505,,,,,,,,,,,,,,,,,,,,,,,,,,,,,,,,,,,,,,,,,,,,,,,,,,,,,,,,,,,,,131.5243,1.0192944,3164.2327,131.5243,1.0192944,100.40954,,,,,,,,,,,,,,,,,131.5243,1.1092321,0.22824094,131.5243,1.1092321,0.0060347607,,,,,,,,,,,,,,,,,,,,131.5243,1.1092321,0.07304552,131.5243,1.1092321,27.821404,131.5243,1.1092321,0.0024348507,131.5243,1.1092321,0.02576211,131.5243,1.1092321,5.0,,,,,,,
131.5243,1.0492736,0.7749517,131.5243,1.0492736,0.025152462,,,,,,,,,,,,,,,,,,,,,,,,,,,,,,,,,,,,,,,,,,,,,,,,,,,,,,,,,,,,,131.5243,1.0492736,2932.0222,131.5243,1.0492736,93.675285,,,,,,,,,,,,,,,,,131.5243,1.1392113,0.22247283,131.5243,1.1392113,0.00590212,,,,,,,,,,,,,,,,,,,,131.5243,1.1392113,0.070843235,131.5243,1.1392113,27.81171,131.5243,1.1392113,0.0023614413,131.5243,1.1392113,0.025821904,131.5243,1.1392113,5.0,,,,,,,
131.5243,1.0792528,0.71750706,131.5243,1.0792528,0.02243046,,,,,,,,,,,,,,,,,,,,,,,,,,,,,,,,,,,,,,,,,,,,,,,,,,,,,,,,,,,,,131.5243,1.0792528,2715.2908,131.5243,1.0792528,83.37613,,,,,,,,,,,,,,,,,131.5243,1.1691906,0.21805125,131.5243,1.1691906,0.005411259,,,,,,,,,,,,,,,,,,,,131.5243,1.1691906,0.06928694,131.5243,1.1691906,27.804863,131.5243,1.1691906,0.0023095647,131.5243,1.1691906,0.024224086,131.5243,1.1691906,5.0,,,,,,,
131.5243,1.1092321,0.6727056,131.5243,1.1092321,0.02063067,,,,,,,,,,,,,,,,,,,,,,,,,,,,,,,,,,,,,,,,,,,,,,,,,,,,,,,,,,,,,131.5243,1.1092321,2545.4956,131.5243,1.1092321,76.38684,,,,,,,,,,,,,,,,,131.5243,1.1991699,0.21178907,131.5243,1.1991699,0.005664225,,,,,,,,,,,,,,,,,,,,131.5243,1.1991699,0.06673008,131.5243,1.1991699,27.793613,131.5243,1.1991699,0.0022243364,131.5243,1.1991699,0.026045438,131.5243,1.1991699,5.0,,,,,,,
131.5243,1.1392113,0.6234271,131.5243,1.1392113,0.019410975,,,,,,,,,,,,,,,,,,,,,,,,,,,,,,,,,,,,,,,,,,,,,,,,,,,,,,,,,,,,,131.5243,1.1392113,2359.479,131.5243,1.1392113,71.45232,,,,,,,,,,,,,,,,,131.5243,1.2291491,0.2056657,131.5243,1.2291491,0.0051307436,,,,,,,,,,,,,,,,,,,,131.5243,1.2291491,0.06423026,131.5243,1.2291491,27.782616,131.5243,1.2291491,0.002141009,131.5243,1.2291491,0.02434128,131.5243,1.2291491,5.0,,,,,,,
131.5243,1.1691905,0.580946,131.5243,1.1691905,0.017135207,,,,,,,,,,,,,,,,,,,,,,,,,,,,,,,,,,,,,,,,,,,,,,,,,,,,,,,,,,,,,131.5243,1.1691905,2197.6416,131.5243,1.1691905,63.279488,,,,,,,,,,,,,,,,,131.5243,1.2591283,0.20102072,131.5243,1.2591283,0.0048278924,,,,,,,,,,,,,,,,,,,,131.5243,1.2591283,0.062378388,131.5243,1.2591283,27.774466,131.5243,1.2591283,0.0020792799,131.5243,1.2591283,0.023458976,131.5243,1.2591283,5.0,,,,,,,
131.5243,1.1991699,0.54158854,131.5243,1.1991699,0.017045962,,,,,,,,,,,,,,,,,,,,,,,,,,,,,,,,,,,,,,,,,,,,,,,,,,,,,,,,,,,,,131.5243,1.1991699,2048.8818,131.5243,1.1991699,62.723225,,,,,,,,,,,,,,,,,131.5243,1.2891076,0.20102452,131.5243,1.2891076,0.0047599194,,,,,,,,,,,,,,,,,,,,131.5243,1.2891076,0.06296718,131.5243,1.2891076,27.777054,131.5243,1.2891076,0.002098906,131.5243,1.2891076,0.023136444,131.5243,1.2891076,5.0,,,,,,,
131.5243,1.2291491,0.49817044,131.5243,1.2291491,0.015023055,,,,,,,,,,,,,,,,,,,,,,,,,,,,,,,,,,,,,,,,,,,,,,,,,,,,,,,,,,,,,131.5243,1.2291491,1883.6666,131.5243,1.2291491,54.871822,,,,,,,,,,,,,,,,,131.5243,1.3190868,0.20449035,131.5243,1.3190868,0.0047973157,,,,,,,,,,,,,,,,,,,,131.5243,1.3190868,0.0653045,131.5243,1.3190868,27.78734,131.5243,1.3190868,0.002176817,131.5243,1.3190868,0.022899121,131.5243,1.3190868,5.0,,,,,,,
131.5243,1.2591283,0.46892753,131.5243,1.2591283,0.013877733,,,,,,,,,,,,,,,,,,,,,,,,,,,,,,,,,,,,,,,,,,,,,,,,,,,,,,,,,,,,,131.5243,1.2591283,1774.416,131.5243,1.2591283,50.71301,,,,,,,,,,,,,,,,,131.5243,1.349066,0.21153478,131.5243,1.349066,0.0053579938,,,,,,,,,,,,,,,,,,,,131.5243,1.349066,0.06952373,131.5243,1.349066,27.805904,131.5243,1.349066,0.0023174577,131.5243,1.349066,0.024678806,131.5243,1.349066,5.0,,,,,,,
131.5243,1.2891076,0.44871336,131.5243,1.2891076,0.013119143,,,,,,,,,,,,,,,,,,,,,,,,,,,,,,,,,,,,,,,,,,,,,,,,,,,,,,,,,,,,,131.5243,1.2891076,1697.0344,131.5243,1.2891076,47.946465,,,,,,,,,,,,,,,,,131.5243,1.3790454,0.22369045,131.5243,1.3790454,0.005489742,,,,,,,,,,,,,,,,,,,,131.5243,1.3790454,0.07653779,131.5243,1.3790454,27.836767,131.5243,1.3790454,0.0025512597,131.5243,1.3790454,0.023944015,131.5243,1.3790454,5.0,,,,,,,
131.5243,1.3190868,0.4365908,131.5243,1.3190868,0.012851406,,,,,,,,,,,,,,,,,,,,,,,,,,,,,,,,,,,,,,,,,,,,,,,,,,,,,,,,,,,,,131.5243,1.3190868,1651.0333,131.5243,1.3190868,46.706753,,,,,,,,,,,,,,,,,131.5243,1.4090246,0.23166865,131.5243,1.4090246,0.0061591333,,,,,,,,,,,,,,,,,,,,131.5243,1.4090246,0.08140959,131.5243,1.4090246,27.858202,131.5243,1.4090246,0.002713653,131.5243,1.4090246,0.025881177,131.5243,1.4090246,5.0,,,,,,,
131.5243,1.349066,0.43355647,131.5243,1.349066,0.013372006,,,,,,,,,,,,,,,,,,,,,,,,,,,,,,,,,,,,,,,,,,,,,,,,,,,,,,,,,,,,,131.5243,1.349066,1640.1237,131.5243,1.349066,48.954937,,,,,,,,,,,,,,,,,131.5243,1.4390038,0.2433849,131.5243,1.4390038,0.006328934,,,,,,,,,,,,,,,,,,,,131.5243,1.4390038,0.088409,131.5243,1.4390038,27.889,131.5243,1.4390038,0.0029469668,131.5243,1.4390038,0.025294363,131.5243,1.4390038,5.0,,,,,,,
131.5243,1.3790452,0.44118696,131.5243,1.3790452,0.0132381385,,,,,,,,,,,,,,,,,,,,,,,,,,,,,,,,,,,,,,,,,,,,,,,,,,,,,,,,,,,,,131.5243,1.3790452,1669.1284,131.5243,1.3790452,48.389137,,,,,,,,,,,,,,,,,131.5243,1.468983,0.25340068,131.5243,1.468983,0.00656435,,,,,,,,,,,,,,,,,,,,131.5243,1.468983,0.094645314,131.5243,1.468983,27.916441,131.5243,1.468983,0.003154844,131.5243,1.468983,0.02525501,131.5243,1.468983,5.0,,,,,,,
131.5243,1.4090246,0.43810797,131.5243,1.4090246,0.013952104,,,,,,,,,,,,,,,,,,,,,,,,,,,,,,,,,,,,,,,,,,,,,,,,,,,,,,,,,,,,,131.5243,1.4090246,1656.9226,131.5243,1.4090246,50.978165,,,,,,,,,,,,,,,,,131.5243,1.4989623,0.25948578,131.5243,1.4989623,0.006906483,,,,,,,,,,,,,,,,,,,,131.5243,1.4989623,0.098929234,131.5243,1.4989623,27.935287,131.5243,1.4989623,0.003297641,131.5243,1.4989623,0.025922364,131.5243,1.4989623,5.0,,,,,,,
131.5243,1.4390038,0.44362637,131.5243,1.4390038,0.013966979,,,,,,,,,,,,,,,,,,,,,,,,,,,,,,,,,,,,,,,,,,,,,,,,,,,,,,,,,,,,,131.5243,1.4390038,1677.0151,131.5243,1.4390038,51.235603,,,,,,,,,,,,,,,,,131.5243,1.5289415,0.26194003,131.5243,1.5289415,0.0066893045,,,,,,,,,,,,,,,,,,,,131.5243,1.5289415,0.101257436,131.5243,1.5289415,27.945534,131.5243,1.5289415,0.0033752476,131.5243,1.5289415,0.02489306,131.5243,1.5289415,5.0,,,,,,,
131.5243,1.468983,0.43883684,131.5243,1.468983,0.013684367,,,,,,,,,,,,,,,,,,,,,,,,,,,,,,,,,,,,,,,,,,,,,,,,,,,,,,,,,,,,,131.5243,1.468983,1660.0099,131.5243,1.468983,50.06192,,,,,,,,,,,,,,,,,131.5243,1.5589207,0.26138198,131.5243,1.5589207,0.007334744,,,,,,,,,,,,,,,,,,,,131.5243,1.5589207,0.1020545,131.5243,1.5589207,27.94904,131.5243,1.5589207,0.0034018168,131.5243,1.5589207,0.027344903,131.5243,1.5589207,5.0,,,,,,,
131.5243,1.4989623,0.435624,131.5243,1.4989623,0.01393723,,,,,,,,,,,,,,,,,,,,,,,,,,,,,,,,,,,,,,,,,,,,,,,,,,,,,,,,,,,,,131.5243,1.4989623,1648.0646,131.5243,1.4989623,51.10653,,,,,,,,,,,,,,,,,131.5243,1.5889001,0.26913923,131.5243,1.5889001,0.0067162416,,,,,,,,,,,,,,,,,,,,131.5243,1.5889001,0.107349604,131.5243,1.5889001,27.972338,131.5243,1.5889001,0.0035783197,131.5243,1.5889001,0.024320716,131.5243,1.5889001,5.0,,,,,,,
131.5243,1.5289415,0.42382866,131.5243,1.5289415,0.013074521,,,,,,,,,,,,,,,,,,,,,,,,,,,,,,,,,,,,,,,,,,,,,,,,,,,,,,,,,,,,,131.5243,1.5289415,1603.3245,131.5243,1.5289415,47.717907,,,,,,,,,,,,,,,,,131.5243,1.6188793,0.27544785,131.5243,1.6188793,0.0069236495,,,,,,,,,,,,,,,,,,,,131.5243,1.6188793,0.11198434,131.5243,1.6188793,27.992731,131.5243,1.6188793,0.0037328117,131.5243,1.6188793,0.02455336,131.5243,1.6188793,5.0,,,,,,,
131.5243,1.5589207,0.4111706,131.5243,1.5589207,0.013818235,,,,,,,,,,,,,,,,,,,,,,,,,,,,,,,,,,,,,,,,,,,,,,,,,,,,,,,,,,,,,131.5243,1.5589207,1554.636,131.5243,1.5589207,50.615124,,,,,,,,,,,,,,,,,131.5243,1.6488585,0.28285107,131.5243,1.6488585,0.007124472,,,,,,,,,,,,,,,,,,,,131.5243,1.6488585,0.11735686,131.5243,1.6488585,28.01637,131.5243,1.6488585,0.0039118947,131.5243,1.6488585,0.024463847,131.5243,1.6488585,5.0,,,,,,,
131.5243,1.5889,0.40852296,131.5243,1.5889,0.012449799,,,,,,,,,,,,,,,,,,,,,,,,,,,,,,,,,,,,,,,,,,,,,,,,,,,,,,,,,,,,,131.5243,1.5889,1545.261,131.5243,1.5889,45.454746,,,,,,,,,,,,,,,,,131.5243,1.6788378,0.28671217,131.5243,1.6788378,0.0075525735,,,,,,,,,,,,,,,,,,,,131.5243,1.6788378,0.1208494,131.5243,1.6788378,28.031738,131.5243,1.6788378,0.0040283133,131.5243,1.6788378,0.025764262,131.5243,1.6788378,5.0,,,,,,,
131.5243,1.6188793,0.402127,131.5243,1.6188793,0.012301056,,,,,,,,,,,,,,,,,,,,,,,,,,,,,,,,,,,,,,,,,,,,,,,,,,,,,,,,,,,,,131.5243,1.6188793,1521.1842,131.5243,1.6188793,44.71335,,,,,,,,,,,,,,,,,131.5243,1.708817,0.29165107,131.5243,1.708817,0.007200087,,,,,,,,,,,,,,,,,,,,131.5243,1.708817,0.12487759,131.5243,1.708817,28.049463,131.5243,1.708817,0.0041625868,131.5243,1.708817,0.02418791,131.5243,1.708817,5.0,,,,,,,
131.5243,1.6488585,0.39706978,131.5243,1.6488585,0.012330805,,,,,,,,,,,,,,,,,,,,,,,,,,,,,,,,,,,,,,,,,,,,,,,,,,,,,,,,,,,,,131.5243,1.6488585,1500.8826,131.5243,1.6488585,45.079746,,,,,,,,,,,,,,,,,131.5243,1.7387962,0.3001502,131.5243,1.7387962,0.00782643,,,,,,,,,,,,,,,,,,,,131.5243,1.7387962,0.13131227,131.5243,1.7387962,28.077774,131.5243,1.7387962,0.0043770755,131.5243,1.7387962,0.025559422,131.5243,1.7387962,5.0,,,,,,,
131.5243,1.6788378,0.38966236,131.5243,1.6788378,0.012315929,,,,,,,,,,,,,,,,,,,,,,,,,,,,,,,,,,,,,,,,,,,,,,,,,,,,,,,,,,,,,131.5243,1.6788378,1472.7253,131.5243,1.6788378,44.751907,,,,,,,,,,,,,,,,,131.5243,1.7687756,0.3024468,131.5243,1.7687756,0.007269687,,,,,,,,,,,,,,,,,,,,131.5243,1.7687756,0.1342515,131.5243,1.7687756,28.090706,131.5243,1.7687756,0.00447505,131.5243,1.7687756,0.023466589,131.5243,1.7687756,5.0,,,,,,,
131.5243,1.708817,0.38542318,131.5243,1.708817,0.011661461,,,,,,,,,,,,,,,,,,,,,,,,,,,,,,,,,,,,,,,,,,,,,,,,,,,,,,,,,,,,,131.5243,1.708817,1457.0138,131.5243,1.708817,42.417835,,,,,,,,,,,,,,,,,131.5243,1.7987548,0.29240954,131.5243,1.7987548,0.0071824417,,,,,,,,,,,,,,,,,,,,131.5243,1.7987548,0.1302735,131.5243,1.7987548,28.073204,131.5243,1.7987548,0.00434245,131.5243,1.7987548,0.023963496,131.5243,1.7987548,5.0,,,,,,,
131.5243,1.7387962,0.37814963,131.5243,1.7387962,0.0119589465,,,,,,,,,,,,,,,,,,,,,,,,,,,,,,,,,,,,,,,,,,,,,,,,,,,,,,,,,,,,,131.5243,1.7387962,1429.4551,131.5243,1.7387962,43.39589,,,,,,,,,,,,,,,,,131.5243,1.828734,0.2975868,131.5243,1.828734,0.00720573,,,,,,,,,,,,,,,,,,,,131.5243,1.828734,0.13485762,131.5243,1.828734,28.093374,131.5243,1.828734,0.004495254,131.5243,1.828734,0.02361814,131.5243,1.828734,5.0,,,,,,,
131.5243,1.7687755,0.37465417,131.5243,1.7687755,0.0110218655,,,,,,,,,,,,,,,,,,,,,,,,,,,,,,,,,,,,,,,,,,,,,,,,,,,,,,,,,,,,,131.5243,1.7687755,1416.6182,131.5243,1.7687755,39.769047,,,,,,,,,,,,,,,,,131.5243,1.8587133,0.28265184,131.5243,1.8587133,0.0067337304,,,,,,,,,,,,,,,,,,,,131.5243,1.8587133,0.12772529,131.5243,1.8587133,28.06199,131.5243,1.8587133,0.00425751,131.5243,1.8587133,0.023265436,131.5243,1.8587133,5.0,,,,,,,
131.5243,1.7987547,0.35503498,131.5243,1.7987547,0.010635133,,,,,,,,,,,,,,,,,,,,,,,,,,,,,,,,,,,,,,,,,,,,,,,,,,,,,,,,,,,,,131.5243,1.7987547,1341.8885,131.5243,1.7987547,38.54119,,,,,,,,,,,,,,,,,131.5243,1.8886925,0.27123845,131.5243,1.8886925,0.007311335,,,,,,,,,,,,,,,,,,,,131.5243,1.8886925,0.122414164,131.5243,1.8886925,28.038624,131.5243,1.8886925,0.0040804725,131.5243,1.8886925,0.02624989,131.5243,1.8886925,5.0,,,,,,,
131.5243,1.828734,0.34210917,131.5243,1.828734,0.010203778,,,,,,,,,,,,,,,,,,,,,,,,,,,,,,,,,,,,,,,,,,,,,,,,,,,,,,,,,,,,,131.5243,1.828734,1293.7491,131.5243,1.828734,36.619156,,,,,,,,,,,,,,,,,131.5243,1.9186717,0.26468948,131.5243,1.9186717,0.006335558,,,,,,,,,,,,,,,,,,,,131.5243,1.9186717,0.12001077,131.5243,1.9186717,28.028048,131.5243,1.9186717,0.0040003597,131.5243,1.9186717,0.023378016,131.5243,1.9186717,5.0,,,,,,,
131.5243,1.8587133,0.3197977,131.5243,1.8587133,0.009593931,,,,,,,,,,,,,,,,,,,,,,,,,,,,,,,,,,,,,,,,,,,,,,,,,,,,,,,,,,,,,131.5243,1.8587133,1208.9995,131.5243,1.8587133,34.259613,,,,,,,,,,,,,,,,,131.5243,1.948651,0.25781867,131.5243,1.948651,0.005787989,,,,,,,,,,,,,,,,,,,,131.5243,1.948651,0.1171063,131.5243,1.948651,28.015268,131.5243,1.948651,0.0039035438,131.5243,1.948651,0.021905378,131.5243,1.948651,5.0,,,,,,,
131.5243,1.8886925,0.29604346,131.5243,1.8886925,0.009921167,,,,,,,,,,,,,,,,,,,,,,,,,,,,,,,,,,,,,,,,,,,,,,,,,,,,,,,,,,,,,131.5243,1.8886925,1118.2485,131.5243,1.8886925,35.671875,,,,,,,,,,,,,,,,,131.5243,1.9786303,0.2541939,131.5243,1.9786303,0.006041141,,,,,,,,,,,,,,,,,,,,131.5243,1.9786303,0.11612301,131.5243,1.9786303,28.010942,131.5243,1.9786303,0.003870767,131.5243,1.9786303,0.023145268,131.5243,1.9786303,5.0,,,,,,,
131.5243,1.9186717,0.2785215,131.5243,1.9186717,0.008508106,,,,,,,,,,,,,,,,,,,,,,,,,,,,,,,,,,,,,,,,,,,,,,,,,,,,,,,,,,,,,131.5243,1.9186717,1051.6119,131.5243,1.9186717,30.330208,,,,,,,,,,,,,,,,,131.5243,2.0086095,0.2540486,131.5243,2.0086095,0.0058161644,,,,,,,,,,,,,,,,,,,,131.5243,2.0086095,0.11734418,131.5243,2.0086095,28.016315,131.5243,2.0086095,0.0039114724,131.5243,2.0086095,0.02237302,131.5243,2.0086095,5.0,,,,,,,
131.5243,1.948651,0.2641083,131.5243,1.948651,0.007838762,,,,,,,,,,,,,,,,,,,,,,,,,,,,,,,,,,,,,,,,,,,,,,,,,,,,,,,,,,,,,131.5243,1.948651,998.39886,131.5243,1.948651,27.755394,,,,,,,,,,,,,,,,,131.5243,2.0385888,0.25133994,131.5243,2.0385888,0.0055632056,,,,,,,,,,,,,,,,,,,,131.5243,2.0385888,0.11696254,131.5243,2.0385888,28.014635,131.5243,2.0385888,0.0038987515,131.5243,2.0385888,0.021710796,131.5243,2.0385888,5.0,,,,,,,
131.5243,1.9786302,0.2535624,131.5243,1.9786302,0.007942882,,,,,,,,,,,,,,,,,,,,,,,,,,,,,,,,,,,,,,,,,,,,,,,,,,,,,,,,,,,,,131.5243,1.9786302,958.55164,131.5243,1.9786302,28.115217,,,,,,,,,,,,,,,,,131.5243,2.068568,0.2523751,131.5243,2.068568,0.005615058,,,,,,,,,,,,,,,,,,,,131.5243,2.068568,0.11901882,131.5243,2.068568,28.023682,131.5243,2.068568,0.0039672945,131.5243,2.068568,0.021844808,131.5243,2.068568,5.0,,,,,,,
131.5243,2.0086095,0.2466756,131.5243,2.0086095,0.0075115273,,,,,,,,,,,,,,,,,,,,,,,,,,,,,,,,,,,,,,,,,,,,,,,,,,,,,,,,,,,,,131.5243,2.0086095,931.68097,131.5243,2.0086095,26.507816,,,,,,,,,,,,,,,,,131.5243,2.0985472,0.25480816,131.5243,2.0985472,0.0061036185,,,,,,,,,,,,,,,,,,,,131.5243,2.0985472,0.12183229,131.5243,2.0985472,28.036062,131.5243,2.0985472,0.0040610763,131.5243,2.0985472,0.023431366,131.5243,2.0985472,5.0,,,,,,,
131.5243,2.0385888,0.23663542,131.5243,2.0385888,0.0070355493,,,,,,,,,,,,,,,,,,,,,,,,,,,,,,,,,,,,,,,,,,,,,,,,,,,,,,,,,,,,,131.5243,2.0385888,894.5954,131.5243,2.0385888,24.771345,,,,,,,,,,,,,,,,,131.5243,2.1285264,0.25024256,131.5243,2.1285264,0.0058136564,,,,,,,,,,,,,,,,,,,,131.5243,2.1285264,0.1205389,131.5243,2.1285264,28.030373,131.5243,2.1285264,0.004017963,131.5243,2.1285264,0.02262818,131.5243,2.1285264,5.0,,,,,,,
131.5243,2.068568,0.22854382,131.5243,2.068568,0.0068570576,,,,,,,,,,,,,,,,,,,,,,,,,,,,,,,,,,,,,,,,,,,,,,,,,,,,,,,,,,,,,131.5243,2.068568,863.1777,131.5243,2.068568,24.105768,,,,,,,,,,,,,,,,,131.5243,2.1585057,0.25056875,131.5243,2.1585057,0.006339361,,,,,,,,,,,,,,,,,,,,131.5243,2.1585057,0.122172385,131.5243,2.1585057,28.037558,131.5243,2.1585057,0.004072413,131.5243,2.1585057,0.024733756,131.5243,2.1585057,5.0,,,,,,,
131.5243,2.0985472,0.22518222,131.5243,2.0985472,0.0071842917,,,,,,,,,,,,,,,,,,,,,,,,,,,,,,,,,,,,,,,,,,,,,,,,,,,,,,,,,,,,,131.5243,2.0985472,850.73376,131.5243,2.0985472,25.30471,,,,,,,,,,,,,,,,,131.5243,2.188485,0.24388832,131.5243,2.188485,0.0056151324,,,,,,,,,,,,,,,,,,,,131.5243,2.188485,0.119362086,131.5243,2.188485,28.025192,131.5243,2.188485,0.0039787362,131.5243,2.188485,0.02232372,131.5243,2.188485,5.0,,,,,,,
131.5243,2.1285264,0.21451731,131.5243,2.1285264,0.0067529376,,,,,,,,,,,,,,,,,,,,,,,,,,,,,,,,,,,,,,,,,,,,,,,,,,,,,,,,,,,,,131.5243,2.1285264,809.6706,131.5243,2.1285264,23.492,,,,,,,,,,,,,,,,,131.5243,2.2184641,0.24800035,131.5243,2.2184641,0.004409636,,,,,,,,,,,,,,,,,,,,131.5243,2.2184641,0.12356247,131.5243,2.2184641,28.043674,131.5243,2.2184641,0.0041187494,131.5243,2.2184641,0.017567579,131.5243,2.2184641,5.0,,,,,,,
131.5243,2.1585057,0.20962366,131.5243,2.1585057,0.0070801727,,,,,,,,,,,,,,,,,,,,,,,,,,,,,,,,,,,,,,,,,,,,,,,,,,,,,,,,,,,,,131.5243,2.1585057,791.5545,131.5243,2.1585057,24.864237,,,,,,,,,,,,,,,,,131.5243,2.2484434,0.23224156,131.5243,2.2484434,0.0055390764,,,,,,,,,,,,,,,,,,,,131.5243,2.2484434,0.114388786,131.5243,2.2484434,28.003311,131.5243,2.2484434,0.0038129597,131.5243,2.2484434,0.023151882,131.5243,2.2484434,5.0,,,,,,,
131.5243,2.188485,0.19936043,131.5243,2.188485,0.006306708,,,,,,,,,,,,,,,,,,,,,,,,,,,,,,,,,,,,,,,,,,,,,,,,,,,,,,,,,,,,,131.5243,2.188485,752.4553,131.5243,2.188485,21.92657,,,,,,,,,,,,,,,,,131.5243,2.2784226,0.22925591,131.5243,2.2784226,0.00494146,,,,,,,,,,,,,,,,,,,,131.5243,2.2784226,0.11325227,131.5243,2.2784226,27.998308,131.5243,2.2784226,0.003775076,131.5243,2.2784226,0.021042008,131.5243,2.2784226,5.0,,,,,,,
131.5243,2.2184641,0.19592445,131.5243,2.2184641,0.0052208835,,,,,,,,,,,,,,,,,,,,,,,,,,,,,,,,,,,,,,,,,,,,,,,,,,,,,,,,,,,,,131.5243,2.2184641,738.0746,131.5243,2.2184641,17.745186,,,,,,,,,,,,,,,,,131.5243,2.308402,0.21901296,131.5243,2.308402,0.005459694,,,,,,,,,,,,,,,,,,,,131.5243,2.308402,0.10778901,131.5243,2.308402,27.974272,131.5243,2.308402,0.0035929668,131.5243,2.308402,0.02450957,131.5243,2.308402,5.0,,,,,,,
131.5243,2.2484434,0.1797858,131.5243,2.2484434,0.0059943474,,,,,,,,,,,,,,,,,,,,,,,,,,,,,,,,,,,,,,,,,,,,,,,,,,,,,,,,,,,,,131.5243,2.2484434,679.3451,131.5243,2.2484434,20.644865,,,,,,,,,,,,,,,,,131.5243,2.3383813,0.20974346,131.5243,2.3383813,0.004625321,,,,,,,,,,,,,,,,,,,,131.5243,2.3383813,0.10275719,131.5243,2.3383813,27.952131,131.5243,2.3383813,0.0034252396,131.5243,2.3383813,0.02151163,131.5243,2.3383813,5.0,,,,,,,
131.5243,2.2784226,0.17419307,131.5243,2.2784226,0.0053993748,,,,,,,,,,,,,,,,,,,,,,,,,,,,,,,,,,,,,,,,,,,,,,,,,,,,,,,,,,,,,131.5243,2.2784226,659.4199,131.5243,2.2784226,18.493723,,,,,,,,,,,,,,,,,131.5243,2.3683605,0.20553364,131.5243,2.3683605,0.0046150056,,,,,,,,,,,,,,,,,,,,131.5243,2.3683605,0.10130775,131.5243,2.3683605,27.945753,131.5243,2.3683605,0.0033769251,131.5243,2.3683605,0.021960199,131.5243,2.3683605,5.0,,,,,,,
131.5243,2.3084018,0.16315633,131.5243,2.3084018,0.005652239,,,,,,,,,,,,,,,,,,,,,,,,,,,,,,,,,,,,,,,,,,,,,,,,,,,,,,,,,,,,,131.5243,2.3084018,616.9227,131.5243,2.3084018,19.376362,,,,,,,,,,,,,,,,,131.5243,2.3983397,0.2003149,131.5243,2.3983397,0.0049742335,,,,,,,,,,,,,,,,,,,,131.5243,2.3983397,0.098579615,131.5243,2.3983397,27.933752,131.5243,2.3983397,0.0032859873,131.5243,2.3983397,0.02425056,131.5243,2.3983397,5.0,,,,,,,
131.5243,2.338381,0.15088502,131.5243,2.338381,0.0049382723,,,,,,,,,,,,,,,,,,,,,,,,,,,,,,,,,,,,,,,,,,,,,,,,,,,,,,,,,,,,,131.5243,2.338381,569.9198,131.5243,2.338381,16.62927,,,,,,,,,,,,,,,,,131.5243,2.428319,0.20084007,131.5243,2.428319,0.004090292,,,,,,,,,,,,,,,,,,,,131.5243,2.428319,0.09995505,131.5243,2.428319,27.939798,131.5243,2.428319,0.0033318347,131.5243,2.428319,0.020034287,131.5243,2.428319,5.0,,,,,,,
131.5243,2.3683605,0.14483117,131.5243,2.3683605,0.0048787743,,,,,,,,,,,,,,,,,,,,,,,,,,,,,,,,,,,,,,,,,,,,,,,,,,,,,,,,,,,,,131.5243,2.3683605,546.3272,131.5243,2.3683605,16.50407,,,,,,,,,,,,,,,,,131.5243,2.4582982,0.21820936,131.5243,2.4582982,0.0045593684,,,,,,,,,,,,,,,,,,,,131.5243,2.4582982,0.11288497,131.5243,2.4582982,27.996693,131.5243,2.4582982,0.0037628321,131.5243,2.4582982,0.020600937,131.5243,2.4582982,5.0,,,,,,,
131.5243,2.3983397,0.13889632,131.5243,2.3983397,0.005057266,,,,,,,,,,,,,,,,,,,,,,,,,,,,,,,,,,,,,,,,,,,,,,,,,,,,,,,,,,,,,131.5243,2.3983397,523.77637,131.5243,2.3983397,17.113785,,,,,,,,,,,,,,,,,131.5243,2.4882774,0.21862653,131.5243,2.4882774,0.004464639,,,,,,,,,,,,,,,,,,,,131.5243,2.4882774,0.114165016,131.5243,2.4882774,28.002327,131.5243,2.4882774,0.0038055007,131.5243,2.4882774,0.020067116,131.5243,2.4882774,5.0,,,,,,,
131.5243,2.428319,0.13623382,131.5243,2.428319,0.0043879217,,,,,,,,,,,,,,,,,,,,,,,,,,,,,,,,,,,,,,,,,,,,,,,,,,,,,,,,,,,,,131.5243,2.428319,513.62915,131.5243,2.428319,14.629728,,,,,,,,,,,,,,,,,131.5243,2.5182567,0.21626371,131.5243,2.5182567,0.0039603193,,,,,,,,,,,,,,,,,,,,131.5243,2.5182567,0.11371425,131.5243,2.5182567,28.000343,131.5243,2.5182567,0.0037904745,131.5243,2.5182567,0.017966803,131.5243,2.5182567,5.0,,,,,,,
131.5243,2.4582982,0.13981853,131.5243,2.4582982,0.0045217904,,,,,,,,,,,,,,,,,,,,,,,,,,,,,,,,,,,,,,,,,,,,,,,,,,,,,,,,,,,,,131.5243,2.4582982,527.57007,131.5243,2.4582982,15.182338,,,,,,,,,,,,,,,,,131.5243,2.548236,0.20899633,131.5243,2.548236,0.0038711582,,,,,,,,,,,,,,,,,,,,131.5243,2.548236,0.110147275,131.5243,2.548236,27.984646,131.5243,2.548236,0.0036715758,131.5243,2.548236,0.018131074,131.5243,2.548236,5.0,,,,,,,
131.5243,2.4882774,0.13764688,131.5243,2.4882774,0.0044176704,,,,,,,,,,,,,,,,,,,,,,,,,,,,,,,,,,,,,,,,,,,,,,,,,,,,,,,,,,,,,131.5243,2.4882774,519.4565,131.5243,2.4882774,14.783844,,,,,,,,,,,,,,,,,131.5243,2.5782151,0.21121825,131.5243,2.5782151,0.0037776816,,,,,,,,,,,,,,,,,,,,131.5243,2.5782151,0.11272306,131.5243,2.5782151,27.995981,131.5243,2.5782151,0.0037574354,131.5243,2.5782151,0.015673608,131.5243,2.5782151,5.0,,,,,,,
131.5243,2.5182567,0.13493976,131.5243,2.5182567,0.004179682,,,,,,,,,,,,,,,,,,,,,,,,,,,,,,,,,,,,,,,,,,,,,,,,,,,,,,,,,,,,,131.5243,2.5182567,509.12,131.5243,2.5182567,13.81052,,,,,,,,,,,,,,,,,131.5243,2.6081944,0.21433833,131.5243,2.6081944,0.0036510627,,,,,,,,,,,,,,,,,,,,131.5243,2.6081944,0.11636657,131.5243,2.6081944,28.012014,131.5243,2.6081944,0.003878886,131.5243,2.6081944,0.016693471,131.5243,2.6081944,5.0,,,,,,,
131.5243,2.548236,0.12899004,131.5243,2.548236,0.0040309383,,,,,,,,,,,,,,,,,,,,,,,,,,,,,,,,,,,,,,,,,,,,,,,,,,,,,,,,,,,,,131.5243,2.548236,486.33453,131.5243,2.548236,13.193483,,,,,,,,,,,,,,,,,131.5243,2.6381736,0.222649,131.5243,2.6381736,0.0045455266,,,,,,,,,,,,,,,,,,,,131.5243,2.6381736,0.12371761,131.5243,2.6381736,28.04436,131.5243,2.6381736,0.0041239206,131.5243,2.6381736,0.019836375,131.5243,2.6381736,5.0,,,,,,,
131.5243,2.5782151,0.12707125,131.5243,2.5782151,0.0037632014,,,,,,,,,,,,,,,,,,,,,,,,,,,,,,,,,,,,,,,,,,,,,,,,,,,,,,,,,,,,,131.5243,2.5782151,478.90442,131.5243,2.5782151,12.321876,,,,,,,,,,,,,,,,,131.5243,2.6681528,0.21320635,131.5243,2.6681528,0.0052297483,,,,,,,,,,,,,,,,,,,,131.5243,2.6681528,0.118687734,131.5243,2.6681528,28.022224,131.5243,2.6681528,0.003956258,131.5243,2.6681528,0.02441331,131.5243,2.6681528,5.0,,,,,,,
131.5243,2.6081944,0.12558381,131.5243,2.6081944,0.0036739549,,,,,,,,,,,,,,,,,,,,,,,,,,,,,,,,,,,,,,,,,,,,,,,,,,,,,,,,,,,,,131.5243,2.6081944,472.68793,131.5243,2.6081944,11.978751,,,,,,,,,,,,,,,,,131.5243,2.698132,0.20833154,131.5243,2.698132,0.003952626,,,,,,,,,,,,,,,,,,,,131.5243,2.698132,0.116528526,131.5243,2.698132,28.012724,131.5243,2.698132,0.003884284,131.5243,2.698132,0.019030761,131.5243,2.698132,5.0,,,,,,,
131.5243,2.6381736,0.12497396,131.5243,2.6381736,0.003956567,,,,,,,,,,,,,,,,,,,,,,,,,,,,,,,,,,,,,,,,,,,,,,,,,,,,,,,,,,,,,131.5243,2.6381736,470.85336,131.5243,2.6381736,12.936114,,,,,,,,,,,,,,,,,131.5243,2.7281115,0.21302408,131.5243,2.7281115,0.004936722,,,,,,,,,,,,,,,,,,,,131.5243,2.7281115,0.12169744,131.5243,2.7281115,28.03547,131.5243,2.7281115,0.0040565813,131.5243,2.7281115,0.019062085,131.5243,2.7281115,5.0,,,,,,,
131.5243,2.6681528,0.11880115,131.5243,2.6681528,0.004343299,,,,,,,,,,,,,,,,,,,,,,,,,,,,,,,,,,,,,,,,,,,,,,,,,,,,,,,,,,,,,131.5243,2.6681528,446.62607,131.5243,2.6681528,14.564006,,,,,,,,,,,,,,,,,131.5243,2.7580907,0.20683183,131.5243,2.7580907,0.0044574398,,,,,,,,,,,,,,,,,,,,131.5243,2.7580907,0.11912183,131.5243,2.7580907,28.02414,131.5243,2.7580907,0.0039707273,131.5243,2.7580907,0.020408534,131.5243,2.7580907,5.0,,,,,,,
131.5243,2.698132,0.11665923,131.5243,2.698132,0.0036442066,,,,,,,,,,,,,,,,,,,,,,,,,,,,,,,,,,,,,,,,,,,,,,,,,,,,,,,,,,,,,131.5243,2.698132,439.46643,131.5243,2.698132,11.778914,,,,,,,,,,,,,,,,,131.5243,2.78807,0.21066007,131.5243,2.78807,0.0034470947,,,,,,,,,,,,,,,,,,,,131.5243,2.78807,0.12334941,131.5243,2.78807,28.042736,131.5243,2.78807,0.004111647,131.5243,2.78807,0.014155739,131.5243,2.78807,5.0,,,,,,,
131.5243,2.7281113,0.115380034,131.5243,2.7281113,0.004060687,,,,,,,,,,,,,,,,,,,,,,,,,,,,,,,,,,,,,,,,,,,,,,,,,,,,,,,,,,,,,131.5243,2.7281113,435.2885,131.5243,2.7281113,13.334499,,,,,,,,,,,,,,,,,131.5243,2.8180492,0.2086143,131.5243,2.8180492,0.0036345546,,,,,,,,,,,,,,,,,,,,131.5243,2.8180492,0.123462886,131.5243,2.8180492,28.043236,131.5243,2.8180492,0.0041154292,131.5243,2.8180492,0.014303993,131.5243,2.8180492,5.0,,,,,,,
131.5243,2.7580905,0.10748177,131.5243,2.7580905,0.003763201,,,,,,,,,,,,,,,,,,,,,,,,,,,,,,,,,,,,,,,,,,,,,,,,,,,,,,,,,,,,,131.5243,2.7580905,405.81522,131.5243,2.7580905,12.203761,,,,,,,,,,,,,,,,,131.5243,2.8480284,0.19423455,131.5243,2.8480284,0.0030041682,,,,,,,,,,,,,,,,,,,,131.5243,2.8480284,0.11429739,131.5243,2.8480284,28.002907,131.5243,2.8480284,0.0038099124,131.5243,2.8480284,0.013295987,131.5243,2.8480284,5.0,,,,,,,
131.5243,2.78807,0.107288405,131.5243,2.78807,0.0033318456,,,,,,,,,,,,,,,,,,,,,,,,,,,,,,,,,,,,,,,,,,,,,,,,,,,,,,,,,,,,,131.5243,2.78807,405.01105,131.5243,2.78807,10.523622,,,,,,,,,,,,,,,,,131.5243,2.8780077,0.16855566,131.5243,2.8780077,0.0033732897,,,,,,,,,,,,,,,,,,,,131.5243,2.8780077,0.094776094,131.5243,2.8780077,27.917015,131.5243,2.8780077,0.003159203,131.5243,2.8780077,0.014920417,131.5243,2.8780077,5.0,,,,,,,
131.5243,2.8180492,0.10319797,131.5243,2.8180492,0.0032426,,,,,,,,,,,,,,,,,,,,,,,,,,,,,,,,,,,,,,,,,,,,,,,,,,,,,,,,,,,,,131.5243,2.8180492,389.10608,131.5243,2.8180492,10.215132,,,,,,,,,,,,,,,,,131.5243,2.9079869,0.177482,131.5243,2.9079869,0.0034238414,,,,,,,,,,,,,,,,,,,,131.5243,2.9079869,0.10258741,131.5243,2.9079869,27.951384,131.5243,2.9079869,0.0034195804,131.5243,2.9079869,0.016031208,131.5243,2.9079869,5.0,,,,,,,
131.5243,2.8480284,0.095017105,131.5243,2.8480284,0.0028261195,,,,,,,,,,,,,,,,,,,,,,,,,,,,,,,,,,,,,,,,,,,,,,,,,,,,,,,,,,,,,131.5243,2.8480284,356.75922,131.5243,2.8480284,8.539314,,,,,,,,,,,,,,,,,131.5243,2.937966,0.189346,131.5243,2.937966,0.0025780727,,,,,,,,,,,,,,,,,,,,131.5243,2.937966,0.1124772,131.5243,2.937966,27.994902,131.5243,2.937966,0.0037492397,131.5243,2.937966,0.0063571515,131.5243,2.937966,4.0,,,,,,,
131.5243,2.8780077,0.08232931,131.5243,2.8780077,0.0031236056,,,,,,,,,,,,,,,,,,,,,,,,,,,,,,,,,,,,,,,,,,,,,,,,,,,,,,,,,,,,,131.5243,2.8780077,309.07364,131.5243,2.8780077,9.754197,,,,,,,,,,,,,,,,,131.5243,2.9679453,0.19758174,131.5243,2.9679453,0.0043982323,,,,,,,,,,,,,,,,,,,,131.5243,2.9679453,0.120251045,131.5243,2.9679453,28.029106,131.5243,2.9679453,0.0040083686,131.5243,2.9679453,0.020925228,131.5243,2.9679453,5.0,,,,,,,
131.5243,2.9079869,0.08505131,131.5243,2.9079869,0.0030194854,,,,,,,,,,,,,,,,,,,,,,,,,,,,,,,,,,,,,,,,,,,,,,,,,,,,,,,,,,,,,131.5243,2.9079869,319.5395,131.5243,2.9079869,9.400402,,,,,,,,,,,,,,,,,131.5243,2.9979246,0.18450719,131.5243,2.9979246,0.0024685927,,,,,,,,,,,,,,,,,,,,131.5243,2.9979246,0.11065764,131.5243,2.9979246,27.986895,131.5243,2.9979246,0.0036885883,131.5243,2.9979246,0.0049157348,131.5243,2.9979246,4.0,,,,,,,
131.5243,2.937966,0.08676186,131.5243,2.937966,0.002662502,,,,,,,,,,,,,,,,,,,,,,,,,,,,,,,,,,,,,,,,,,,,,,,,,,,,,,,,,,,,,131.5243,2.937966,325.51782,131.5243,2.937966,8.119056,,,,,,,,,,,,,,,,,131.5243,3.0279038,0.16142157,131.5243,3.0279038,0.0029796166,,,,,,,,,,,,,,,,,,,,131.5243,3.0279038,0.09334852,131.5243,3.0279038,27.910734,131.5243,3.0279038,0.003111617,131.5243,3.0279038,0.013765984,131.5243,3.0279038,5.0,,,,,,,
131.5243,2.9679453,0.088918634,131.5243,2.9679453,0.00334672,,,,,,,,,,,,,,,,,,,,,,,,,,,,,,,,,,,,,,,,,,,,,,,,,,,,,,,,,,,,,131.5243,2.9679453,333.42343,131.5243,2.9679453,10.657742,,,,,,,,,,,,,,,,,131.5243,3.057883,0.14530979,131.5243,3.057883,0.0031165143,,,,,,,,,,,,,,,,,,,,131.5243,3.057883,0.081558034,131.5243,3.057883,27.858854,131.5243,3.057883,0.0027186014,131.5243,3.057883,0.011905674,131.5243,3.057883,5.0,,,,,,,
131.5243,2.9979246,0.08079727,131.5243,2.9979246,0.0025137586,,,,,,,,,,,,,,,,,,,,,,,,,,,,,,,,,,,,,,,,,,,,,,,,,,,,,,,,,,,,,131.5243,2.9979246,303.42188,131.5243,2.9979246,7.550425,,,,,,,,,,,,,,,,,131.5243,3.0878623,0.12176817,131.5243,3.0878623,0.0019100857,,,,,,,,,,,,,,,,,,,,131.5243,3.0878623,0.063810825,131.5243,3.0878623,27.780767,131.5243,3.0878623,0.0021270274,131.5243,3.0878623,0.006251387,131.5243,3.0878623,4.0,,,,,,,
131.5243,3.0279038,0.0717983,131.5243,3.0279038,0.0026030045,,,,,,,,,,,,,,,,,,,,,,,,,,,,,,,,,,,,,,,,,,,,,,,,,,,,,,,,,,,,,131.5243,3.0279038,269.55533,131.5243,3.0279038,7.8889365,,,,,,,,,,,,,,,,,131.5243,3.1178415,0.114014186,131.5243,3.1178415,0.00213511,,,,,,,,,,,,,,,,,,,,131.5243,3.1178415,0.05815567,131.5243,3.1178415,27.755884,131.5243,3.1178415,0.0019385221,131.5243,3.1178415,0.0066948035,131.5243,3.1178415,4.0,,,,,,,
131.5243,3.057883,0.06199613,131.5243,3.057883,0.0026922508,,,,,,,,,,,,,,,,,,,,,,,,,,,,,,,,,,,,,,,,,,,,,,,,,,,,,,,,,,,,,131.5243,3.057883,232.80951,131.5243,3.057883,8.142911,,,,,,,,,,,,,,,,,131.5243,3.147821,0.113855734,131.5243,3.147821,0.0020676544,,,,,,,,,,,,,,,,,,,,131.5243,3.147821,0.058327496,131.5243,3.147821,27.756641,131.5243,3.147821,0.00194425,131.5243,3.147821,0.003313548,131.5243,3.147821,4.0,,,,,,,
131.5243,3.0878623,0.050989144,131.5243,3.0878623,0.0022311467,,,,,,,,,,,,,,,,,,,,,,,,,,,,,,,,,,,,,,,,,,,,,,,,,,,,,,,,,,,,,131.5243,3.0878623,190.71442,131.5243,3.0878623,6.4592543,,,,,,,,,,,,,,,,,131.5243,3.1778002,0.10705518,131.5243,3.1778002,0.0016024702,,,,,,,,,,,,,,,,,,,,131.5243,3.1778002,0.053746447,131.5243,3.1778002,27.736486,131.5243,3.1778002,0.0017915482,131.5243,3.1778002,0.0036633955,131.5243,3.1778002,4.0,,,,,,,
131.5243,3.1178415,0.047449056,131.5243,3.1178415,0.0021121525,,,,,,,,,,,,,,,,,,,,,,,,,,,,,,,,,,,,,,,,,,,,,,,,,,,,,,,,,,,,,131.5243,3.1178415,177.64656,131.5243,3.1178415,5.9809895,,,,,,,,,,,,,,,,,131.5243,3.2077794,0.10711039,131.5243,3.2077794,0.002056713,,,,,,,,,,,,,,,,,,,,131.5243,3.2077794,0.054185495,131.5243,3.2077794,27.738417,131.5243,3.2077794,0.0018061833,131.5243,3.2077794,0.003964076,131.5243,3.2077794,4.0,,,,,,,
131.5243,3.1478207,0.045961626,131.5243,3.1478207,0.0022608954,,,,,,,,,,,,,,,,,,,,,,,,,,,,,,,,,,,,,,,,,,,,,,,,,,,,,,,,,,,,,131.5243,3.1478207,172.39795,131.5243,3.1478207,6.459348,,,,,,,,,,,,,,,,,131.5243,3.2377586,0.102741666,131.5243,3.2377586,0.0016591948,,,,,,,,,,,,,,,,,,,,131.5243,3.2377586,0.05043008,131.5243,3.2377586,27.721891,131.5243,3.2377586,0.0016810028,131.5243,3.2377586,0.0046244655,131.5243,3.2377586,4.0,,,,,,,
131.5243,3.1778,0.04337349,131.5243,3.1778,0.0019336604,,,,,,,,,,,,,,,,,,,,,,,,,,,,,,,,,,,,,,,,,,,,,,,,,,,,,,,,,,,,,131.5243,3.1778,162.67836,131.5243,3.1778,5.265929,,,,,,,,,,,,,,,,,131.5243,3.2677379,0.09303264,131.5243,3.2677379,0.001990766,,,,,,,,,,,,,,,,,,,,131.5243,3.2677379,0.042546265,131.5243,3.2677379,27.687202,131.5243,3.2677379,0.0014182088,131.5243,3.2677379,0.0123188635,131.5243,3.2677379,5.0,,,,,,,
131.5243,3.2077794,0.04315038,131.5243,3.2077794,0.0020675296,,,,,,,,,,,,,,,,,,,,,,,,,,,,,,,,,,,,,,,,,,,,,,,,,,,,,,,,,,,,,131.5243,3.2077794,161.82501,131.5243,3.2077794,5.862505,,,,,,,,,,,,,,,,,131.5243,3.297717,0.08955816,131.5243,3.297717,0.0011323012,,,,,,,,,,,,,,,,,,,,131.5243,3.297717,0.039776277,131.5243,3.297717,27.675013,131.5243,3.297717,0.001325876,131.5243,3.297717,1.0000001e-07,131.5243,3.297717,7.0,,,,,,,
131.5243,3.2377586,0.039952405,131.5243,3.2377586,0.0019782833,,,,,,,,,,,,,,,,,,,,,,,,,,,,,,,,,,,,,,,,,,,,,,,,,,,,,,,,,,,,,131.5243,3.2377586,149.49544,131.5243,3.2377586,5.422139,,,,,,,,,,,,,,,,,131.5243,3.3276963,0.08121514,131.5243,3.3276963,0.0018632379,,,,,,,,,,,,,,,,,,,,131.5243,3.3276963,0.032941297,131.5243,3.3276963,27.644941,131.5243,3.3276963,0.0010980432,131.5243,3.3276963,1.0000001e-07,131.5243,3.3276963,7.0,,,,,,,
131.5243,3.2677379,0.035787597,131.5243,3.2677379,0.002186524,,,,,,,,,,,,,,,,,,,,,,,,,,,,,,,,,,,,,,,,,,,,,,,,,,,,,,,,,,,,,131.5243,3.2677379,133.5682,131.5243,3.2677379,6.31603,,,,,,,,,,,,,,,,,131.5243,3.3576756,0.085660405,131.5243,3.3576756,0.0016115933,,,,,,,,,,,,,,,,,,,,131.5243,3.3576756,0.037086952,131.5243,3.3576756,27.663183,131.5243,3.3576756,0.0012362319,131.5243,3.3576756,1.0000001e-07,131.5243,3.3576756,7.0,,,,,,,
131.5243,3.297717,0.034091923,131.5243,3.297717,0.0016212999,,,,,,,,,,,,,,,,,,,,,,,,,,,,,,,,,,,,,,,,,,,,,,,,,,,,,,,,,,,,,131.5243,3.297717,127.18387,131.5243,3.297717,4.200251,,,,,,,,,,,,,,,,,131.5243,3.3876548,0.083147556,131.5243,3.3876548,0.0012457999,,,,,,,,,,,,,,,,,,,,131.5243,3.3876548,0.035272766,131.5243,3.3876548,27.655201,131.5243,3.3876548,0.0011757588,131.5243,3.3876548,0.0046190927,131.5243,3.3876548,4.0,,,,,,,
131.5243,3.3276963,0.030774951,131.5243,3.3276963,0.0019485349,,,,,,,,,,,,,,,,,,,,,,,,,,,,,,,,,,,,,,,,,,,,,,,,,,,,,,,,,,,,,131.5243,3.3276963,114.45007,131.5243,3.3276963,5.4009604,,,,,,,,,,,,,,,,,131.5243,3.417634,0.0907302,131.5243,3.417634,0.0024009338,,,,,,,,,,,,,,,,,,,,131.5243,3.417634,0.04178909,131.5243,3.417634,27.683874,131.5243,3.417634,0.0013929695,131.5243,3.417634,0.01588744,131.5243,3.417634,5.0,,,,,,,
131.5243,3.3576756,0.031935148,131.5243,3.3576756,0.001903912,,,,,,,,,,,,,,,,,,,,,,,,,,,,,,,,,,,,,,,,,,,,,,,,,,,,,,,,,,,,,131.5243,3.3576756,118.994736,131.5243,3.3576756,5.230936,,,,,,,,,,,,,,,,,131.5243,3.4476132,0.085473046,131.5243,3.4476132,0.002534399,,,,,,,,,,,,,,,,,,,,131.5243,3.4476132,0.037738957,131.5243,3.4476132,27.666054,131.5243,3.4476132,0.0012579652,131.5243,3.4476132,0.010302523,131.5243,3.4476132,5.0,,,,,,,
131.5243,3.3876548,0.029585008,131.5243,3.3876548,0.0016807974,,,,,,,,,,,,,,,,,,,,,,,,,,,,,,,,,,,,,,,,,,,,,,,,,,,,,,,,,,,,,131.5243,3.3876548,109.84928,131.5243,3.3876548,4.392168,,,,,,,,,,,,,,,,,131.5243,3.4775925,0.088753946,131.5243,3.4775925,0.0022982974,,,,,,,,,,,,,,,,,,,,131.5243,3.4775925,0.040843647,131.5243,3.4775925,27.679712,131.5243,3.4775925,0.0013614547,131.5243,3.4775925,0.0053475555,131.5243,3.4775925,4.0,,,,,,,
131.5243,3.417634,0.03203927,131.5243,3.417634,0.0021567752,,,,,,,,,,,,,,,,,,,,,,,,,,,,,,,,,,,,,,,,,,,,,,,,,,,,,,,,,,,,,131.5243,3.417634,119.21711,131.5243,3.417634,6.242072,,,,,,,,,,,,,,,,,131.5243,3.5075717,0.08349572,131.5243,3.5075717,0.0012074613,,,,,,,,,,,,,,,,,,,,131.5243,3.5075717,0.036433414,131.5243,3.5075717,27.660305,131.5243,3.5075717,0.0012144472,131.5243,3.5075717,1.0000001e-07,131.5243,3.5075717,7.0,,,,,,,
131.5243,3.4476132,0.030581586,131.5243,3.4476132,0.0021121523,,,,,,,,,,,,,,,,,,,,,,,,,,,,,,,,,,,,,,,,,,,,,,,,,,,,,,,,,,,,,131.5243,3.4476132,113.69706,131.5243,3.4476132,5.998453,,,,,,,,,,,,,,,,,131.5243,3.5375512,0.081779376,131.5243,3.5375512,0.0025546555,,,,,,,,,,,,,,,,,,,,131.5243,3.5375512,0.035821296,131.5243,3.5375512,27.657612,131.5243,3.5375512,0.0011940433,131.5243,3.5375512,0.008435212,131.5243,3.5375512,4.0,,,,,,,
131.5243,3.4775925,0.030075857,131.5243,3.4775925,0.002008032,,,,,,,,,,,,,,,,,,,,,,,,,,,,,,,,,,,,,,,,,,,,,,,,,,,,,,,,,,,,,131.5243,3.4775925,111.71883,131.5243,3.4775925,5.6997356,,,,,,,,,,,,,,,,,131.5243,3.5675304,0.07804552,131.5243,3.5675304,0.0019043809,,,,,,,,,,,,,,,,,,,,131.5243,3.5675304,0.03296913,131.5243,3.5675304,27.645063,131.5243,3.5675304,0.001098971,131.5243,3.5675304,1.0000001e-07,131.5243,3.5675304,7.0,,,,,,,
131.5243,3.5075717,0.027933959,131.5243,3.5075717,0.0016807974,,,,,,,,,,,,,,,,,,,,,,,,,,,,,,,,,,,,,,,,,,,,,,,,,,,,,,,,,,,,,131.5243,3.5075717,103.78687,131.5243,3.5075717,4.368155,,,,,,,,,,,,,,,,,131.5243,3.5975096,0.07772013,131.5243,3.5975096,0.0018589965,,,,,,,,,,,,,,,,,,,,131.5243,3.5975096,0.032624744,131.5243,3.5975096,27.643547,131.5243,3.5975096,0.0010874915,131.5243,3.5975096,0.008815629,131.5243,3.5975096,4.0,,,,,,,
131.5243,3.537551,0.027338985,131.5243,3.537551,0.0020824035,,,,,,,,,,,,,,,,,,,,,,,,,,,,,,,,,,,,,,,,,,,,,,,,,,,,,,,,,,,,,131.5243,3.537551,101.2821,131.5243,3.537551,5.9210124,,,,,,,,,,,,,,,,,131.5243,3.6274889,0.07507784,131.5243,3.6274889,0.0006111495,,,,,,,,,,,,,,,,,,,,131.5243,3.6274889,0.030845722,131.5243,3.6274889,27.635721,131.5243,3.6274889,0.0010281908,131.5243,3.6274889,1.0000001e-07,131.5243,3.6274889,7.0,,,,,,,
131.5243,3.5675302,0.02583668,131.5243,3.5675302,0.0018146661,,,,,,,,,,,,,,,,,,,,,,,,,,,,,,,,,,,,,,,,,,,,,,,,,,,,,,,,,,,,,131.5243,3.5675302,95.75005,131.5243,3.5675302,4.8140497,,,,,,,,,,,,,,,,,131.5243,3.657468,0.07424441,131.5243,3.657468,0.0013976175,,,,,,,,,,,,,,,,,,,,131.5243,3.657468,0.030372411,131.5243,3.657468,27.633638,131.5243,3.657468,0.0010124136,131.5243,3.657468,0.005905427,131.5243,3.657468,4.0,,,,,,,
131.5243,3.5975094,0.02528633,131.5243,3.5975094,0.0017997916,,,,,,,,,,,,,,,,,,,,,,,,,,,,,,,,,,,,,,,,,,,,,,,,,,,,,,,,,,,,,131.5243,3.5975094,93.57134,131.5243,3.5975094,4.775152,,,,,,,,,,,,,,,,,131.5243,3.6874473,0.07634092,131.5243,3.6874473,0.0012229201,,,,,,,,,,,,,,,,,,,,131.5243,3.6874473,0.032627597,131.5243,3.6874473,27.643562,131.5243,3.6874473,0.0010875866,131.5243,3.6874473,1.0000001e-07,131.5243,3.6874473,7.0,,,,,,,
131.5243,3.6274889,0.024200507,131.5243,3.6274889,0.0014428082,,,,,,,,,,,,,,,,,,,,,,,,,,,,,,,,,,,,,,,,,,,,,,,,,,,,,,,,,,,,,131.5243,3.6274889,89.66963,131.5243,3.6274889,3.467952,,,,,,,,,,,,,,,,,131.5243,3.7174265,0.07119884,131.5243,3.7174265,0.0010862979,,,,,,,,,,,,,,,,,,,,131.5243,3.7174265,0.028293453,131.5243,3.7174265,27.62449,131.5243,3.7174265,0.0009431151,131.5243,3.7174265,0.0064017097,131.5243,3.7174265,4.0,,,,,,,
131.5243,3.657468,0.02238584,131.5243,3.657468,0.0016956716,,,,,,,,,,,,,,,,,,,,,,,,,,,,,,,,,,,,,,,,,,,,,,,,,,,,,,,,,,,,,131.5243,3.657468,82.6437,131.5243,3.657468,4.425761,,,,,,,,,,,,,,,,,131.5243,3.7474058,0.07197082,131.5243,3.7474058,0.0015684069,,,,,,,,,,,,,,,,,,,,131.5243,3.7474058,0.029305385,131.5243,3.7474058,27.628944,131.5243,3.7474058,0.0009768462,131.5243,3.7474058,0.008228854,131.5243,3.7474058,4.0,,,,,,,
131.5243,3.6874473,0.022965938,131.5243,3.6874473,0.0016361743,,,,,,,,,,,,,,,,,,,,,,,,,,,,,,,,,,,,,,,,,,,,,,,,,,,,,,,,,,,,,131.5243,3.6874473,84.79316,131.5243,3.6874473,4.2171946,,,,,,,,,,,,,,,,,131.5243,3.777385,0.07141095,131.5243,3.777385,0.0012047997,,,,,,,,,,,,,,,,,,,,131.5243,3.777385,0.028957622,131.5243,3.777385,27.627413,131.5243,3.777385,0.00096525415,131.5243,3.777385,1.0000001e-07,131.5243,3.777385,7.0,,,,,,,
131.5243,3.7174265,0.022311468,131.5243,3.7174265,0.0015766771,,,,,,,,,,,,,,,,,,,,,,,,,,,,,,,,,,,,,,,,,,,,,,,,,,,,,,,,,,,,,131.5243,3.7174265,82.34316,131.5243,3.7174265,3.9556274,,,,,,,,,,,,,,,,,131.5243,3.8073642,0.06909473,131.5243,3.8073642,0.0020884187,,,,,,,,,,,,,,,,,,,,131.5243,3.8073642,0.02708275,131.5243,3.8073642,27.619164,131.5243,3.8073642,0.0009027585,131.5243,3.8073642,0.008138399,131.5243,3.8073642,4.0,,,,,,,
131.5243,3.7474058,0.021939611,131.5243,3.7474058,0.0016659228,,,,,,,,,,,,,,,,,,,,,,,,,,,,,,,,,,,,,,,,,,,,,,,,,,,,,,,,,,,,,131.5243,3.7474058,80.95523,131.5243,3.7474058,4.3222065,,,,,,,,,,,,,,,,,131.5243,3.8373435,0.07159438,131.5243,3.8373435,0.0012594463,,,,,,,,,,,,,,,,,,,,131.5243,3.8373435,0.02931955,131.5243,3.8373435,27.629005,131.5243,3.8373435,0.0009773183,131.5243,3.8373435,1.0000001e-07,131.5243,3.8373435,7.0,,,,,,,
131.5243,3.777385,0.021032277,131.5243,3.777385,0.0015171798,,,,,,,,,,,,,,,,,,,,,,,,,,,,,,,,,,,,,,,,,,,,,,,,,,,,,,,,,,,,,131.5243,3.777385,77.56097,131.5243,3.777385,3.7853093,,,,,,,,,,,,,,,,,131.5243,3.8673227,0.065367915,131.5243,3.8673227,0.0015271459,,,,,,,,,,,,,,,,,,,,131.5243,3.8673227,0.024339534,131.5243,3.8673227,27.607094,131.5243,3.8673227,0.0008113178,131.5243,3.8673227,0.013229801,131.5243,3.8673227,5.0,,,,,,,
131.5243,3.8073642,0.02063067,131.5243,3.8073642,0.0017551689,,,,,,,,,,,,,,,,,,,,,,,,,,,,,,,,,,,,,,,,,,,,,,,,,,,,,,,,,,,,,131.5243,3.8073642,75.97783,131.5243,3.8073642,4.6598988,,,,,,,,,,,,,,,,,131.5243,3.897302,0.07175195,131.5243,3.897302,0.0013977373,,,,,,,,,,,,,,,,,,,,131.5243,3.897302,0.029816926,131.5243,3.897302,27.631195,131.5243,3.897302,0.0009938976,131.5243,3.897302,1.0000001e-07,131.5243,3.897302,7.0,,,,,,,
131.5243,3.8373435,0.020199316,131.5243,3.8373435,0.0015171799,,,,,,,,,,,,,,,,,,,,,,,,,,,,,,,,,,,,,,,,,,,,,,,,,,,,,,,,,,,,,131.5243,3.8373435,74.34177,131.5243,3.8373435,3.6976912,,,,,,,,,,,,,,,,,131.5243,3.9272811,0.06794584,131.5243,3.9272811,0.0011454773,,,,,,,,,,,,,,,,,,,,131.5243,3.9272811,0.027043214,131.5243,3.9272811,27.618992,131.5243,3.9272811,0.00090144057,131.5243,3.9272811,1.0000001e-07,131.5243,3.9272811,7.0,,,,,,,
131.5243,3.8673227,0.018637514,131.5243,3.8673227,0.0016510485,,,,,,,,,,,,,,,,,,,,,,,,,,,,,,,,,,,,,,,,,,,,,,,,,,,,,,,,,,,,,131.5243,3.8673227,68.33754,131.5243,3.8673227,4.2788835,,,,,,,,,,,,,,,,,131.5243,3.9572606,0.06816744,131.5243,3.9572606,0.0007767389,,,,,,,,,,,,,,,,,,,,131.5243,3.9572606,0.027340978,131.5243,3.9572606,27.6203,131.5243,3.9572606,0.0009113659,131.5243,3.9572606,1.0000001e-07,131.5243,3.9572606,7.0,,,,,,,
131.5243,3.897302,0.019336604,131.5243,3.897302,0.0015023055,,,,,,,,,,,,,,,,,,,,,,,,,,,,,,,,,,,,,,,,,,,,,,,,,,,,,,,,,,,,,131.5243,3.897302,71.16258,131.5243,3.897302,3.7319303,,,,,,,,,,,,,,,,,131.5243,3.9872398,0.06928601,131.5243,3.9872398,0.0018747853,,,,,,,,,,,,,,,,,,,,131.5243,3.9872398,0.02868811,131.5243,3.9872398,27.626228,131.5243,3.9872398,0.0009562703,131.5243,3.9872398,0.009317894,131.5243,3.9872398,4.0,,,,,,,
131.5243,3.9272811,0.018310279,131.5243,3.9272811,0.001472557,,,,,,,,,,,,,,,,,,,,,,,,,,,,,,,,,,,,,,,,,,,,,,,,,,,,,,,,,,,,,131.5243,3.9272811,67.41377,131.5243,3.9272811,3.5545106,,,,,,,,,,,,,,,,,131.5243,4.017219,0.06387231,131.5243,4.017219,0.0019208182,,,,,,,,,,,,,,,,,,,,131.5243,4.017219,0.024564229,131.5243,4.017219,27.608084,131.5243,4.017219,0.00081880775,131.5243,4.017219,1.0000001e-07,131.5243,4.017219,7.0,,,,,,,
131.5243,3.9572604,0.01845902,131.5243,3.9572604,0.001383311,,,,,,,,,,,,,,,,,,,,,,,,,,,,,,,,,,,,,,,,,,,,,,,,,,,,,,,,,,,,,131.5243,3.9572604,67.632065,131.5243,3.9572604,3.1614795,,,,,,,,,,,,,,,,,131.5243,4.0471983,0.07034279,131.5243,4.0471983,0.0027536626,,,,,,,,,,,,,,,,,,,,131.5243,4.0471983,0.029987266,131.5243,4.0471983,27.631945,131.5243,4.0471983,0.0009995756,131.5243,4.0471983,0.012354341,131.5243,4.0471983,5.0,,,,,,,
131.5243,3.9872396,0.018265657,131.5243,3.9872396,0.0015915515,,,,,,,,,,,,,,,,,,,,,,,,,,,,,,,,,,,,,,,,,,,,,,,,,,,,,,,,,,,,,131.5243,3.9872396,66.88681,131.5243,3.9872396,3.912997,,,,,,,,,,,,,,,,,131.5243,4.0771775,0.06832818,131.5243,4.0771775,0.0010277324,,,,,,,,,,,,,,,,,,,,131.5243,4.0771775,0.0285967,131.5243,4.0771775,27.625824,131.5243,4.0771775,0.00095322315,131.5243,4.0771775,1.0000001e-07,131.5243,4.0771775,7.0,,,,,,,
131.5243,4.017219,0.017477317,131.5243,4.017219,0.0016807974,,,,,,,,,,,,,,,,,,,,,,,,,,,,,,,,,,,,,,,,,,,,,,,,,,,,,,,,,,,,,131.5243,4.017219,63.884678,131.5243,4.017219,4.362991,,,,,,,,,,,,,,,,,131.5243,4.1071568,0.068668984,131.5243,4.1071568,0.0010616189,,,,,,,,,,,,,,,,,,,,131.5243,4.1071568,0.029118385,131.5243,4.1071568,27.62812,131.5243,4.1071568,0.0009706128,131.5243,4.1071568,1.0000001e-07,131.5243,4.1071568,7.0,,,,,,,
131.5243,4.0471983,0.017968168,131.5243,4.0471983,0.0017849174,,,,,,,,,,,,,,,,,,,,,,,,,,,,,,,,,,,,,,,,,,,,,,,,,,,,,,,,,,,,,131.5243,4.0471983,65.981155,131.5243,4.0471983,4.709432,,,,,,,,,,,,,,,,,131.5243,4.137136,0.070695885,131.5243,4.137136,0.001403823,,,,,,,,,,,,,,,,,,,,131.5243,4.137136,0.03065842,131.5243,4.137136,27.634895,131.5243,4.137136,0.0010219474,131.5243,4.137136,1.0000001e-07,131.5243,4.137136,7.0,,,,,,,
131.5243,4.0771775,0.017239327,131.5243,4.0771775,0.001427934,,,,,,,,,,,,,,,,,,,,,,,,,,,,,,,,,,,,,,,,,,,,,,,,,,,,,,,,,,,,,131.5243,4.0771775,63.196445,131.5243,4.0771775,3.4292884,,,,,,,,,,,,,,,,,131.5243,4.167115,0.07322847,131.5243,4.167115,0.0017929545,,,,,,,,,,,,,,,,,,,,131.5243,4.167115,0.03365117,131.5243,4.167115,27.648064,131.5243,4.167115,0.0011217059,131.5243,4.167115,0.0072078374,131.5243,4.167115,4.0,,,,,,,
131.5243,4.1071568,0.017164955,131.5243,4.1071568,0.0013981853,,,,,,,,,,,,,,,,,,,,,,,,,,,,,,,,,,,,,,,,,,,,,,,,,,,,,,,,,,,,,131.5243,4.1071568,62.92477,131.5243,4.1071568,3.3072424,,,,,,,,,,,,,,,,,131.5243,4.1970944,0.07385233,131.5243,4.1970944,0.0010518692,,,,,,,,,,,,,,,,,,,,131.5243,4.1970944,0.034263875,131.5243,4.1970944,27.65076,131.5243,4.1970944,0.0011421291,131.5243,4.1970944,1.0000001e-07,131.5243,4.1970944,7.0,,,,,,,
131.5243,4.137136,0.017343448,131.5243,4.137136,0.0013684366,,,,,,,,,,,,,,,,,,,,,,,,,,,,,,,,,,,,,,,,,,,,,,,,,,,,,,,,,,,,,131.5243,4.137136,63.701286,131.5243,4.137136,3.1205113,,,,,,,,,,,,,,,,,131.5243,4.2270737,0.06600753,131.5243,4.2270737,0.002037601,,,,,,,,,,,,,,,,,,,,131.5243,4.2270737,0.02792438,131.5243,4.2270737,27.622868,131.5243,4.2270737,0.00093081273,131.5243,4.2270737,1.0000001e-07,131.5243,4.2270737,7.0,,,,,,,
131.5243,4.167115,0.017655808,131.5243,4.167115,0.0014874313,,,,,,,,,,,,,,,,,,,,,,,,,,,,,,,,,,,,,,,,,,,,,,,,,,,,,,,,,,,,,131.5243,4.167115,64.581894,131.5243,4.167115,3.6662776,,,,,,,,,,,,,,,,,131.5243,4.257053,0.06459612,131.5243,4.257053,0.0017380114,,,,,,,,,,,,,,,,,,,,131.5243,4.257053,0.026509475,131.5243,4.257053,27.616642,131.5243,4.257053,0.0008836492,131.5243,4.257053,1.0000001e-07,131.5243,4.257053,7.0,,,,,,,
131.5243,4.1970944,0.017551688,131.5243,4.1970944,0.0013535623,,,,,,,,,,,,,,,,,,,,,,,,,,,,,,,,,,,,,,,,,,,,,,,,,,,,,,,,,,,,,131.5243,4.1970944,64.55551,131.5243,4.1970944,3.0503654,,,,,,,,,,,,,,,,,131.5243,4.287032,0.07248429,131.5243,4.287032,0.00064730673,,,,,,,,,,,,,,,,,,,,131.5243,4.287032,0.033466086,131.5243,4.287032,27.64725,131.5243,4.287032,0.0011155361,131.5243,4.287032,1.0000001e-07,131.5243,4.287032,7.0,,,,,,,
131.5243,4.2270737,0.015722148,131.5243,4.2270737,0.0014874311,,,,,,,,,,,,,,,,,,,,,,,,,,,,,,,,,,,,,,,,,,,,,,,,,,,,,,,,,,,,,131.5243,4.2270737,57.252666,131.5243,4.2270737,3.6789465,,,,,,,,,,,,,,,,,131.5243,4.3170114,0.06731131,131.5243,4.3170114,0.0016815822,,,,,,,,,,,,,,,,,,,,131.5243,4.3170114,0.029332127,131.5243,4.3170114,27.62906,131.5243,4.3170114,0.0009777376,131.5243,4.3170114,0.013809758,131.5243,4.3170114,5.0,,,,,,,
131.5243,4.257053,0.015231296,131.5243,4.257053,0.0013684367,,,,,,,,,,,,,,,,,,,,,,,,,,,,,,,,,,,,,,,,,,,,,,,,,,,,,,,,,,,,,131.5243,4.257053,55.399284,131.5243,4.257053,3.1212816,,,,,,,,,,,,,,,,,131.5243,4.3469906,0.0616057,131.5243,4.3469906,0.0011147005,,,,,,,,,,,,,,,,,,,,131.5243,4.3469906,0.02454346,131.5243,4.3469906,27.60799,131.5243,4.3469906,0.00081811537,131.5243,4.3469906,1.0000001e-07,131.5243,4.3469906,7.0,,,,,,,
131.5243,4.287032,0.01665923,131.5243,4.287032,0.001294065,,,,,,,,,,,,,,,,,,,,,,,,,,,,,,,,,,,,,,,,,,,,,,,,,,,,,,,,,,,,,131.5243,4.287032,60.950485,131.5243,4.287032,2.8097103,,,,,,,,,,,,,,,,,131.5243,4.37697,0.04940215,131.5243,4.37697,0.001338919,,,,,,,,,,,,,,,,,,,,131.5243,4.37697,0.014064608,131.5243,4.37697,27.561882,131.5243,4.37697,0.00046882028,131.5243,4.37697,1.0000001e-07,131.5243,4.37697,7.0,,,,,,,
131.5243,4.3170114,0.015275917,131.5243,4.3170114,0.0013684367,,,,,,,,,,,,,,,,,,,,,,,,,,,,,,,,,,,,,,,,,,,,,,,,,,,,,,,,,,,,,131.5243,4.3170114,55.734818,131.5243,4.3170114,3.0739121,,,,,,,,,,,,,,,,,131.5243,4.406949,0.041677546,131.5243,4.406949,0.0011850395,,,,,,,,,,,,,,,,,,,,131.5243,4.406949,0.007301275,131.5243,4.406949,27.532125,131.5243,4.406949,0.00024337583,131.5243,4.406949,1.0000001e-07,131.5243,4.406949,7.0,,,,,,,
131.5243,4.3469906,0.013966979,131.5243,4.3469906,0.0013386882,,,,,,,,,,,,,,,,,,,,,,,,,,,,,,,,,,,,,,,,,,,,,,,,,,,,,,,,,,,,,131.5243,4.3469906,50.72545,131.5243,4.3469906,3.0452619,,,,,,,,,,,,,,,,,131.5243,4.4369283,0.040392876,131.5243,4.4369283,0.0011243557,,,,,,,,,,,,,,,,,,,,131.5243,4.4369283,0.0064240023,131.5243,4.4369283,27.528267,131.5243,4.4369283,0.00021413341,131.5243,4.4369283,1.0000001e-07,131.5243,4.4369283,7.0,,,,,,,
131.5243,4.37697,0.011215231,131.5243,4.37697,0.0013089394,,,,,,,,,,,,,,,,,,,,,,,,,,,,,,,,,,,,,,,,,,,,,,,,,,,,,,,,,,,,,131.5243,4.37697,40.408714,131.5243,4.37697,2.9903424,,,,,,,,,,,,,,,,,131.5243,4.4669075,0.037033465,131.5243,4.4669075,0.0011211963,,,,,,,,,,,,,,,,,,,,131.5243,4.4669075,0.0034992222,131.5243,4.4669075,27.515396,131.5243,4.4669075,0.00011664074,131.5243,4.4669075,1.0000001e-07,131.5243,4.4669075,7.0,,,,,,,
131.5243,4.406949,0.009519559,131.5243,4.406949,0.0012643165,,,,,,,,,,,,,,,,,,,,,,,,,,,,,,,,,,,,,,,,,,,,,,,,,,,,,,,,,,,,,131.5243,4.406949,33.992542,131.5243,4.406949,2.7682316,,,,,,,,,,,,,,,,,131.5243,4.4968867,0.03712509,131.5243,4.4968867,0.00052000687,,,,,,,,,,,,,,,,,,,,131.5243,4.4968867,0.0042154826,131.5243,4.4968867,27.518547,131.5243,4.4968867,0.00014051609,131.5243,4.4968867,1.0000001e-07,131.5243,4.4968867,7.0,,,,,,,
131.5243,4.4369283,0.0092220735,131.5243,4.4369283,0.0012791909,,,,,,,,,,,,,,,,,,,,,,,,,,,,,,,,,,,,,,,,,,,,,,,,,,,,,,,,,,,,,131.5243,4.4369283,32.821358,131.5243,4.4369283,2.8302224,,,,,,,,,,,,,,,,,131.5243,4.526866,0.03506814,131.5243,4.526866,0.000822259,,,,,,,,,,,,,,,,,,,,131.5243,4.526866,0.0020298448,131.5243,4.526866,27.50893,131.5243,4.526866,6.7661495e-05,131.5243,4.526866,1.0000001e-07,131.5243,4.526866,7.0,,,,,,,
131.5243,4.4669075,0.008389113,131.5243,4.4669075,0.0012494422,,,,,,,,,,,,,,,,,,,,,,,,,,,,,,,,,,,,,,,,,,,,,,,,,,,,,,,,,,,,,131.5243,4.4669075,29.55116,131.5243,4.4669075,2.7851214,,,,,,,,,,,,,,,,,131.5243,4.556845,0.037577733,131.5243,4.556845,0.0024312048,,,,,,,,,,,,,,,,,,,,131.5243,4.556845,0.004486019,131.5243,4.556845,27.519737,131.5243,4.556845,0.00014953395,131.5243,4.556845,1.0000001e-07,131.5243,4.556845,7.0,,,,,,,
131.5243,4.4968867,0.00831474,131.5243,4.4968867,0.0011304477,,,,,,,,,,,,,,,,,,,,,,,,,,,,,,,,,,,,,,,,,,,,,,,,,,,,,,,,,,,,,131.5243,4.4968867,29.242361,131.5243,4.4968867,2.2949831,,,,,,,,,,,,,,,,,131.5243,4.586825,0.035049815,131.5243,4.586825,0.00081903033,,,,,,,,,,,,,,,,,,,,131.5243,4.586825,0.0022346333,131.5243,4.586825,27.509832,131.5243,4.586825,7.448777e-05,131.5243,4.586825,1.0000001e-07,131.5243,4.586825,7.0,,,,,,,
131.5243,4.526866,0.007823888,131.5243,4.526866,0.0012048192,,,,,,,,,,,,,,,,,,,,,,,,,,,,,,,,,,,,,,,,,,,,,,,,,,,,,,,,,,,,,131.5243,4.526866,27.46746,131.5243,4.526866,2.5309,,,,,,,,,,,,,,,,,131.5243,4.616804,0.040872287,131.5243,4.616804,0.0012332159,,,,,,,,,,,,,,,,,,,,131.5243,4.616804,0.008179122,131.5243,4.616804,27.535988,131.5243,4.616804,0.00027263738,131.5243,4.616804,1.0000001e-07,131.5243,4.616804,7.0,,,,,,,
131.5243,4.556845,0.008240368,131.5243,4.556845,0.0014130597,,,,,,,,,,,,,,,,,,,,,,,,,,,,,,,,,,,,,,,,,,,,,,,,,,,,,,,,,,,,,131.5243,4.556845,28.944834,131.5243,4.556845,3.2839024,,,,,,,,,,,,,,,,,131.5243,4.6467834,0.04028326,131.5243,4.6467834,0.0018443085,,,,,,,,,,,,,,,,,,,,131.5243,4.6467834,0.0071776155,131.5243,4.6467834,27.531582,131.5243,4.6467834,0.00023925387,131.5243,4.6467834,1.0000001e-07,131.5243,4.6467834,7.0,,,,,,,
131.5243,4.5868244,0.0076751444,131.5243,4.5868244,0.0012643165,,,,,,,,,,,,,,,,,,,,,,,,,,,,,,,,,,,,,,,,,,,,,,,,,,,,,,,,,,,,,131.5243,4.5868244,27.01757,131.5243,4.5868244,2.8215983,,,,,,,,,,,,,,,,,131.5243,4.6767626,0.03284844,131.5243,4.6767626,9.709374e-05,,,,,,,,,,,,,,,,,,,,131.5243,4.6767626,0.00060895865,131.5243,4.6767626,27.502678,131.5243,4.6767626,2.0298621e-05,131.5243,4.6767626,1.0000001e-07,131.5243,4.6767626,7.0,,,,,,,
131.5243,4.6168036,0.008567604,131.5243,4.6168036,0.001294065,,,,,,,,,,,,,,,,,,,,,,,,,,,,,,,,,,,,,,,,,,,,,,,,,,,,,,,,,,,,,131.5243,4.6168036,30.218912,131.5243,4.6168036,2.9429293,,,,,,,,,,,,,,,,,131.5243,4.706742,0.034492318,131.5243,4.706742,0.0012806405,,,,,,,,,,,,,,,,,,,,131.5243,4.706742,0.0020915766,131.5243,4.706742,27.509203,131.5243,4.706742,6.971922e-05,131.5243,4.706742,1.0000001e-07,131.5243,4.706742,7.0,,,,,,,
131.5243,4.646783,0.00834449,131.5243,4.646783,0.0013535625,,,,,,,,,,,,,,,,,,,,,,,,,,,,,,,,,,,,,,,,,,,,,,,,,,,,,,,,,,,,,131.5243,4.646783,29.519217,131.5243,4.646783,3.1243052,,,,,,,,,,,,,,,,,131.5243,4.736721,0.035334572,131.5243,4.736721,0.0008886242,,,,,,,,,,,,,,,,,,,,131.5243,4.736721,0.0032197547,131.5243,4.736721,27.51417,131.5243,4.736721,0.00010732516,131.5243,4.736721,1.0000001e-07,131.5243,4.736721,7.0,,,,,,,
131.5243,4.676762,0.0069016805,131.5243,4.676762,0.0011155733,,,,,,,,,,,,,,,,,,,,,,,,,,,,,,,,,,,,,,,,,,,,,,,,,,,,,,,,,,,,,131.5243,4.676762,24.010813,131.5243,4.676762,2.1904192,,,,,,,,,,,,,,,,,131.5243,4.7667003,0.030436357,131.5243,4.7667003,0.0016013979,,,,,,,,,,,,,,,,,,,,131.5243,4.7667003,-0.0010624296,131.5243,4.7667003,27.495325,131.5243,4.7667003,-3.5414323e-05,131.5243,4.7667003,1.0000001e-07,131.5243,4.7667003,7.0,,,,,,,
131.5243,4.706742,0.007273538,131.5243,4.706742,0.0012196936,,,,,,,,,,,,,,,,,,,,,,,,,,,,,,,,,,,,,,,,,,,,,,,,,,,,,,,,,,,,,131.5243,4.706742,25.431929,131.5243,4.706742,2.5996258,,,,,,,,,,,,,,,,,131.5243,4.7966795,0.031032635,131.5243,4.7966795,-0.0007417238,,,,,,,,,,,,,,,,,,,,131.5243,4.7966795,-0.00061777164,131.5243,4.7966795,27.497282,131.5243,4.7966795,-2.0592382e-05,131.5243,4.7966795,1.0000001e-07,131.5243,4.7966795,7.0,,,,,,,
131.5243,4.736721,0.007303287,131.5243,4.736721,0.0012048192,,,,,,,,,,,,,,,,,,,,,,,,,,,,,,,,,,,,,,,,,,,,,,,,,,,,,,,,,,,,,131.5243,4.736721,25.39951,131.5243,4.736721,2.4882827,,,,,,,,,,,,,,,,,131.5243,4.8266587,0.031480953,131.5243,4.8266587,0.0011557195,,,,,,,,,,,,,,,,,,,,131.5243,4.8266587,0.00013227471,131.5243,4.8266587,27.500584,131.5243,4.8266587,4.4091594e-06,131.5243,4.8266587,1.0000001e-07,131.5243,4.8266587,7.0,,,,,,,
131.5243,4.7667003,0.006440577,131.5243,4.7667003,0.0012791908,,,,,,,,,,,,,,,,,,,,,,,,,,,,,,,,,,,,,,,,,,,,,,,,,,,,,,,,,,,,,131.5243,4.7667003,22.25116,131.5243,4.7667003,2.7780058,,,,,,,,,,,,,,,,,131.5243,4.856638,0.030043645,131.5243,4.856638,0.00080565264,,,,,,,,,,,,,,,,,,,,131.5243,4.856638,-0.0013264997,131.5243,4.856638,27.494164,131.5243,4.856638,-4.4216653e-05,131.5243,4.856638,1.0000001e-07,131.5243,4.856638,7.0,,,,,,,
131.5243,4.7966795,0.0063662063,131.5243,4.7966795,0.0009222073,,,,,,,,,,,,,,,,,,,,,,,,,,,,,,,,,,,,,,,,,,,,,,,,,,,,,,,,,,,,,131.5243,4.7966795,22.029598,131.5243,4.7966795,1.5177878,,,,,,,,,,,,,,,,,131.5243,4.886617,0.02912023,131.5243,4.886617,0.0014338027,,,,,,,,,,,,,,,,,,,,131.5243,4.886617,-0.0019469025,131.5243,4.886617,27.491432,131.5243,4.886617,-6.489674e-05,131.5243,4.886617,1.0000001e-07,131.5243,4.886617,7.0,,,,,,,
131.5243,4.8266587,0.0063662054,131.5243,4.8266587,0.0012196936,,,,,,,,,,,,,,,,,,,,,,,,,,,,,,,,,,,,,,,,,,,,,,,,,,,,,,,,,,,,,131.5243,4.8266587,21.963753,131.5243,4.8266587,2.5943904,,,,,,,,,,,,,,,,,131.5243,4.9165964,0.034217503,131.5243,4.9165964,0.0015092605,,,,,,,,,,,,,,,,,,,,131.5243,4.9165964,0.0028225945,131.5243,4.9165964,27.51242,131.5243,4.9165964,9.4086485e-05,131.5243,4.9165964,1.0000001e-07,131.5243,4.9165964,7.0,,,,,,,
131.5243,4.856638,0.006113342,131.5243,4.856638,0.0011453221,,,,,,,,,,,,,,,,,,,,,,,,,,,,,,,,,,,,,,,,,,,,,,,,,,,,,,,,,,,,,131.5243,4.856638,21.088844,131.5243,4.856638,2.330267,,,,,,,,,,,,,,,,,131.5243,4.9465756,0.03301201,131.5243,4.9465756,-0.00037082797,,,,,,,,,,,,,,,,,,,,131.5243,4.9465756,0.001468358,131.5243,4.9465756,27.506462,131.5243,4.9465756,4.894527e-05,131.5243,4.9465756,1.0000001e-07,131.5243,4.9465756,7.0,,,,,,,
131.5243,4.886617,0.0058753532,131.5243,4.886617,0.0011601964,,,,,,,,,,,,,,,,,,,,,,,,,,,,,,,,,,,,,,,,,,,,,,,,,,,,,,,,,,,,,131.5243,4.886617,20.160543,131.5243,4.886617,2.3421462,,,,,,,,,,,,,,,,,131.5243,4.976555,0.031728808,131.5243,4.976555,0.0014390022,,,,,,,,,,,,,,,,,,,,131.5243,4.976555,0.000783591,131.5243,4.976555,27.503447,131.5243,4.976555,2.61197e-05,131.5243,4.976555,1.0000001e-07,131.5243,4.976555,7.0,,,,,,,
131.5243,4.9165964,0.006544697,131.5243,4.9165964,0.0012196935,,,,,,,,,,,,,,,,,,,,,,,,,,,,,,,,,,,,,,,,,,,,,,,,,,,,,,,,,,,,,131.5243,4.9165964,22.680468,131.5243,4.9165964,2.5876184,,,,,,,,,,,,,,,,,131.5243,5.006534,0.033394676,131.5243,5.006534,0.00027751573,,,,,,,,,,,,,,,,,,,,131.5243,5.006534,0.0022729556,131.5243,5.006534,27.510002,131.5243,5.006534,7.576519e-05,131.5243,5.006534,1.0000001e-07,131.5243,5.006534,7.0,,,,,,,
131.5243,4.9465756,0.0063215825,131.5243,4.9465756,0.0009668303,,,,,,,,,,,,,,,,,,,,,,,,,,,,,,,,,,,,,,,,,,,,,,,,,,,,,,,,,,,,,131.5243,4.9465756,21.867449,131.5243,4.9465756,1.6507295,,,,,,,,,,,,,,,,,131.5243,5.0365133,0.03487089,131.5243,5.0365133,-0.00011317259,,,,,,,,,,,,,,,,,,,,131.5243,5.0365133,0.003823037,131.5243,5.0365133,27.516823,131.5243,5.0365133,0.00012743457,131.5243,5.0365133,1.0000001e-07,131.5243,5.0365133,7.0,,,,,,,
131.5243,4.976555,0.0061282166,131.5243,4.976555,0.0012048191,,,,,,,,,,,,,,,,,,,,,,,,,,,,,,,,,,,,,,,,,,,,,,,,,,,,,,,,,,,,,131.5243,4.976555,21.034916,131.5243,4.976555,2.4653978,,,,,,,,,,,,,,,,,131.5243,5.0664926,0.030590743,131.5243,5.0664926,0.0014917314,,,,,,,,,,,,,,,,,,,,131.5243,5.0664926,-0.00043400645,131.5243,5.0664926,27.498087,131.5243,5.0664926,-1.446688e-05,131.5243,5.0664926,1.0000001e-07,131.5243,5.0664926,7.0,,,,,,,
131.5243,5.006534,0.0062918337,131.5243,5.006534,0.0010412018,,,,,,,,,,,,,,,,,,,,,,,,,,,,,,,,,,,,,,,,,,,,,,,,,,,,,,,,,,,,,131.5243,5.006534,21.69021,131.5243,5.006534,1.9391694,,,,,,,,,,,,,,,,,131.5243,5.096472,0.028326776,131.5243,5.096472,0.00208206,,,,,,,,,,,,,,,,,,,,131.5243,5.096472,-0.0019777874,131.5243,5.096472,27.491295,131.5243,5.096472,-6.5926244e-05,131.5243,5.096472,1.0000001e-07,131.5243,5.096472,7.0,,,,,,,
131.5243,5.0365133,0.0063810796,131.5243,5.0365133,0.000996579,,,,,,,,,,,,,,,,,,,,,,,,,,,,,,,,,,,,,,,,,,,,,,,,,,,,,,,,,,,,,131.5243,5.0365133,22.048605,131.5243,5.0365133,1.703893,,,,,,,,,,,,,,,,,131.5243,5.126451,0.03166701,131.5243,5.126451,0.0013136016,,,,,,,,,,,,,,,,,,,,131.5243,5.126451,0.00092414045,131.5243,5.126451,27.504068,131.5243,5.126451,3.0804684e-05,131.5243,5.126451,1.0000001e-07,131.5243,5.126451,7.0,,,,,,,
131.5243,5.0664926,0.00572661,131.5243,5.0664926,0.0012048192,,,,,,,,,,,,,,,,,,,,,,,,,,,,,,,,,,,,,,,,,,,,,,,,,,,,,,,,,,,,,131.5243,5.0664926,19.579535,131.5243,5.0664926,2.5556245,,,,,,,,,,,,,,,,,131.5243,5.1564302,0.033358634,131.5243,5.1564302,-8.632384e-05,,,,,,,,,,,,,,,,,,,,131.5243,5.1564302,0.0026238158,131.5243,5.1564302,27.511543,131.5243,5.1564302,8.746052e-05,131.5243,5.1564302,1.0000001e-07,131.5243,5.1564302,7.0,,,,,,,
131.5243,5.096472,0.0052655065,131.5243,5.096472,0.0013089394,,,,,,,,,,,,,,,,,,,,,,,,,,,,,,,,,,,,,,,,,,,,,,,,,,,,,,,,,,,,,131.5243,5.096472,17.765839,131.5243,5.096472,2.9470294,,,,,,,,,,,,,,,,,131.5243,5.1864095,0.031409353,131.5243,5.1864095,0.0021475102,,,,,,,,,,,,,,,,,,,,131.5243,5.1864095,0.0010493896,131.5243,5.1864095,27.504616,131.5243,5.1864095,3.4979654e-05,131.5243,5.1864095,1.0000001e-07,131.5243,5.1864095,7.0,,,,,,,
131.5243,5.126451,0.0057563586,131.5243,5.126451,0.0011750706,,,,,,,,,,,,,,,,,,,,,,,,,,,,,,,,,,,,,,,,,,,,,,,,,,,,,,,,,,,,,131.5243,5.126451,19.741339,131.5243,5.126451,2.446369,,,,,,,,,,,,,,,,,131.5243,5.2163887,0.034171212,131.5243,5.2163887,-0.00020783293,,,,,,,,,,,,,,,,,,,,131.5243,5.2163887,0.0036033029,131.5243,5.2163887,27.515854,131.5243,5.2163887,0.00012011008,131.5243,5.2163887,1.0000001e-07,131.5243,5.2163887,7.0,,,,,,,
131.5243,5.1564302,0.005994348,131.5243,5.1564302,0.00093708164,,,,,,,,,,,,,,,,,,,,,,,,,,,,,,,,,,,,,,,,,,,,,,,,,,,,,,,,,,,,,131.5243,5.1564302,20.63002,131.5243,5.1564302,1.5237142,,,,,,,,,,,,,,,,,131.5243,5.246368,0.029736804,131.5243,5.246368,-0.00094207446,,,,,,,,,,,,,,,,,,,,131.5243,5.246368,-0.00019815944,131.5243,5.246368,27.499128,131.5243,5.246368,-6.6053126e-06,131.5243,5.246368,1.0000001e-07,131.5243,5.246368,7.0,,,,,,,
131.5243,5.1864095,0.0055927415,131.5243,5.1864095,0.0012494421,,,,,,,,,,,,,,,,,,,,,,,,,,,,,,,,,,,,,,,,,,,,,,,,,,,,,,,,,,,,,131.5243,5.1864095,19.081371,131.5243,5.1864095,2.734776,,,,,,,,,,,,,,,,,131.5243,5.276347,0.03284401,131.5243,5.276347,0.00054221065,,,,,,,,,,,,,,,,,,,,131.5243,5.276347,0.0027591651,131.5243,5.276347,27.51214,131.5243,5.276347,9.197217e-05,131.5243,5.276347,1.0000001e-07,131.5243,5.276347,7.0,,,,,,,
131.5243,5.2163887,0.0059348512,131.5243,5.2163887,0.0010263275,,,,,,,,,,,,,,,,,,,,,,,,,,,,,,,,,,,,,,,,,,,,,,,,,,,,,,,,,,,,,131.5243,5.2163887,20.29053,131.5243,5.2163887,1.8121495,,,,,,,,,,,,,,,,,131.5243,5.3063264,0.033936903,131.5243,5.3063264,0.0014588103,,,,,,,,,,,,,,,,,,,,131.5243,5.3063264,0.0036416268,131.5243,5.3063264,27.516022,131.5243,5.3063264,0.00012138755,131.5243,5.3063264,1.0000001e-07,131.5243,5.3063264,7.0,,,,,,,
131.5243,5.246368,0.0052357577,131.5243,5.246368,0.0008180871,,,,,,,,,,,,,,,,,,,,,,,,,,,,,,,,,,,,,,,,,,,,,,,,,,,,,,,,,,,,,131.5243,5.246368,17.766872,131.5243,5.246368,1.0805261,,,,,,,,,,,,,,,,,131.5243,5.3363056,0.029249856,131.5243,5.3363056,0.0015186383,,,,,,,,,,,,,,,,,,,,131.5243,5.3363056,-0.0005188262,131.5243,5.3363056,27.497717,131.5243,5.3363056,-1.7294207e-05,131.5243,5.3363056,1.0000001e-07,131.5243,5.3363056,7.0,,,,,,,
131.5243,5.276347,0.005681987,131.5243,5.276347,0.0009817046,,,,,,,,,,,,,,,,,,,,,,,,,,,,,,,,,,,,,,,,,,,,,,,,,,,,,,,,,,,,,131.5243,5.276347,19.437923,131.5243,5.276347,1.7071204,,,,,,,,,,,,,,,,,131.5243,5.366285,0.029686011,131.5243,5.366285,-0.00017269827,,,,,,,,,,,,,,,,,,,,131.5243,5.366285,0.00026470394,131.5243,5.366285,27.501163,131.5243,5.366285,8.823466e-06,131.5243,5.366285,1.0000001e-07,131.5243,5.366285,7.0,,,,,,,
131.5243,5.3063264,0.005741485,131.5243,5.3063264,0.0011601965,,,,,,,,,,,,,,,,,,,,,,,,,,,,,,,,,,,,,,,,,,,,,,,,,,,,,,,,,,,,,131.5243,5.3063264,19.642773,131.5243,5.3063264,2.3571663,,,,,,,,,,,,,,,,,131.5243,5.396264,0.026205624,131.5243,5.396264,0.0016713025,,,,,,,,,,,,,,,,,,,,131.5243,5.396264,-0.0030560703,131.5243,5.396264,27.486553,131.5243,5.396264,-0.00010186901,131.5243,5.396264,1.0000001e-07,131.5243,5.396264,7.0,,,,,,,
131.5243,5.3363056,0.0050721406,131.5243,5.3363056,0.0010858247,,,,,,,,,,,,,,,,,,,,,,,,,,,,,,,,,,,,,,,,,,,,,,,,,,,,,,,,,,,,,131.5243,5.3363056,17.153997,131.5243,5.3363056,2.0334418,,,,,,,,,,,,,,,,,131.5243,5.426244,0.028077262,131.5243,5.426244,0.0015992923,,,,,,,,,,,,,,,,,,,,131.5243,5.426244,-0.0011826059,131.5243,5.426244,27.494797,131.5243,5.426244,-3.9420192e-05,131.5243,5.426244,1.0000001e-07,131.5243,5.426244,7.0,,,,,,,
131.5243,5.366285,0.005042392,131.5243,5.366285,0.000996579,,,,,,,,,,,,,,,,,,,,,,,,,,,,,,,,,,,,,,,,,,,,,,,,,,,,,,,,,,,,,131.5243,5.366285,16.94394,131.5243,5.366285,1.7420832,,,,,,,,,,,,,,,,,131.5243,5.456223,0.030123495,131.5243,5.456223,0.0012985116,,,,,,,,,,,,,,,,,,,,131.5243,5.456223,0.0010312033,131.5243,5.456223,27.504538,131.5243,5.456223,3.4373443e-05,131.5243,5.456223,1.0000001e-07,131.5243,5.456223,7.0,,,,,,,
131.5243,5.396264,0.004581288,131.5243,5.396264,0.0011899449,,,,,,,,,,,,,,,,,,,,,,,,,,,,,,,,,,,,,,,,,,,,,,,,,,,,,,,,,,,,,131.5243,5.396264,15.301124,131.5243,5.396264,2.4586265,,,,,,,,,,,,,,,,,131.5243,5.4862022,0.035641987,131.5243,5.4862022,-0.001193821,,,,,,,,,,,,,,,,,,,,131.5243,5.4862022,0.005503603,131.5243,5.4862022,27.524214,131.5243,5.4862022,0.00018345343,131.5243,5.4862022,1.0000001e-07,131.5243,5.4862022,7.0,,,,,,,
131.5243,5.4262433,0.0047746543,131.5243,5.4262433,0.0011899448,,,,,,,,,,,,,,,,,,,,,,,,,,,,,,,,,,,,,,,,,,,,,,,,,,,,,,,,,,,,,131.5243,5.4262433,16.027609,131.5243,5.4262433,2.5356348,,,,,,,,,,,,,,,,,131.5243,5.5161815,0.034799702,131.5243,5.5161815,0.0007596725,,,,,,,,,,,,,,,,,,,,131.5243,5.5161815,0.005472975,131.5243,5.5161815,27.524082,131.5243,5.5161815,0.00018243252,131.5243,5.5161815,1.0000001e-07,131.5243,5.5161815,7.0,,,,,,,
131.5243,5.4562225,0.0050423914,131.5243,5.4562225,0.0011601964,,,,,,,,,,,,,,,,,,,,,,,,,,,,,,,,,,,,,,,,,,,,,,,,,,,,,,,,,,,,,131.5243,5.4562225,16.891386,131.5243,5.4562225,2.3684402,,,,,,,,,,,,,,,,,131.5243,5.5461607,0.030800363,131.5243,5.5461607,0.0018057687,,,,,,,,,,,,,,,,,,,,131.5243,5.5461607,0.0018923543,131.5243,5.5461607,27.508326,131.5243,5.5461607,6.307849e-05,131.5243,5.5461607,1.0000001e-07,131.5243,5.5461607,7.0,,,,,,,
131.5243,5.486202,0.0056671132,131.5243,5.486202,0.00083296146,,,,,,,,,,,,,,,,,,,,,,,,,,,,,,,,,,,,,,,,,,,,,,,,,,,,,,,,,,,,,131.5243,5.486202,19.420143,131.5243,5.486202,1.1433052,,,,,,,,,,,,,,,,,131.5243,5.57614,0.032220032,131.5243,5.57614,0.0019114382,,,,,,,,,,,,,,,,,,,,131.5243,5.57614,0.0031184366,131.5243,5.57614,27.51372,131.5243,5.57614,0.00010394788,131.5243,5.57614,1.0000001e-07,131.5243,5.57614,7.0,,,,,,,
131.5243,5.516181,0.0054588728,131.5243,5.516181,0.0010412018,,,,,,,,,,,,,,,,,,,,,,,,,,,,,,,,,,,,,,,,,,,,,,,,,,,,,,,,,,,,,131.5243,5.516181,18.576448,131.5243,5.516181,1.9882251,,,,,,,,,,,,,,,,,131.5243,5.606119,0.034223203,131.5243,5.606119,-0.00017474803,,,,,,,,,,,,,,,,,,,,131.5243,5.606119,0.0047971136,131.5243,5.606119,27.52111,131.5243,5.606119,0.00015990378,131.5243,5.606119,1.0000001e-07,131.5243,5.606119,7.0,,,,,,,
131.5243,5.5461607,0.0049531464,131.5243,5.5461607,0.0011750706,,,,,,,,,,,,,,,,,,,,,,,,,,,,,,,,,,,,,,,,,,,,,,,,,,,,,,,,,,,,,131.5243,5.5461607,16.570698,131.5243,5.5461607,2.4019172,,,,,,,,,,,,,,,,,131.5243,5.6360984,0.03549944,131.5243,5.6360984,0.002404138,,,,,,,,,,,,,,,,,,,,131.5243,5.6360984,0.0063403537,131.5243,5.6360984,27.527897,131.5243,5.6360984,0.0002113451,131.5243,5.6360984,1.0000001e-07,131.5243,5.6360984,7.0,,,,,,,
131.5243,5.57614,0.005057266,131.5243,5.57614,0.0011155733,,,,,,,,,,,,,,,,,,,,,,,,,,,,,,,,,,,,,,,,,,,,,,,,,,,,,,,,,,,,,131.5243,5.57614,17.029564,131.5243,5.57614,2.1318533,,,,,,,,,,,,,,,,,131.5243,5.6660776,0.032050453,131.5243,5.6660776,0.0044395095,,,,,,,,,,,,,,,,,,,,131.5243,5.6660776,0.0032545885,131.5243,5.6660776,27.514322,131.5243,5.6660776,0.000108486274,131.5243,5.6660776,1.0000001e-07,131.5243,5.6660776,7.0,,,,,,,
131.5243,5.606119,0.0052208835,131.5243,5.606119,0.00084783573,,,,,,,,,,,,,,,,,,,,,,,,,,,,,,,,,,,,,,,,,,,,,,,,,,,,,,,,,,,,,131.5243,5.606119,17.685514,131.5243,5.606119,1.1506245,,,,,,,,,,,,,,,,,131.5243,5.696057,0.033653144,131.5243,5.696057,-0.0009774116,,,,,,,,,,,,,,,,,,,,131.5243,5.696057,0.0049712784,131.5243,5.696057,27.521873,131.5243,5.696057,0.00016570925,131.5243,5.696057,1.0000001e-07,131.5243,5.696057,7.0,,,,,,,
131.5243,5.6360984,0.0053547523,131.5243,5.6360984,0.0011750705,,,,,,,,,,,,,,,,,,,,,,,,,,,,,,,,,,,,,,,,,,,,,,,,,,,,,,,,,,,,,131.5243,5.6360984,18.139305,131.5243,5.6360984,2.4115596,,,,,,,,,,,,,,,,,131.5243,5.726036,0.03536813,131.5243,5.726036,0.0018613697,,,,,,,,,,,,,,,,,,,,131.5243,5.726036,0.0066336454,131.5243,5.726036,27.529188,131.5243,5.726036,0.00022112152,131.5243,5.726036,1.0000001e-07,131.5243,5.726036,7.0,,,,,,,
131.5243,5.6660776,0.0048490255,131.5243,5.6660776,0.0014576826,,,,,,,,,,,,,,,,,,,,,,,,,,,,,,,,,,,,,,,,,,,,,,,,,,,,,,,,,,,,,131.5243,5.6660776,16.25847,131.5243,5.6660776,3.564902,,,,,,,,,,,,,,,,,131.5243,5.7560153,0.03025714,131.5243,5.7560153,0.0023840528,,,,,,,,,,,,,,,,,,,,131.5243,5.7560153,0.0014793877,131.5243,5.7560153,27.506508,131.5243,5.7560153,4.931293e-05,131.5243,5.7560153,1.0000001e-07,131.5243,5.7560153,7.0,,,,,,,
131.5243,5.696057,0.005057266,131.5243,5.696057,0.0008180871,,,,,,,,,,,,,,,,,,,,,,,,,,,,,,,,,,,,,,,,,,,,,,,,,,,,,,,,,,,,,131.5243,5.696057,17.001741,131.5243,5.696057,1.0425876,,,,,,,,,,,,,,,,,131.5243,5.7859945,0.02979379,131.5243,5.7859945,0.00040457997,,,,,,,,,,,,,,,,,,,,131.5243,5.7859945,0.0016352278,131.5243,5.7859945,27.507193,131.5243,5.7859945,5.4507593e-05,131.5243,5.7859945,1.0000001e-07,131.5243,5.7859945,7.0,,,,,,,
131.5243,5.726036,0.0051911348,131.5243,5.726036,0.0011453221,,,,,,,,,,,,,,,,,,,,,,,,,,,,,,,,,,,,,,,,,,,,,,,,,,,,,,,,,,,,,131.5243,5.726036,17.538269,131.5243,5.726036,2.3500676,,,,,,,,,,,,,,,,,131.5243,5.8159738,0.027611943,131.5243,5.8159738,-0.00048444705,,,,,,,,,,,,,,,,,,,,131.5243,5.8159738,-9.505999e-05,131.5243,5.8159738,27.499582,131.5243,5.8159738,-3.168665e-06,131.5243,5.8159738,1.0000001e-07,131.5243,5.8159738,7.0,,,,,,,
131.5243,5.7560153,0.0046110367,131.5243,5.7560153,0.0011304477,,,,,,,,,,,,,,,,,,,,,,,,,,,,,,,,,,,,,,,,,,,,,,,,,,,,,,,,,,,,,131.5243,5.7560153,15.488929,131.5243,5.7560153,2.3087912,,,,,,,,,,,,,,,,,131.5243,5.845953,0.031127403,131.5243,5.845953,-0.00089352974,,,,,,,,,,,,,,,,,,,,131.5243,5.845953,0.003051353,131.5243,5.845953,27.513424,131.5243,5.845953,0.00010171177,131.5243,5.845953,1.0000001e-07,131.5243,5.845953,7.0,,,,,,,
131.5243,5.7859945,0.0044920426,131.5243,5.7859945,0.0009668303,,,,,,,,,,,,,,,,,,,,,,,,,,,,,,,,,,,,,,,,,,,,,,,,,,,,,,,,,,,,,131.5243,5.7859945,14.880256,131.5243,5.7859945,1.63769,,,,,,,,,,,,,,,,,131.5243,5.875932,0.032864347,131.5243,5.875932,0.0027622092,,,,,,,,,,,,,,,,,,,,131.5243,5.875932,0.005134778,131.5243,5.875932,27.522594,131.5243,5.875932,0.00017115926,131.5243,5.875932,1.0000001e-07,131.5243,5.875932,7.0,,,,,,,
131.5243,5.8159738,0.004120184,131.5243,5.8159738,0.0007734641,,,,,,,,,,,,,,,,,,,,,,,,,,,,,,,,,,,,,,,,,,,,,,,,,,,,,,,,,,,,,131.5243,5.8159738,13.417996,131.5243,5.8159738,0.885173,,,,,,,,,,,,,,,,,131.5243,5.9059114,0.028284827,131.5243,5.9059114,0.00035283167,,,,,,,,,,,,,,,,,,,,131.5243,5.9059114,0.0005522804,131.5243,5.9059114,27.50243,131.5243,5.9059114,1.840934e-05,131.5243,5.9059114,1.0000001e-07,131.5243,5.9059114,7.0,,,,,,,
131.5243,5.845953,0.004551539,131.5243,5.845953,0.0007734641,,,,,,,,,,,,,,,,,,,,,,,,,,,,,,,,,,,,,,,,,,,,,,,,,,,,,,,,,,,,,131.5243,5.845953,15.110935,131.5243,5.845953,0.8943476,,,,,,,,,,,,,,,,,131.5243,5.9358907,0.027126385,131.5243,5.9358907,0.00096530723,,,,,,,,,,,,,,,,,,,,131.5243,5.9358907,-6.2223786e-05,131.5243,5.9358907,27.499725,131.5243,5.9358907,-2.0741265e-06,131.5243,5.9358907,1.0000001e-07,131.5243,5.9358907,7.0,,,,,,,
131.5243,5.875932,0.0046556597,131.5243,5.875932,0.0011899449,,,,,,,,,,,,,,,,,,,,,,,,,,,,,,,,,,,,,,,,,,,,,,,,,,,,,,,,,,,,,131.5243,5.875932,15.452657,131.5243,5.875932,2.54261,,,,,,,,,,,,,,,,,131.5243,5.96587,0.026287975,131.5243,5.96587,0.0010631552,,,,,,,,,,,,,,,,,,,,131.5243,5.96587,-0.0013041876,131.5243,5.96587,27.494263,131.5243,5.96587,-4.347292e-05,131.5243,5.96587,1.0000001e-07,131.5243,5.96587,7.0,,,,,,,
131.5243,5.9059114,0.00410531,131.5243,5.9059114,0.0009370816,,,,,,,,,,,,,,,,,,,,,,,,,,,,,,,,,,,,,,,,,,,,,,,,,,,,,,,,,,,,,131.5243,5.9059114,13.454711,131.5243,5.9059114,1.4963031,,,,,,,,,,,,,,,,,131.5243,5.995849,0.031040825,131.5243,5.995849,0.00064811663,,,,,,,,,,,,,,,,,,,,131.5243,5.995849,0.0,131.5243,5.995849,27.5,131.5243,5.995849,0.0,131.5243,5.995849,1.0000001e-07,131.5243,5.995849,7.0,,,,,,,
131.5243,5.9358907,0.0039268183,131.5243,5.9358907,0.0009965788,,,,,,,,,,,,,,,,,,,,,,,,,,,,,,,,,,,,,,,,,,,,,,,,,,,,,,,,,,,,,131.5243,5.9358907,12.7054615,131.5243,5.9358907,1.6837126,,,,,,,,,,,,,,,,,131.5243,6.0258284,0.027482456,131.5243,6.0258284,0.00093461096,,,,,,,,,,,,,,,,,,,,,,,,,,,,,131.5243,6.0258284,1.0000001e-07,131.5243,6.0258284,7.0,,,,,,,
131.5243,5.96587,0.003822698,131.5243,5.96587,0.0010263275,,,,,,,,,,,,,,,,,,,,,,,,,,,,,,,,,,,,,,,,,,,,,,,,,,,,,,,,,,,,,131.5243,5.96587,12.350658,131.5243,5.96587,1.8671938,,,,,,,,,,,,,,,,,131.5243,6.0558076,0.027636606,131.5243,6.0558076,0.001102138,,,,,,,,,,,,,,,,,,,,,,,,,,,,,131.5243,6.0558076,1.0000001e-07,131.5243,6.0558076,7.0,,,,,,,
131.5243,5.995849,0.004328425,131.5243,5.995849,0.000951956,,,,,,,,,,,,,,,,,,,,,,,,,,,,,,,,,,,,,,,,,,,,,,,,,,,,,,,,,,,,,131.5243,5.995849,14.330785,131.5243,5.995849,1.5855258,,,,,,,,,,,,,,,,,131.5243,6.085787,0.030397462,131.5243,6.085787,0.0007968428,,,,,,,,,,,,,,,,,,,,,,,,,,,,,131.5243,6.085787,1.0000001e-07,131.5243,6.085787,7.0,,,,,,,
131.5243,6.0258284,0.003986316,131.5243,6.0258284,0.0009519559,,,,,,,,,,,,,,,,,,,,,,,,,,,,,,,,,,,,,,,,,,,,,,,,,,,,,,,,,,,,,131.5243,6.0258284,12.953191,131.5243,6.0258284,1.5637641,,,,,,,,,,,,,,,,,131.5243,6.115766,0.027070662,131.5243,6.115766,0.00016370181,,,,,,,,,,,,,,,,,,,,,,,,,,,,,131.5243,6.115766,1.0000001e-07,131.5243,6.115766,7.0,,,,,,,
131.5243,6.0558076,0.0038673207,131.5243,6.0558076,0.0009668303,,,,,,,,,,,,,,,,,,,,,,,,,,,,,,,,,,,,,,,,,,,,,,,,,,,,,,,,,,,,,131.5243,6.0558076,12.522404,131.5243,6.0558076,1.6152925,,,,,,,,,,,,,,,,,131.5243,6.1457453,0.028670512,131.5243,6.1457453,0.0011986552,,,,,,,,,,,,,,,,,,,,,,,,,,,,,131.5243,6.1457453,1.0000001e-07,131.5243,6.1457453,7.0,,,,,,,
131.5243,6.085787,0.004179681,131.5243,6.085787,0.0009817046,,,,,,,,,,,,,,,,,,,,,,,,,,,,,,,,,,,,,,,,,,,,,,,,,,,,,,,,,,,,,131.5243,6.085787,13.742089,131.5243,6.085787,1.59528,,,,,,,,,,,,,,,,,131.5243,6.1757245,0.026987778,131.5243,6.1757245,-0.00019096208,,,,,,,,,,,,,,,,,,,,,,,,,,,,,131.5243,6.1757245,1.0000001e-07,131.5243,6.1757245,7.0,,,,,,,
131.5243,6.115766,0.0037929495,131.5243,6.115766,0.0009668303,,,,,,,,,,,,,,,,,,,,,,,,,,,,,,,,,,,,,,,,,,,,,,,,,,,,,,,,,,,,,131.5243,6.115766,12.2488,131.5243,6.115766,1.6393772,,,,,,,,,,,,,,,,,131.5243,6.2057037,0.02813374,131.5243,6.2057037,-0.0004383633,,,,,,,,,,,,,,,,,,,,,,,,,,,,,131.5243,6.2057037,1.0000001e-07,131.5243,6.2057037,7.0,,,,,,,
131.5243,6.1457453,0.0039268187,131.5243,6.1457453,0.0010114531,,,,,,,,,,,,,,,,,,,,,,,,,,,,,,,,,,,,,,,,,,,,,,,,,,,,,,,,,,,,,131.5243,6.1457453,12.837026,131.5243,6.1457453,1.84564,,,,,,,,,,,,,,,,,131.5243,6.235683,0.027216963,131.5243,6.235683,0.0014382418,,,,,,,,,,,,,,,,,,,,,,,,,,,,,131.5243,6.235683,1.0000001e-07,131.5243,6.235683,7.0,,,,,,,
131.5243,6.1757245,0.0037037039,131.5243,6.1757245,0.00092220743,,,,,,,,,,,,,,,,,,,,,,,,,,,,,,,,,,,,,,,,,,,,,,,,,,,,,,,,,,,,,131.5243,6.1757245,11.910368,131.5243,6.1757245,1.4450691,,,,,,,,,,,,,,,,,131.5243,6.2656627,0.027043555,131.5243,6.2656627,0.0015714339,,,,,,,,,,,,,,,,,,,,,,,,,,,,,131.5243,6.2656627,1.0000001e-07,131.5243,6.2656627,7.0,,,,,,,
131.5243,6.2057037,0.003763201,131.5243,6.2057037,0.00090733304,,,,,,,,,,,,,,,,,,,,,,,,,,,,,,,,,,,,,,,,,,,,,,,,,,,,,,,,,,,,,131.5243,6.2057037,12.17176,131.5243,6.2057037,1.3940867,,,,,,,,,,,,,,,,,131.5243,6.295642,0.027902357,131.5243,6.295642,-0.00043102654,,,,,,,,,,,,,,,,,,,,,,,,,,,,,131.5243,6.295642,1.0000001e-07,131.5243,6.295642,7.0,,,,,,,
131.5243,6.235683,0.0035995836,131.5243,6.235683,0.0010560761,,,,,,,,,,,,,,,,,,,,,,,,,,,,,,,,,,,,,,,,,,,,,,,,,,,,,,,,,,,,,131.5243,6.235683,11.500899,131.5243,6.235683,2.0194304,,,,,,,,,,,,,,,,,131.5243,6.325621,0.027106931,131.5243,6.325621,0.001205849,,,,,,,,,,,,,,,,,,,,,,,,,,,,,131.5243,6.325621,1.0000001e-07,131.5243,6.325621,7.0,,,,,,,
131.5243,6.265662,0.0036888293,131.5243,6.265662,0.0009817046,,,,,,,,,,,,,,,,,,,,,,,,,,,,,,,,,,,,,,,,,,,,,,,,,,,,,,,,,,,,,131.5243,6.265662,11.804907,131.5243,6.265662,1.6808436,,,,,,,,,,,,,,,,,131.5243,6.3556004,0.028590301,131.5243,6.3556004,0.00084836193,,,,,,,,,,,,,,,,,,,,,,,,,,,,,131.5243,6.3556004,1.0000001e-07,131.5243,6.3556004,7.0,,,,,,,
131.5243,6.2956414,0.0037037039,131.5243,6.2956414,0.00090733304,,,,,,,,,,,,,,,,,,,,,,,,,,,,,,,,,,,,,,,,,,,,,,,,,,,,,,,,,,,,,131.5243,6.2956414,11.985424,131.5243,6.2956414,1.3918203,,,,,,,,,,,,,,,,,131.5243,6.3855796,0.022183903,131.5243,6.3855796,-0.0002692825,,,,,,,,,,,,,,,,,,,,,,,,,,,,,131.5243,6.3855796,1.0000001e-07,131.5243,6.3855796,7.0,,,,,,,
131.5243,6.3256207,0.0035698344,131.5243,6.3256207,0.00093708164,,,,,,,,,,,,,,,,,,,,,,,,,,,,,,,,,,,,,,,,,,,,,,,,,,,,,,,,,,,,,131.5243,6.3256207,11.406239,131.5243,6.3256207,1.4799132,,,,,,,,,,,,,,,,,131.5243,6.415559,0.025082506,131.5243,6.415559,0.000775797,,,,,,,,,,,,,,,,,,,,,,,,,,,,,131.5243,6.415559,1.0000001e-07,131.5243,6.415559,7.0,,,,,,,
131.5243,6.3556,0.0036442066,131.5243,6.3556,0.00090733304,,,,,,,,,,,,,,,,,,,,,,,,,,,,,,,,,,,,,,,,,,,,,,,,,,,,,,,,,,,,,131.5243,6.3556,11.728596,131.5243,6.3556,1.4269723,,,,,,,,,,,,,,,,,131.5243,6.445538,0.025844675,131.5243,6.445538,-0.0015984572,,,,,,,,,,,,,,,,,,,,,,,,,,,,,131.5243,6.445538,1.0000001e-07,131.5243,6.445538,7.0,,,,,,,
131.5243,6.385579,0.0030789827,131.5243,6.385579,0.0007734642,,,,,,,,,,,,,,,,,,,,,,,,,,,,,,,,,,,,,,,,,,,,,,,,,,,,,,,,,,,,,131.5243,6.385579,9.572911,131.5243,6.385579,0.9139754,,,,,,,,,,,,,,,,,131.5243,6.4755173,0.029010914,131.5243,6.4755173,0.00070454966,,,,,,,,,,,,,,,,,,,,,,,,,,,,,131.5243,6.4755173,1.0000001e-07,131.5243,6.4755173,7.0,,,,,,,
131.5243,6.415559,0.0033020973,131.5243,6.415559,0.0009370816,,,,,,,,,,,,,,,,,,,,,,,,,,,,,,,,,,,,,,,,,,,,,,,,,,,,,,,,,,,,,131.5243,6.415559,10.476524,131.5243,6.415559,1.5758789,,,,,,,,,,,,,,,,,131.5243,6.5054965,0.02592557,131.5243,6.5054965,0.0028777334,,,,,,,,,,,,,,,,,,,,,,,,,,,,,131.5243,6.5054965,1.0000001e-07,131.5243,6.5054965,7.0,,,,,,,
131.5243,6.445538,0.0034359659,131.5243,6.445538,0.0007734641,,,,,,,,,,,,,,,,,,,,,,,,,,,,,,,,,,,,,,,,,,,,,,,,,,,,,,,,,,,,,131.5243,6.445538,10.913567,131.5243,6.445538,0.88224405,,,,,,,,,,,,,,,,,131.5243,6.5354757,0.024788072,131.5243,6.5354757,0.00035585536,,,,,,,,,,,,,,,,,,,,,,,,,,,,,131.5243,6.5354757,1.0000001e-07,131.5243,6.5354757,7.0,,,,,,,
131.5243,6.4755173,0.0036442066,131.5243,6.4755173,0.00093708164,,,,,,,,,,,,,,,,,,,,,,,,,,,,,,,,,,,,,,,,,,,,,,,,,,,,,,,,,,,,,131.5243,6.4755173,11.64586,131.5243,6.4755173,1.4974438,,,,,,,,,,,,,,,,,131.5243,6.565455,0.018436108,131.5243,6.565455,0.0019210051,,,,,,,,,,,,,,,,,,,,,,,,,,,,,131.5243,6.565455,1.0000001e-07,131.5243,6.565455,7.0,,,,,,,
131.5243,6.5054965,0.0032723488,131.5243,6.5054965,0.0009965788,,,,,,,,,,,,,,,,,,,,,,,,,,,,,,,,,,,,,,,,,,,,,,,,,,,,,,,,,,,,,131.5243,6.5054965,10.326087,131.5243,6.5054965,1.7131969,,,,,,,,,,,,,,,,,131.5243,6.595434,0.028955407,131.5243,6.595434,0.0021796771,,,,,,,,,,,,,,,,,,,,,,,,,,,,,131.5243,6.595434,1.0000001e-07,131.5243,6.595434,7.0,,,,,,,
131.5243,6.5354757,0.0032128515,131.5243,6.5354757,0.00084783573,,,,,,,,,,,,,,,,,,,,,,,,,,,,,,,,,,,,,,,,,,,,,,,,,,,,,,,,,,,,,131.5243,6.5354757,10.051099,131.5243,6.5354757,1.1750894,,,,,,,,,,,,,,,,,131.5243,6.6254134,0.031204794,131.5243,6.6254134,0.0039754114,,,,,,,,,,,,,,,,,,,,,,,,,,,,,131.5243,6.6254134,1.0000001e-07,131.5243,6.6254134,7.0,,,,,,,
131.5243,6.565455,0.0025583818,131.5243,6.565455,0.0010114532,,,,,,,,,,,,,,,,,,,,,,,,,,,,,,,,,,,,,,,,,,,,,,,,,,,,,,,,,,,,,131.5243,6.565455,7.541382,131.5243,6.565455,1.7812623,,,,,,,,,,,,,,,,,131.5243,6.6553926,0.021451147,131.5243,6.6553926,0.0012040677,,,,,,,,,,,,,,,,,,,,,,,,,,,,,131.5243,6.6553926,1.0000001e-07,131.5243,6.6553926,7.0,,,,,,,
131.5243,6.595434,0.0034657149,131.5243,6.595434,0.0009668303,,,,,,,,,,,,,,,,,,,,,,,,,,,,,,,,,,,,,,,,,,,,,,,,,,,,,,,,,,,,,131.5243,6.595434,11.010425,131.5243,6.595434,1.668406,,,,,,,,,,,,,,,,,131.5243,6.685372,0.025082119,131.5243,6.685372,-0.0008908727,,,,,,,,,,,,,,,,,,,,,,,,,,,,,131.5243,6.685372,1.0000001e-07,131.5243,6.685372,7.0,,,,,,,
131.5243,6.6254134,0.0037185778,131.5243,6.6254134,0.0011750706,,,,,,,,,,,,,,,,,,,,,,,,,,,,,,,,,,,,,,,,,,,,,,,,,,,,,,,,,,,,,131.5243,6.6254134,12.000276,131.5243,6.6254134,2.3969934,,,,,,,,,,,,,,,,,131.5243,6.715351,0.022806752,131.5243,6.715351,-0.0013312162,,,,,,,,,,,,,,,,,,,,,,,,,,,,,131.5243,6.715351,1.0000001e-07,131.5243,6.715351,7.0,,,,,,,
131.5243,6.6553926,0.0027814964,131.5243,6.6553926,0.0009817047,,,,,,,,,,,,,,,,,,,,,,,,,,,,,,,,,,,,,,,,,,,,,,,,,,,,,,,,,,,,,131.5243,6.6553926,8.363274,131.5243,6.6553926,1.69189,,,,,,,,,,,,,,,,,131.5243,6.7453303,0.029556433,131.5243,6.7453303,0.0016636963,,,,,,,,,,,,,,,,,,,,,,,,,,,,,131.5243,6.7453303,1.0000001e-07,131.5243,6.7453303,7.0,,,,,,,
131.5243,6.685372,0.0030938569,131.5243,6.685372,0.00084783573,,,,,,,,,,,,,,,,,,,,,,,,,,,,,,,,,,,,,,,,,,,,,,,,,,,,,,,,,,,,,131.5243,6.685372,9.66418,131.5243,6.685372,1.2000067,,,,,,,,,,,,,,,,,131.5243,6.7753096,0.023402233,131.5243,6.7753096,0.00018778416,,,,,,,,,,,,,,,,,,,,,,,,,,,,,131.5243,6.7753096,1.0000001e-07,131.5243,6.7753096,7.0,,,,,,,
131.5243,6.715351,0.002915365,131.5243,6.715351,0.0007883385,,,,,,,,,,,,,,,,,,,,,,,,,,,,,,,,,,,,,,,,,,,,,,,,,,,,,,,,,,,,,131.5243,6.715351,8.90717,131.5243,6.715351,0.9521178,,,,,,,,,,,,,,,,,131.5243,6.805289,0.02463042,131.5243,6.805289,-0.0010858943,,,,,,,,,,,,,,,,,,,,,,,,,,,,,131.5243,6.805289,1.0000001e-07,131.5243,6.805289,7.0,,,,,,,
131.5243,6.7453303,0.0034210917,131.5243,6.7453303,0.0010263274,,,,,,,,,,,,,,,,,,,,,,,,,,,,,,,,,,,,,,,,,,,,,,,,,,,,,,,,,,,,,131.5243,6.7453303,10.855696,131.5243,6.7453303,1.9091284,,,,,,,,,,,,,,,,,131.5243,6.835268,0.026864953,131.5243,6.835268,0.0010901049,,,,,,,,,,,,,,,,,,,,,,,,,,,,,131.5243,6.835268,1.0000001e-07,131.5243,6.835268,7.0,,,,,,,
131.5243,6.7753096,0.0028409937,131.5243,6.7753096,0.0008032128,,,,,,,,,,,,,,,,,,,,,,,,,,,,,,,,,,,,,,,,,,,,,,,,,,,,,,,,,,,,,131.5243,6.7753096,8.665172,131.5243,6.7753096,1.0243672,,,,,,,,,,,,,,,,,131.5243,6.8652472,0.030545613,131.5243,6.8652472,0.0007417989,,,,,,,,,,,,,,,,,,,,,,,,,,,,,131.5243,6.8652472,1.0000001e-07,131.5243,6.8652472,7.0,,,,,,,
131.5243,6.805289,0.002945114,131.5243,6.805289,0.0008180871,,,,,,,,,,,,,,,,,,,,,,,,,,,,,,,,,,,,,,,,,,,,,,,,,,,,,,,,,,,,,131.5243,6.805289,9.010525,131.5243,6.805289,1.0542332,,,,,,,,,,,,,,,,,131.5243,6.8952265,0.025116077,131.5243,6.8952265,-0.0028315042,,,,,,,,,,,,,,,,,,,,,,,,,,,,,131.5243,6.8952265,1.0000001e-07,131.5243,6.8952265,7.0,,,,,,,
131.5243,6.835268,0.0031236054,131.5243,6.835268,0.0008924587,,,,,,,,,,,,,,,,,,,,,,,,,,,,,,,,,,,,,,,,,,,,,,,,,,,,,,,,,,,,,131.5243,6.835268,9.768889,131.5243,6.835268,1.3162115,,,,,,,,,,,,,,,,,131.5243,6.9252057,0.028070748,131.5243,6.9252057,-0.0007947125,,,,,,,,,,,,,,,,,,,,,,,,,,,,,131.5243,6.9252057,1.0000001e-07,131.5243,6.9252057,7.0,,,,,,,
131.5243,6.8652472,0.0034210917,131.5243,6.8652472,0.00086271006,,,,,,,,,,,,,,,,,,,,,,,,,,,,,,,,,,,,,,,,,,,,,,,,,,,,,,,,,,,,,131.5243,6.8652472,10.807463,131.5243,6.8652472,1.2399812,,,,,,,,,,,,,,,,,131.5243,6.955185,0.025607517,131.5243,6.955185,0.0003632482,,,,,,,,,,,,,,,,,,,,,,,,,,,,,131.5243,6.955185,1.0000001e-07,131.5243,6.955185,7.0,,,,,,,
131.5243,6.8952265,0.0029451142,131.5243,6.8952265,0.00069909263,,,,,,,,,,,,,,,,,,,,,,,,,,,,,,,,,,,,,,,,,,,,,,,,,,,,,,,,,,,,,131.5243,6.8952265,9.031323,131.5243,6.8952265,0.62587017,,,,,,,,,,,,,,,,,131.5243,6.985164,0.02549535,131.5243,6.985164,0.00080716825,,,,,,,,,,,,,,,,,,,,,,,,,,,,,131.5243,6.985164,1.0000001e-07,131.5243,6.985164,7.0,,,,,,,
131.5243,6.9252057,0.003197977,131.5243,6.9252057,0.0007585899,,,,,,,,,,,,,,,,,,,,,,,,,,,,,,,,,,,,,,,,,,,,,,,,,,,,,,,,,,,,,131.5243,6.9252057,10.021002,131.5243,6.9252057,0.91551197,,,,,,,,,,,,,,,,,131.5243,7.0151434,0.024973262,131.5243,7.0151434,-0.001275294,,,,,,,,,,,,,,,,,,,,,,,,,,,,,131.5243,7.0151434,1.0000001e-07,131.5243,7.0151434,7.0,,,,,,,
131.5243,6.955185,0.002915365,131.5243,6.955185,0.00086271006,,,,,,,,,,,,,,,,,,,,,,,,,,,,,,,,,,,,,,,,,,,,,,,,,,,,,,,,,,,,,131.5243,6.955185,8.974255,131.5243,6.955185,1.233796,,,,,,,,,,,,,,,,,131.5243,7.0451226,0.025028216,131.5243,7.0451226,0.001409559,,,,,,,,,,,,,,,,,,,,,,,,,,,,,131.5243,7.0451226,1.0000001e-07,131.5243,7.0451226,7.0,,,,,,,
131.5243,6.985164,0.0029748622,131.5243,6.985164,0.0008478358,,,,,,,,,,,,,,,,,,,,,,,,,,,,,,,,,,,,,,,,,,,,,,,,,,,,,,,,,,,,,131.5243,6.985164,9.219663,131.5243,6.985164,1.1940888,,,,,,,,,,,,,,,,,131.5243,7.0751023,0.023732383,131.5243,7.0751023,0.00093738205,,,,,,,,,,,,,,,,,,,,,,,,,,,,,131.5243,7.0751023,1.0000001e-07,131.5243,7.0751023,7.0,,,,,,,
131.5243,7.0151434,0.002855868,131.5243,7.0151434,0.00078833854,,,,,,,,,,,,,,,,,,,,,,,,,,,,,,,,,,,,,,,,,,,,,,,,,,,,,,,,,,,,,131.5243,7.0151434,8.685147,131.5243,7.0151434,1.0021138,,,,,,,,,,,,,,,,,131.5243,7.1050816,0.026751224,131.5243,7.1050816,-0.0010403997,,,,,,,,,,,,,,,,,,,,,,,,,,,,,131.5243,7.1050816,1.0000001e-07,131.5243,7.1050816,7.0,,,,,,,
131.5243,7.0451226,0.0028112452,131.5243,7.0451226,0.0009222073,,,,,,,,,,,,,,,,,,,,,,,,,,,,,,,,,,,,,,,,,,,,,,,,,,,,,,,,,,,,,131.5243,7.0451226,8.536891,131.5243,7.0451226,1.4793515,,,,,,,,,,,,,,,,,131.5243,7.135061,0.022915147,131.5243,7.135061,-0.00016758939,,,,,,,,,,,,,,,,,,,,,,,,,,,,,131.5243,7.135061,1.0000001e-07,131.5243,7.135061,7.0,,,,,,,
131.5243,7.075102,0.0027517478,131.5243,7.075102,0.0008924587,,,,,,,,,,,,,,,,,,,,,,,,,,,,,,,,,,,,,,,,,,,,,,,,,,,,,,,,,,,,,131.5243,7.075102,8.267935,131.5243,7.075102,1.3765563,,,,,,,,,,,,,,,,,131.5243,7.16504,0.020957159,131.5243,7.16504,-0.00011102935,,,,,,,,,,,,,,,,,,,,,,,,,,,,,131.5243,7.16504,1.0000001e-07,131.5243,7.16504,7.0,,,,,,,
131.5243,7.105081,0.0029153652,131.5243,7.105081,0.0007288412,,,,,,,,,,,,,,,,,,,,,,,,,,,,,,,,,,,,,,,,,,,,,,,,,,,,,,,,,,,,,131.5243,7.105081,8.944338,131.5243,7.105081,0.75001615,,,,,,,,,,,,,,,,,131.5243,7.1950192,0.022282645,131.5243,7.1950192,0.001959497,,,,,,,,,,,,,,,,,,,,,,,,,,,,,131.5243,7.1950192,1.0000001e-07,131.5243,7.1950192,7.0,,,,,,,
131.5243,7.1350603,0.0026922503,131.5243,7.1350603,0.00086271006,,,,,,,,,,,,,,,,,,,,,,,,,,,,,,,,,,,,,,,,,,,,,,,,,,,,,,,,,,,,,131.5243,7.1350603,8.073081,131.5243,7.1350603,1.1935033,,,,,,,,,,,,,,,,,131.5243,7.2249985,0.026362471,131.5243,7.2249985,-0.0006336367,,,,,,,,,,,,,,,,,,,,,,,,,,,,,131.5243,7.2249985,1.0000001e-07,131.5243,7.2249985,7.0,,,,,,,
131.5243,7.1650395,0.0024542615,131.5243,7.1650395,0.00083296146,,,,,,,,,,,,,,,,,,,,,,,,,,,,,,,,,,,,,,,,,,,,,,,,,,,,,,,,,,,,,131.5243,7.1650395,7.193159,131.5243,7.1650395,1.1279708,,,,,,,,,,,,,,,,,131.5243,7.2549777,0.023376953,131.5243,7.2549777,0.00031862062,,,,,,,,,,,,,,,,,,,,,,,,,,,,,131.5243,7.2549777,1.0000001e-07,131.5243,7.2549777,7.0,,,,,,,
131.5243,7.195019,0.0024988847,131.5243,7.195019,0.00093708164,,,,,,,,,,,,,,,,,,,,,,,,,,,,,,,,,,,,,,,,,,,,,,,,,,,,,,,,,,,,,131.5243,7.195019,7.3529215,131.5243,7.195019,1.5425161,,,,,,,,,,,,,,,,,131.5243,7.284957,0.025335178,131.5243,7.284957,0.0023002513,,,,,,,,,,,,,,,,,,,,,,,,,,,,,131.5243,7.284957,0.042678982,131.5243,7.284957,5.0,,,,,,,
131.5243,7.224998,0.0029004908,131.5243,7.224998,0.00081808714,,,,,,,,,,,,,,,,,,,,,,,,,,,,,,,,,,,,,,,,,,,,,,,,,,,,,,,,,,,,,131.5243,7.224998,8.853656,131.5243,7.224998,1.0289243,,,,,,,,,,,,,,,,,131.5243,7.314936,0.029945962,131.5243,7.314936,-0.001773537,,,,,,,,,,,,,,,,,,,,,,,,,,,,,131.5243,7.314936,1.0000001e-07,131.5243,7.314936,7.0,,,,,,,
131.5243,7.2549777,0.0025583815,131.5243,7.2549777,0.00083296146,,,,,,,,,,,,,,,,,,,,,,,,,,,,,,,,,,,,,,,,,,,,,,,,,,,,,,,,,,,,,131.5243,7.2549777,7.568601,131.5243,7.2549777,1.1737757,,,,,,,,,,,,,,,,,131.5243,7.3449154,0.027454572,131.5243,7.3449154,0.0005622063,,,,,,,,,,,,,,,,,,,,,,,,,,,,,131.5243,7.3449154,1.0000001e-07,131.5243,7.3449154,7.0,,,,,,,
131.5243,7.284957,0.0026922503,131.5243,7.284957,0.0009965788,,,,,,,,,,,,,,,,,,,,,,,,,,,,,,,,,,,,,,,,,,,,,,,,,,,,,,,,,,,,,131.5243,7.284957,8.075775,131.5243,7.284957,1.8318193,,,,,,,,,,,,,,,,,131.5243,7.3748946,0.02541096,131.5243,7.3748946,-0.0013050536,,,,,,,,,,,,,,,,,,,,,,,,,,,,,131.5243,7.3748946,1.0000001e-07,131.5243,7.3748946,7.0,,,,,,,
131.5243,7.314936,0.0030194852,131.5243,7.314936,0.00071396696,,,,,,,,,,,,,,,,,,,,,,,,,,,,,,,,,,,,,,,,,,,,,,,,,,,,,,,,,,,,,131.5243,7.314936,9.275676,131.5243,7.314936,0.67478484,,,,,,,,,,,,,,,,,131.5243,7.404874,0.02555672,131.5243,7.404874,-0.0003950943,,,,,,,,,,,,,,,,,,,,,,,,,,,,,131.5243,7.404874,1.0000001e-07,131.5243,7.404874,7.0,,,,,,,
131.5243,7.3449154,0.0028856164,131.5243,7.3449154,0.0009222073,,,,,,,,,,,,,,,,,,,,,,,,,,,,,,,,,,,,,,,,,,,,,,,,,,,,,,,,,,,,,131.5243,7.3449154,8.823335,131.5243,7.3449154,1.5169297,,,,,,,,,,,,,,,,,131.5243,7.434853,0.021842174,131.5243,7.434853,0.00029097716,,,,,,,,,,,,,,,,,,,,,,,,,,,,,131.5243,7.434853,1.0000001e-07,131.5243,7.434853,7.0,,,,,,,
131.5243,7.3748946,0.0027368732,131.5243,7.3748946,0.00074371556,,,,,,,,,,,,,,,,,,,,,,,,,,,,,,,,,,,,,,,,,,,,,,,,,,,,,,,,,,,,,131.5243,7.3748946,8.297552,131.5243,7.3748946,0.788037,,,,,,,,,,,,,,,,,131.5243,7.4648323,0.020028787,131.5243,7.4648323,0.0004466305,,,,,,,,,,,,,,,,,,,,,,,,,,,,,131.5243,7.4648323,1.0000001e-07,131.5243,7.4648323,7.0,,,,,,,
131.5243,7.404874,0.0026922505,131.5243,7.404874,0.00080321287,,,,,,,,,,,,,,,,,,,,,,,,,,,,,,,,,,,,,,,,,,,,,,,,,,,,,,,,,,,,,131.5243,7.404874,8.07708,131.5243,7.404874,1.0066351,,,,,,,,,,,,,,,,,131.5243,7.4948115,0.024543736,131.5243,7.4948115,0.001074432,,,,,,,,,,,,,,,,,,,,,,,,,,,,,131.5243,7.4948115,1.0000001e-07,131.5243,7.4948115,7.0,,,,,,,
131.5243,7.434853,0.0023650157,131.5243,7.434853,0.00084783573,,,,,,,,,,,,,,,,,,,,,,,,,,,,,,,,,,,,,,,,,,,,,,,,,,,,,,,,,,,,,131.5243,7.434853,6.8125134,131.5243,7.434853,1.205077,,,,,,,,,,,,,,,,,131.5243,7.524791,0.020228526,131.5243,7.524791,-0.0026055153,,,,,,,,,,,,,,,,,,,,,,,,,,,,,131.5243,7.524791,1.0000001e-07,131.5243,7.524791,7.0,,,,,,,
131.5243,7.4648323,0.0022757696,131.5243,7.4648323,0.00086271,,,,,,,,,,,,,,,,,,,,,,,,,,,,,,,,,,,,,,,,,,,,,,,,,,,,,,,,,,,,,131.5243,7.4648323,6.4906006,131.5243,7.4648323,1.2362912,,,,,,,,,,,,,,,,,131.5243,7.55477,0.022781102,131.5243,7.55477,-0.0018157555,,,,,,,,,,,,,,,,,,,,,,,,,,,,,131.5243,7.55477,1.0000001e-07,131.5243,7.55477,7.0,,,,,,,
131.5243,7.4948115,0.0025583815,131.5243,7.4948115,0.00084783573,,,,,,,,,,,,,,,,,,,,,,,,,,,,,,,,,,,,,,,,,,,,,,,,,,,,,,,,,,,,,131.5243,7.4948115,7.537577,131.5243,7.4948115,1.1545724,,,,,,,,,,,,,,,,,131.5243,7.584749,0.01717241,131.5243,7.584749,-0.0017236001,,,,,,,,,,,,,,,,,,,,,,,,,,,,,131.5243,7.584749,1.0000001e-07,131.5243,7.584749,7.0,,,,,,,
131.5243,7.524791,0.0022311467,131.5243,7.524791,0.0006395954,,,,,,,,,,,,,,,,,,,,,,,,,,,,,,,,,,,,,,,,,,,,,,,,,,,,,,,,,,,,,131.5243,7.524791,6.3037925,131.5243,7.524791,0.40092406,,,,,,,,,,,,,,,,,131.5243,7.6147285,0.02242313,131.5243,7.6147285,-0.00043216493,,,,,,,,,,,,,,,,,,,,,,,,,,,,,131.5243,7.6147285,1.0000001e-07,131.5243,7.6147285,7.0,,,,,,,
131.5243,7.55477,0.0023947645,131.5243,7.55477,0.00069909263,,,,,,,,,,,,,,,,,,,,,,,,,,,,,,,,,,,,,,,,,,,,,,,,,,,,,,,,,,,,,131.5243,7.55477,6.9935665,131.5243,7.55477,0.63308495,,,,,,,,,,,,,,,,,131.5243,7.6447077,0.026110576,131.5243,7.6447077,-0.0011687062,,,,,,,,,,,,,,,,,,,,,,,,,,,,,131.5243,7.6447077,1.0000001e-07,131.5243,7.6447077,7.0,,,,,,,
131.5243,7.584749,0.0020377808,131.5243,7.584749,0.00068421836,,,,,,,,,,,,,,,,,,,,,,,,,,,,,,,,,,,,,,,,,,,,,,,,,,,,,,,,,,,,,131.5243,7.584749,5.6120124,131.5243,7.584749,0.58151466,,,,,,,,,,,,,,,,,131.5243,7.674687,0.026457777,131.5243,7.674687,-0.004123239,,,,,,,,,,,,,,,,,,,,,,,,,,,,,131.5243,7.674687,1.0000001e-07,131.5243,7.674687,7.0,,,,,,,
131.5243,7.6147285,0.0023501413,131.5243,7.6147285,0.0007139669,,,,,,,,,,,,,,,,,,,,,,,,,,,,,,,,,,,,,,,,,,,,,,,,,,,,,,,,,,,,,131.5243,7.6147285,6.771334,131.5243,7.6147285,0.63706714,,,,,,,,,,,,,,,,,131.5243,7.704666,0.023134293,131.5243,7.704666,-3.3787554e-05,,,,,,,,,,,,,,,,,,,,,,,,,,,,,131.5243,7.704666,1.0000001e-07,131.5243,7.704666,7.0,,,,,,,
131.5243,7.6447077,0.002528633,131.5243,7.6447077,0.00069909263,,,,,,,,,,,,,,,,,,,,,,,,,,,,,,,,,,,,,,,,,,,,,,,,,,,,,,,,,,,,,131.5243,7.6447077,7.453174,131.5243,7.6447077,0.6404506,,,,,,,,,,,,,,,,,131.5243,7.7346454,0.022219915,131.5243,7.7346454,0.0021852015,,,,,,,,,,,,,,,,,,,,,,,,,,,,,131.5243,7.7346454,1.0000001e-07,131.5243,7.7346454,7.0,,,,,,,
131.5243,7.674687,0.0025881303,131.5243,7.674687,0.00058009813,,,,,,,,,,,,,,,,,,,,,,,,,,,,,,,,,,,,,,,,,,,,,,,,,,,,,,,,,,,,,131.5243,7.674687,7.682823,131.5243,7.674687,0.17147572,,,,,,,,,,,,,,,,,131.5243,7.7646246,0.027428536,131.5243,7.7646246,-0.001838178,,,,,,,,,,,,,,,,,,,,,,,,,,,,,131.5243,7.7646246,1.0000001e-07,131.5243,7.7646246,7.0,,,,,,,
131.5243,7.704666,0.0024542615,131.5243,7.704666,0.00072884123,,,,,,,,,,,,,,,,,,,,,,,,,,,,,,,,,,,,,,,,,,,,,,,,,,,,,,,,,,,,,131.5243,7.704666,7.185892,131.5243,7.704666,0.68048775,,,,,,,,,,,,,,,,,131.5243,7.794604,0.022021048,131.5243,7.794604,-0.0013275607,,,,,,,,,,,,,,,,,,,,,,,,,,,,,131.5243,7.794604,1.0000001e-07,131.5243,7.794604,7.0,,,,,,,
131.5243,7.7346454,0.0022162725,131.5243,7.7346454,0.000951956,,,,,,,,,,,,,,,,,,,,,,,,,,,,,,,,,,,,,,,,,,,,,,,,,,,,,,,,,,,,,131.5243,7.7346454,6.2732477,131.5243,7.7346454,1.5976074,,,,,,,,,,,,,,,,,131.5243,7.824583,0.024329666,131.5243,7.824583,-0.0010981614,,,,,,,,,,,,,,,,,,,,,,,,,,,,,131.5243,7.824583,1.0000001e-07,131.5243,7.824583,7.0,,,,,,,
131.5243,7.7646246,0.0026327532,131.5243,7.7646246,0.00068421836,,,,,,,,,,,,,,,,,,,,,,,,,,,,,,,,,,,,,,,,,,,,,,,,,,,,,,,,,,,,,131.5243,7.7646246,7.917439,131.5243,7.7646246,0.5511774,,,,,,,,,,,,,,,,,131.5243,7.8545623,0.026411774,131.5243,7.8545623,0.002010595,,,,,,,,,,,,,,,,,,,,,,,,,,,,,131.5243,7.8545623,1.0000001e-07,131.5243,7.8545623,7.0,,,,,,,
131.5243,7.794604,0.0023055184,131.5243,7.794604,0.00071396696,,,,,,,,,,,,,,,,,,,,,,,,,,,,,,,,,,,,,,,,,,,,,,,,,,,,,,,,,,,,,131.5243,7.794604,6.6335535,131.5243,7.794604,0.6504215,,,,,,,,,,,,,,,,,131.5243,7.8845415,0.024724107,131.5243,7.8845415,0.001892931,,,,,,,,,,,,,,,,,,,,,,,,,,,,,131.5243,7.8845415,1.0000001e-07,131.5243,7.8845415,7.0,,,,,,,
131.5243,7.824583,0.0023798896,131.5243,7.824583,0.00069909263,,,,,,,,,,,,,,,,,,,,,,,,,,,,,,,,,,,,,,,,,,,,,,,,,,,,,,,,,,,,,131.5243,7.824583,6.9563065,131.5243,7.824583,0.67187977,,,,,,,,,,,,,,,,,131.5243,7.914521,0.023274206,131.5243,7.914521,-0.0006923909,,,,,,,,,,,,,,,,,,,,,,,,,,,,,131.5243,7.914521,1.0000001e-07,131.5243,7.914521,7.0,,,,,,,
131.5243,7.8545623,0.0025137586,131.5243,7.8545623,0.0008924587,,,,,,,,,,,,,,,,,,,,,,,,,,,,,,,,,,,,,,,,,,,,,,,,,,,,,,,,,,,,,131.5243,7.8545623,7.4054008,131.5243,7.8545623,1.2679993,,,,,,,,,,,,,,,,,131.5243,7.9445004,0.016283829,131.5243,7.9445004,0.004213688,,,,,,,,,,,,,,,,,,,,,,,,,,,,,131.5243,7.9445004,1.0000001e-07,131.5243,7.9445004,7.0,,,,,,,
131.5243,7.8845415,0.0023650157,131.5243,7.8845415,0.0009222073,,,,,,,,,,,,,,,,,,,,,,,,,,,,,,,,,,,,,,,,,,,,,,,,,,,,,,,,,,,,,131.5243,7.8845415,6.7943335,131.5243,7.8845415,1.4438162,,,,,,,,,,,,,,,,,131.5243,7.9744797,0.019431926,131.5243,7.9744797,-0.0026520307,,,,,,,,,,,,,,,,,,,,,,,,,,,,,131.5243,7.9744797,1.0000001e-07,131.5243,7.9744797,7.0,,,,,,,
131.5243,7.9145207,0.0022608954,131.5243,7.9145207,0.000713967,,,,,,,,,,,,,,,,,,,,,,,,,,,,,,,,,,,,,,,,,,,,,,,,,,,,,,,,,,,,,131.5243,7.9145207,6.470909,131.5243,7.9145207,0.63324517,,,,,,,,,,,,,,,,,131.5243,8.004458,0.029107882,131.5243,8.004458,0.0012654762,,,,,,,,,,,,,,,,,,,,,,,,,,,,,131.5243,8.004458,1.0000001e-07,131.5243,8.004458,7.0,,,,,,,
131.5243,7.9445,0.0018295404,131.5243,7.9445,0.0009817046,,,,,,,,,,,,,,,,,,,,,,,,,,,,,,,,,,,,,,,,,,,,,,,,,,,,,,,,,,,,,131.5243,7.9445,4.842187,131.5243,7.9445,1.6892788,,,,,,,,,,,,,,,,,131.5243,8.034438,0.022709772,131.5243,8.034438,4.95758e-05,,,,,,,,,,,,,,,,,,,,,,,,,,,,,131.5243,8.034438,1.0000001e-07,131.5243,8.034438,7.0,,,,,,,
131.5243,7.974479,0.001993158,131.5243,7.974479,0.00065446965,,,,,,,,,,,,,,,,,,,,,,,,,,,,,,,,,,,,,,,,,,,,,,,,,,,,,,,,,,,,,131.5243,7.974479,5.4648514,131.5243,7.974479,0.46571234,,,,,,,,,,,,,,,,,131.5243,8.064417,0.02396851,131.5243,8.064417,-0.0005835952,,,,,,,,,,,,,,,,,,,,,,,,,,,,,131.5243,8.064417,1.0000001e-07,131.5243,8.064417,7.0,,,,,,,
131.5243,8.004458,0.0025881303,131.5243,8.004458,0.0008924586,,,,,,,,,,,,,,,,,,,,,,,,,,,,,,,,,,,,,,,,,,,,,,,,,,,,,,,,,,,,,131.5243,8.004458,7.692978,131.5243,8.004458,1.3655466,,,,,,,,,,,,,,,,,131.5243,8.094397,0.0238126,131.5243,8.094397,0.003195734,,,,,,,,,,,,,,,,,,,,,,,,,,,,,131.5243,8.094397,1.0000001e-07,131.5243,8.094397,7.0,,,,,,,
131.5243,8.034438,0.002246021,131.5243,8.034438,0.0007139669,,,,,,,,,,,,,,,,,,,,,,,,,,,,,,,,,,,,,,,,,,,,,,,,,,,,,,,,,,,,,131.5243,8.034438,6.40577,131.5243,8.034438,0.66535145,,,,,,,,,,,,,,,,,131.5243,8.124375,0.022580683,131.5243,8.124375,-0.00075728155,,,,,,,,,,,,,,,,,,,,,,,,,,,,,131.5243,8.124375,1.0000001e-07,131.5243,8.124375,7.0,,,,,,,
131.5243,8.064417,0.002231147,131.5243,8.064417,0.0007883385,,,,,,,,,,,,,,,,,,,,,,,,,,,,,,,,,,,,,,,,,,,,,,,,,,,,,,,,,,,,,131.5243,8.064417,6.338811,131.5243,8.064417,0.91096944,,,,,,,,,,,,,,,,,131.5243,8.154355,0.023439545,131.5243,8.154355,-0.00025642346,,,,,,,,,,,,,,,,,,,,,,,,,,,,,131.5243,8.154355,1.0000001e-07,131.5243,8.154355,7.0,,,,,,,
131.5243,8.094397,0.0023055184,131.5243,8.094397,0.0009817047,,,,,,,,,,,,,,,,,,,,,,,,,,,,,,,,,,,,,,,,,,,,,,,,,,,,,,,,,,,,,131.5243,8.094397,6.6366067,131.5243,8.094397,1.6943097,,,,,,,,,,,,,,,,,131.5243,8.184334,0.02163197,131.5243,8.184334,-9.850178e-05,,,,,,,,,,,,,,,,,,,,,,,,,,,,,131.5243,8.184334,1.0000001e-07,131.5243,8.184334,7.0,,,,,,,
131.5243,8.124375,0.0021419008,131.5243,8.124375,0.00068421836,,,,,,,,,,,,,,,,,,,,,,,,,,,,,,,,,,,,,,,,,,,,,,,,,,,,,,,,,,,,,131.5243,8.124375,5.980038,131.5243,8.124375,0.5573975,,,,,,,,,,,,,,,,,131.5243,8.2143135,0.020631794,131.5243,8.2143135,-0.0014214823,,,,,,,,,,,,,,,,,,,,,,,,,,,,,131.5243,8.2143135,1.0000001e-07,131.5243,8.2143135,7.0,,,,,,,
131.5243,8.154355,0.0021865238,131.5243,8.154355,0.0007139669,,,,,,,,,,,,,,,,,,,,,,,,,,,,,,,,,,,,,,,,,,,,,,,,,,,,,,,,,,,,,131.5243,8.154355,6.2095776,131.5243,8.154355,0.65869164,,,,,,,,,,,,,,,,,131.5243,8.244292,0.020131508,131.5243,8.244292,0.00077214756,,,,,,,,,,,,,,,,,,,,,,,,,,,,,131.5243,8.244292,1.0000001e-07,131.5243,8.244292,7.0,,,,,,,
131.5243,8.184334,0.0020229062,131.5243,8.184334,0.0007734641,,,,,,,,,,,,,,,,,,,,,,,,,,,,,,,,,,,,,,,,,,,,,,,,,,,,,,,,,,,,,131.5243,8.184334,5.5286374,131.5243,8.184334,0.8864344,,,,,,,,,,,,,,,,,131.5243,8.274272,0.025429983,131.5243,8.274272,-0.0028842739,,,,,,,,,,,,,,,,,,,,,,,,,,,,,131.5243,8.274272,1.0000001e-07,131.5243,8.274272,7.0,,,,,,,
131.5243,8.2143135,0.002008032,131.5243,8.2143135,0.0006247211,,,,,,,,,,,,,,,,,,,,,,,,,,,,,,,,,,,,,,,,,,,,,,,,,,,,,,,,,,,,,131.5243,8.2143135,5.5102854,131.5243,8.2143135,0.340023,,,,,,,,,,,,,,,,,131.5243,8.304251,0.024728358,131.5243,8.304251,-0.0007967692,,,,,,,,,,,,,,,,,,,,,,,,,,,,,131.5243,8.304251,1.0000001e-07,131.5243,8.304251,7.0,,,,,,,
131.5243,8.244292,0.0019485349,131.5243,8.244292,0.00077346415,,,,,,,,,,,,,,,,,,,,,,,,,,,,,,,,,,,,,,,,,,,,,,,,,,,,,,,,,,,,,131.5243,8.244292,5.265091,131.5243,8.244292,0.8374005,,,,,,,,,,,,,,,,,131.5243,8.33423,0.020991309,131.5243,8.33423,-0.00028079675,,,,,,,,,,,,,,,,,,,,,,,,,,,,,131.5243,8.33423,1.0000001e-07,131.5243,8.33423,7.0,,,,,,,
131.5243,8.274272,0.0022162725,131.5243,8.274272,0.0006247212,,,,,,,,,,,,,,,,,,,,,,,,,,,,,,,,,,,,,,,,,,,,,,,,,,,,,,,,,,,,,131.5243,8.274272,6.2873087,131.5243,8.274272,0.27536514,,,,,,,,,,,,,,,,,131.5243,8.36421,0.020208932,131.5243,8.36421,-0.0035330516,,,,,,,,,,,,,,,,,,,,,,,,,,,,,131.5243,8.36421,1.0000001e-07,131.5243,8.36421,7.0,,,,,,,
131.5243,8.304251,0.0022162725,131.5243,8.304251,0.000713967,,,,,,,,,,,,,,,,,,,,,,,,,,,,,,,,,,,,,,,,,,,,,,,,,,,,,,,,,,,,,131.5243,8.304251,6.2432284,131.5243,8.304251,0.6827335,,,,,,,,,,,,,,,,,131.5243,8.394189,0.022083187,131.5243,8.394189,0.0012003753,,,,,,,,,,,,,,,,,,,,,,,,,,,,,131.5243,8.394189,1.0000001e-07,131.5243,8.394189,7.0,,,,,,,
131.5243,8.33423,0.002008032,131.5243,8.33423,0.0007734643,,,,,,,,,,,,,,,,,,,,,,,,,,,,,,,,,,,,,,,,,,,,,,,,,,,,,,,,,,,,,131.5243,8.33423,5.5195193,131.5243,8.33423,0.9342605,,,,,,,,,,,,,,,,,131.5243,8.424169,0.01723037,131.5243,8.424169,-0.004216378,,,,,,,,,,,,,,,,,,,,,,,,,,,,,131.5243,8.424169,1.0000001e-07,131.5243,8.424169,7.0,,,,,,,
131.5243,8.364209,0.0019039118,131.5243,8.364209,0.00050572655,,,,,,,,,,,,,,,,,,,,,,,,,,,,,,,,,,,,,,,,,,,,,,,,,,,,,,,,,,,,,131.5243,8.364209,5.097012,131.5243,8.364209,-0.12678556,,,,,,,,,,,,,,,,,131.5243,8.454147,0.023651011,131.5243,8.454147,-1.6225606e-05,,,,,,,,,,,,,,,,,,,,,,,,,,,,,131.5243,8.454147,1.0000001e-07,131.5243,8.454147,7.0,,,,,,,
131.5243,8.394189,0.0020377808,131.5243,8.394189,0.0007734642,,,,,,,,,,,,,,,,,,,,,,,,,,,,,,,,,,,,,,,,,,,,,,,,,,,,,,,,,,,,,131.5243,8.394189,5.6248116,131.5243,8.394189,0.9296307,,,,,,,,,,,,,,,,,131.5243,8.484127,0.023521917,131.5243,8.484127,0.00033415988,,,,,,,,,,,,,,,,,,,,,,,,,,,,,131.5243,8.484127,1.0000001e-07,131.5243,8.484127,7.0,,,,,,,
131.5243,8.424168,0.0017700432,131.5243,8.424168,0.00056522386,,,,,,,,,,,,,,,,,,,,,,,,,,,,,,,,,,,,,,,,,,,,,,,,,,,,,,,,,,,,,131.5243,8.424168,4.6069975,131.5243,8.424168,0.09900197,,,,,,,,,,,,,,,,,131.5243,8.514106,0.020710817,131.5243,8.514106,-0.0006814293,,,,,,,,,,,,,,,,,,,,,,,,,,,,,131.5243,8.514106,1.0000001e-07,131.5243,8.514106,7.0,,,,,,,
131.5243,8.454147,0.0021121523,131.5243,8.454147,0.0007883385,,,,,,,,,,,,,,,,,,,,,,,,,,,,,,,,,,,,,,,,,,,,,,,,,,,,,,,,,,,,,131.5243,8.454147,5.924007,131.5243,8.454147,0.92185867,,,,,,,,,,,,,,,,,131.5243,8.5440855,0.020441584,131.5243,8.5440855,0.0006958964,,,,,,,,,,,,,,,,,,,,,,,,,,,,,131.5243,8.5440855,1.0000001e-07,131.5243,8.5440855,7.0,,,,,,,
131.5243,8.484126,0.0021121523,131.5243,8.484126,0.00087758433,,,,,,,,,,,,,,,,,,,,,,,,,,,,,,,,,,,,,,,,,,,,,,,,,,,,,,,,,,,,,131.5243,8.484126,5.8505445,131.5243,8.484126,1.3142009,,,,,,,,,,,,,,,,,131.5243,8.574064,0.019518636,131.5243,8.574064,0.0026888023,,,,,,,,,,,,,,,,,,,,,,,,,,,,,131.5243,8.574064,1.0000001e-07,131.5243,8.574064,7.0,,,,,,,
131.5243,8.514106,0.0019336604,131.5243,8.514106,0.00068421836,,,,,,,,,,,,,,,,,,,,,,,,,,,,,,,,,,,,,,,,,,,,,,,,,,,,,,,,,,,,,131.5243,8.514106,5.243509,131.5243,8.514106,0.6038857,,,,,,,,,,,,,,,,,131.5243,8.604044,0.021060199,131.5243,8.604044,0.0016287911,,,,,,,,,,,,,,,,,,,,,,,,,,,,,131.5243,8.604044,1.0000001e-07,131.5243,8.604044,7.0,,,,,,,
131.5243,8.5440855,0.0018592889,131.5243,8.5440855,0.0007883385,,,,,,,,,,,,,,,,,,,,,,,,,,,,,,,,,,,,,,,,,,,,,,,,,,,,,,,,,,,,,131.5243,8.5440855,4.9293876,131.5243,8.5440855,0.91694194,,,,,,,,,,,,,,,,,131.5243,8.634023,0.020622022,131.5243,8.634023,8.232238e-05,,,,,,,,,,,,,,,,,,,,,,,,,,,,,131.5243,8.634023,1.0000001e-07,131.5243,8.634023,7.0,,,,,,,
131.5243,8.574064,0.0018146661,131.5243,8.574064,0.0008478358,,,,,,,,,,,,,,,,,,,,,,,,,,,,,,,,,,,,,,,,,,,,,,,,,,,,,,,,,,,,,131.5243,8.574064,4.7350802,131.5243,8.574064,1.1984392,,,,,,,,,,,,,,,,,131.5243,8.664002,0.01936202,131.5243,8.664002,-0.0001419334,,,,,,,,,,,,,,,,,,,,,,,,,,,,,131.5243,8.664002,1.0000001e-07,131.5243,8.664002,7.0,,,,,,,
131.5243,8.604044,0.0019187863,131.5243,8.604044,0.00090733304,,,,,,,,,,,,,,,,,,,,,,,,,,,,,,,,,,,,,,,,,,,,,,,,,,,,,,,,,,,,,131.5243,8.604044,5.182629,131.5243,8.604044,1.3689423,,,,,,,,,,,,,,,,,131.5243,8.693981,0.0199146,131.5243,8.693981,0.0013900083,,,,,,,,,,,,,,,,,,,,,,,,,,,,,131.5243,8.693981,1.0000001e-07,131.5243,8.693981,7.0,,,,,,,
131.5243,8.634023,0.0018741633,131.5243,8.634023,0.0007734643,,,,,,,,,,,,,,,,,,,,,,,,,,,,,,,,,,,,,,,,,,,,,,,,,,,,,,,,,,,,,131.5243,8.634023,4.978039,131.5243,8.634023,0.917298,,,,,,,,,,,,,,,,,131.5243,8.723961,0.023495434,131.5243,8.723961,-0.0006613678,,,,,,,,,,,,,,,,,,,,,,,,,,,,,131.5243,8.723961,1.0000001e-07,131.5243,8.723961,7.0,,,,,,,
131.5243,8.664002,0.0016807972,131.5243,8.664002,0.0007437156,,,,,,,,,,,,,,,,,,,,,,,,,,,,,,,,,,,,,,,,,,,,,,,,,,,,,,,,,,,,,131.5243,8.664002,4.2319307,131.5243,8.664002,0.75755733,,,,,,,,,,,,,,,,,131.5243,8.75394,0.024123557,131.5243,8.75394,0.00027175422,,,,,,,,,,,,,,,,,,,,,,,,,,,,,131.5243,8.75394,1.0000001e-07,131.5243,8.75394,7.0,,,,,,,
131.5243,8.693981,0.0018890376,131.5243,8.693981,0.00083296146,,,,,,,,,,,,,,,,,,,,,,,,,,,,,,,,,,,,,,,,,,,,,,,,,,,,,,,,,,,,,131.5243,8.693981,5.0464454,131.5243,8.693981,1.1171045,,,,,,,,,,,,,,,,,131.5243,8.783919,0.018682215,131.5243,8.783919,-0.0015196193,,,,,,,,,,,,,,,,,,,,,,,,,,,,,131.5243,8.783919,1.0000001e-07,131.5243,8.783919,7.0,,,,,,,
131.5243,8.723961,0.0019634091,131.5243,8.723961,0.00069909263,,,,,,,,,,,,,,,,,,,,,,,,,,,,,,,,,,,,,,,,,,,,,,,,,,,,,,,,,,,,,131.5243,8.723961,5.3052964,131.5243,8.723961,0.61307114,,,,,,,,,,,,,,,,,131.5243,8.813898,0.021422982,131.5243,8.813898,0.00057069614,,,,,,,,,,,,,,,,,,,,,,,,,,,,,131.5243,8.813898,1.0000001e-07,131.5243,8.813898,7.0,,,,,,,
131.5243,8.75394,0.001993158,131.5243,8.75394,0.00072884123,,,,,,,,,,,,,,,,,,,,,,,,,,,,,,,,,,,,,,,,,,,,,,,,,,,,,,,,,,,,,131.5243,8.75394,5.4171076,131.5243,8.75394,0.6644462,,,,,,,,,,,,,,,,,131.5243,8.843878,0.021492222,131.5243,8.843878,-0.00087218144,,,,,,,,,,,,,,,,,,,,,,,,,,,,,131.5243,8.843878,1.0000001e-07,131.5243,8.843878,7.0,,,,,,,
131.5243,8.783919,0.00172542,131.5243,8.783919,0.0006842183,,,,,,,,,,,,,,,,,,,,,,,,,,,,,,,,,,,,,,,,,,,,,,,,,,,,,,,,,,,,,131.5243,8.783919,4.480713,131.5243,8.783919,0.5391651,,,,,,,,,,,,,,,,,131.5243,8.873857,0.02285244,131.5243,8.873857,-0.0024751974,,,,,,,,,,,,,,,,,,,,,,,,,,,,,131.5243,8.873857,1.0000001e-07,131.5243,8.873857,7.0,,,,,,,
131.5243,8.813898,0.0018146661,131.5243,8.813898,0.00074371556,,,,,,,,,,,,,,,,,,,,,,,,,,,,,,,,,,,,,,,,,,,,,,,,,,,,,,,,,,,,,131.5243,8.813898,4.7668676,131.5243,8.813898,0.7350709,,,,,,,,,,,,,,,,,131.5243,8.903836,0.02051077,131.5243,8.903836,0.0015543912,,,,,,,,,,,,,,,,,,,,,,,,,,,,,131.5243,8.903836,1.0000001e-07,131.5243,8.903836,7.0,,,,,,,
131.5243,8.843878,0.0018146661,131.5243,8.843878,0.0007437156,,,,,,,,,,,,,,,,,,,,,,,,,,,,,,,,,,,,,,,,,,,,,,,,,,,,,,,,,,,,,131.5243,8.843878,4.8054314,131.5243,8.843878,0.7512,,,,,,,,,,,,,,,,,131.5243,8.933815,0.025528599,131.5243,8.933815,0.0032649434,,,,,,,,,,,,,,,,,,,,,,,,,,,,,131.5243,8.933815,1.0000001e-07,131.5243,8.933815,7.0,,,,,,,
131.5243,8.873857,0.0018890376,131.5243,8.873857,0.0006544697,,,,,,,,,,,,,,,,,,,,,,,,,,,,,,,,,,,,,,,,,,,,,,,,,,,,,,,,,,,,,131.5243,8.873857,5.0324407,131.5243,8.873857,0.39175177,,,,,,,,,,,,,,,,,131.5243,8.963795,0.017266627,131.5243,8.963795,0.0016573396,,,,,,,,,,,,,,,,,,,,,,,,,,,,,131.5243,8.963795,1.0000001e-07,131.5243,8.963795,7.0,,,,,,,
131.5243,8.903836,0.0017700432,131.5243,8.903836,0.0007734642,,,,,,,,,,,,,,,,,,,,,,,,,,,,,,,,,,,,,,,,,,,,,,,,,,,,,,,,,,,,,131.5243,8.903836,4.580384,131.5243,8.903836,0.8778707,,,,,,,,,,,,,,,,,131.5243,8.993773,0.022325572,131.5243,8.993773,0.0014283439,,,,,,,,,,,,,,,,,,,,,,,,,,,,,131.5243,8.993773,1.0000001e-07,131.5243,8.993773,7.0,,,,,,,
131.5243,8.933815,0.0020229062,131.5243,8.933815,0.00086271006,,,,,,,,,,,,,,,,,,,,,,,,,,,,,,,,,,,,,,,,,,,,,,,,,,,,,,,,,,,,,131.5243,8.933815,5.53287,131.5243,8.933815,1.230947,,,,,,,,,,,,,,,,,131.5243,9.023753,0.02115543,131.5243,9.023753,2.069802e-05,,,,,,,,,,,,,,,,,,,,,,,,,,,,,131.5243,9.023753,1.0000001e-07,131.5243,9.023753,7.0,,,,,,,
131.5243,8.963795,0.0016510487,131.5243,8.963795,0.0007734642,,,,,,,,,,,,,,,,,,,,,,,,,,,,,,,,,,,,,,,,,,,,,,,,,,,,,,,,,,,,,131.5243,8.963795,4.151731,131.5243,8.963795,0.89568055,,,,,,,,,,,,,,,,,131.5243,9.053732,0.02158354,131.5243,9.053732,0.0024755048,,,,,,,,,,,,,,,,,,,,,,,,,,,,,131.5243,9.053732,1.0000001e-07,131.5243,9.053732,7.0,,,,,,,
131.5243,8.993773,0.0018295404,131.5243,8.993773,0.0008180871,,,,,,,,,,,,,,,,,,,,,,,,,,,,,,,,,,,,,,,,,,,,,,,,,,,,,,,,,,,,,131.5243,8.993773,4.8071613,131.5243,8.993773,1.0343473,,,,,,,,,,,,,,,,,131.5243,9.083712,0.016198417,131.5243,9.083712,-0.001228097,,,,,,,,,,,,,,,,,,,,,,,,,,,,,131.5243,9.083712,1.0000001e-07,131.5243,9.083712,7.0,,,,,,,
131.5243,9.023753,0.0017402944,131.5243,9.023753,0.00071396696,,,,,,,,,,,,,,,,,,,,,,,,,,,,,,,,,,,,,,,,,,,,,,,,,,,,,,,,,,,,,131.5243,9.023753,4.4797797,131.5243,9.023753,0.67649454,,,,,,,,,,,,,,,,,131.5243,9.11369,0.015565008,131.5243,9.11369,0.0027149797,,,,,,,,,,,,,,,,,,,,,,,,,,,,,131.5243,9.11369,1.0000001e-07,131.5243,9.11369,7.0,,,,,,,
131.5243,9.053732,0.0017700432,131.5243,9.053732,0.0008329614,,,,,,,,,,,,,,,,,,,,,,,,,,,,,,,,,,,,,,,,,,,,,,,,,,,,,,,,,,,,,131.5243,9.053732,4.578463,131.5243,9.053732,1.1179036,,,,,,,,,,,,,,,,,131.5243,9.14367,0.0153651135,131.5243,9.14367,-0.0025946293,,,,,,,,,,,,,,,,,,,,,,,,,,,,,131.5243,9.14367,1.0000001e-07,131.5243,9.14367,7.0,,,,,,,
131.5243,9.083712,0.0015023056,131.5243,9.083712,0.00062472105,,,,,,,,,,,,,,,,,,,,,,,,,,,,,,,,,,,,,,,,,,,,,,,,,,,,,,,,,,,,,131.5243,9.083712,3.5751126,131.5243,9.083712,0.35623056,,,,,,,,,,,,,,,,,131.5243,9.17365,0.021822488,131.5243,9.17365,-0.004343489,,,,,,,,,,,,,,,,,,,,,,,,,,,,,131.5243,9.17365,1.0000001e-07,131.5243,9.17365,7.0,,,,,,,
131.5243,9.11369,0.0015618027,131.5243,9.11369,0.00086271,,,,,,,,,,,,,,,,,,,,,,,,,,,,,,,,,,,,,,,,,,,,,,,,,,,,,,,,,,,,,131.5243,9.11369,3.7965066,131.5243,9.11369,1.2397286,,,,,,,,,,,,,,,,,131.5243,9.203629,0.014676373,131.5243,9.203629,0.00018778327,,,,,,,,,,,,,,,,,,,,,,,,,,,,,131.5243,9.203629,1.0000001e-07,131.5243,9.203629,7.0,,,,,,,
131.5243,9.14367,0.0014874312,131.5243,9.14367,0.0006098468,,,,,,,,,,,,,,,,,,,,,,,,,,,,,,,,,,,,,,,,,,,,,,,,,,,,,,,,,,,,,131.5243,9.14367,3.536184,131.5243,9.14367,0.30371323,,,,,,,,,,,,,,,,,131.5243,9.233608,0.017579803,131.5243,9.233608,0.00093323283,,,,,,,,,,,,,,,,,,,,,,,,,,,,,131.5243,9.233608,1.0000001e-07,131.5243,9.233608,7.0,,,,,,,
131.5243,9.173649,0.0017402946,131.5243,9.173649,0.0005354752,,,,,,,,,,,,,,,,,,,,,,,,,,,,,,,,,,,,,,,,,,,,,,,,,,,,,,,,,,,,,131.5243,9.173649,4.5258656,131.5243,9.173649,0.011661346,,,,,,,,,,,,,,,,,131.5243,9.263587,0.016354399,131.5243,9.263587,0.0022036177,,,,,,,,,,,,,,,,,,,,,,,,,,,,,131.5243,9.263587,1.0000001e-07,131.5243,9.263587,7.0,,,,,,,
131.5243,9.203629,0.0014725568,131.5243,9.203629,0.00074371556,,,,,,,,,,,,,,,,,,,,,,,,,,,,,,,,,,,,,,,,,,,,,,,,,,,,,,,,,,,,,131.5243,9.203629,3.4609015,131.5243,9.203629,0.7686775,,,,,,,,,,,,,,,,,131.5243,9.293567,0.025749369,131.5243,9.293567,0.0032997841,,,,,,,,,,,,,,,,,,,,,,,,,,,,,131.5243,9.293567,1.0000001e-07,131.5243,9.293567,7.0,,,,,,,
131.5243,9.233607,0.0015469284,131.5243,9.233607,0.0007437156,,,,,,,,,,,,,,,,,,,,,,,,,,,,,,,,,,,,,,,,,,,,,,,,,,,,,,,,,,,,,131.5243,9.233607,3.706326,131.5243,9.233607,0.80194944,,,,,,,,,,,,,,,,,131.5243,9.323545,0.020144286,131.5243,9.323545,-0.0041637113,,,,,,,,,,,,,,,,,,,,,,,,,,,,,131.5243,9.323545,1.0000001e-07,131.5243,9.323545,7.0,,,,,,,
131.5243,9.263587,0.0015320542,131.5243,9.263587,0.00080321287,,,,,,,,,,,,,,,,,,,,,,,,,,,,,,,,,,,,,,,,,,,,,,,,,,,,,,,,,,,,,131.5243,9.263587,3.654147,131.5243,9.263587,1.0433877,,,,,,,,,,,,,,,,,131.5243,9.353525,0.018335596,131.5243,9.353525,0.001434594,,,,,,,,,,,,,,,,,,,,,,,,,,,,,131.5243,9.353525,1.0000001e-07,131.5243,9.353525,7.0,,,,,,,
131.5243,9.293566,0.0019039118,131.5243,9.293566,0.00081808714,,,,,,,,,,,,,,,,,,,,,,,,,,,,,,,,,,,,,,,,,,,,,,,,,,,,,,,,,,,,,131.5243,9.293566,5.0915937,131.5243,9.293566,1.0377452,,,,,,,,,,,,,,,,,131.5243,9.383504,0.015065364,131.5243,9.383504,-0.001206881,,,,,,,,,,,,,,,,,,,,,,,,,,,,,131.5243,9.383504,1.0000001e-07,131.5243,9.383504,7.0,,,,,,,
131.5243,9.323545,0.0016807972,131.5243,9.323545,0.0005800982,,,,,,,,,,,,,,,,,,,,,,,,,,,,,,,,,,,,,,,,,,,,,,,,,,,,,,,,,,,,,131.5243,9.323545,4.2591434,131.5243,9.323545,0.1826384,,,,,,,,,,,,,,,,,131.5243,9.413484,0.01749968,131.5243,9.413484,-0.0021659657,,,,,,,,,,,,,,,,,,,,,,,,,,,,,131.5243,9.413484,1.0000001e-07,131.5243,9.413484,7.0,,,,,,,
131.5243,9.353524,0.001532054,131.5243,9.353524,0.0007288413,,,,,,,,,,,,,,,,,,,,,,,,,,,,,,,,,,,,,,,,,,,,,,,,,,,,,,,,,,,,,131.5243,9.353524,3.6596222,131.5243,9.353524,0.7547318,,,,,,,,,,,,,,,,,131.5243,9.443462,0.022712998,131.5243,9.443462,-0.0006087059,,,,,,,,,,,,,,,,,,,,,,,,,,,,,131.5243,9.443462,1.0000001e-07,131.5243,9.443462,7.0,,,,,,,
131.5243,9.383504,0.001427934,131.5243,9.383504,0.0007437156,,,,,,,,,,,,,,,,,,,,,,,,,,,,,,,,,,,,,,,,,,,,,,,,,,,,,,,,,,,,,131.5243,9.383504,3.2802877,131.5243,9.383504,0.77887833,,,,,,,,,,,,,,,,,131.5243,9.473442,0.019532863,131.5243,9.473442,0.00084462826,,,,,,,,,,,,,,,,,,,,,,,,,,,,,131.5243,9.473442,1.0000001e-07,131.5243,9.473442,7.0,,,,,,,
131.5243,9.413484,0.0015469283,131.5243,9.413484,0.0006395954,,,,,,,,,,,,,,,,,,,,,,,,,,,,,,,,,,,,,,,,,,,,,,,,,,,,,,,,,,,,,131.5243,9.413484,3.6808586,131.5243,9.413484,0.38686547,,,,,,,,,,,,,,,,,131.5243,9.503421,0.016055545,131.5243,9.503421,0.00038671834,,,,,,,,,,,,,,,,,,,,,,,,,,,,,131.5243,9.503421,1.0000001e-07,131.5243,9.503421,7.0,,,,,,,
131.5243,9.443462,0.0017402946,131.5243,9.443462,0.00075858994,,,,,,,,,,,,,,,,,,,,,,,,,,,,,,,,,,,,,,,,,,,,,,,,,,,,,,,,,,,,,131.5243,9.443462,4.457088,131.5243,9.443462,0.8174415,,,,,,,,,,,,,,,,,131.5243,9.533401,0.016403727,131.5243,9.533401,0.0032404058,,,,,,,,,,,,,,,,,,,,,,,,,,,,,131.5243,9.533401,1.0000001e-07,131.5243,9.533401,7.0,,,,,,,
131.5243,9.473442,0.0016659229,131.5243,9.473442,0.00074371556,,,,,,,,,,,,,,,,,,,,,,,,,,,,,,,,,,,,,,,,,,,,,,,,,,,,,,,,,,,,,131.5243,9.473442,4.144283,131.5243,9.473442,0.8128597,,,,,,,,,,,,,,,,,131.5243,9.563379,0.022198299,131.5243,9.563379,0.0011896067,,,,,,,,,,,,,,,,,,,,,,,,,,,,,131.5243,9.563379,1.0000001e-07,131.5243,9.563379,7.0,,,,,,,
131.5243,9.503421,0.0014279339,131.5243,9.503421,0.00074371556,,,,,,,,,,,,,,,,,,,,,,,,,,,,,,,,,,,,,,,,,,,,,,,,,,,,,,,,,,,,,131.5243,9.503421,3.2651021,131.5243,9.503421,0.7711778,,,,,,,,,,,,,,,,,131.5243,9.593359,0.015461624,131.5243,9.593359,-0.000240997,,,,,,,,,,,,,,,,,,,,,,,,,,,,,131.5243,9.593359,1.0000001e-07,131.5243,9.593359,7.0,,,,,,,
131.5243,9.533401,0.0014725568,131.5243,9.533401,0.0008180871,,,,,,,,,,,,,,,,,,,,,,,,,,,,,,,,,,,,,,,,,,,,,,,,,,,,,,,,,,,,,131.5243,9.533401,3.4595695,131.5243,9.533401,1.1163678,,,,,,,,,,,,,,,,,131.5243,9.623338,0.019436166,131.5243,9.623338,-0.0044545205,,,,,,,,,,,,,,,,,,,,,,,,,,,,,131.5243,9.623338,1.0000001e-07,131.5243,9.623338,7.0,,,,,,,
131.5243,9.563379,0.0016213,131.5243,9.563379,0.00074371556,,,,,,,,,,,,,,,,,,,,,,,,,,,,,,,,,,,,,,,,,,,,,,,,,,,,,,,,,,,,,131.5243,9.563379,4.0220985,131.5243,9.563379,0.8062549,,,,,,,,,,,,,,,,,131.5243,9.653317,0.014062304,131.5243,9.653317,-0.0016361545,,,,,,,,,,,,,,,,,,,,,,,,,,,,,131.5243,9.653317,1.0000001e-07,131.5243,9.653317,7.0,,,,,,,
131.5243,9.593359,0.0013535623,131.5243,9.593359,0.0007288412,,,,,,,,,,,,,,,,,,,,,,,,,,,,,,,,,,,,,,,,,,,,,,,,,,,,,,,,,,,,,131.5243,9.593359,3.0283222,131.5243,9.593359,0.7140547,,,,,,,,,,,,,,,,,131.5243,9.683296,0.018776095,131.5243,9.683296,-0.003700481,,,,,,,,,,,,,,,,,,,,,,,,,,,,,131.5243,9.683296,1.0000001e-07,131.5243,9.683296,7.0,,,,,,,
131.5243,9.623338,0.0015171799,131.5243,9.623338,0.0005652238,,,,,,,,,,,,,,,,,,,,,,,,,,,,,,,,,,,,,,,,,,,,,,,,,,,,,,,,,,,,,131.5243,9.623338,3.5958643,131.5243,9.623338,0.14663202,,,,,,,,,,,,,,,,,131.5243,9.713276,0.019279355,131.5243,9.713276,-0.0006950884,,,,,,,,,,,,,,,,,,,,,,,,,,,,,131.5243,9.713276,1.0000001e-07,131.5243,9.713276,7.0,,,,,,,
131.5243,9.653317,0.0013089395,131.5243,9.653317,0.00065446965,,,,,,,,,,,,,,,,,,,,,,,,,,,,,,,,,,,,,,,,,,,,,,,,,,,,,,,,,,,,,131.5243,9.653317,2.821719,131.5243,9.653317,0.38774556,,,,,,,,,,,,,,,,,131.5243,9.743255,0.013122965,131.5243,9.743255,-0.0019905486,,,,,,,,,,,,,,,,,,,,,,,,,,,,,131.5243,9.743255,1.0000001e-07,131.5243,9.743255,7.0,,,,,,,
131.5243,9.683296,0.0015618027,131.5243,9.683296,0.0005949724,,,,,,,,,,,,,,,,,,,,,,,,,,,,,,,,,,,,,,,,,,,,,,,,,,,,,,,,,,,,,131.5243,9.683296,3.8001623,131.5243,9.683296,0.20388252,,,,,,,,,,,,,,,,,131.5243,9.773234,0.02109027,131.5243,9.773234,0.0024526662,,,,,,,,,,,,,,,,,,,,,,,,,,,,,131.5243,9.773234,1.0000001e-07,131.5243,9.773234,7.0,,,,,,,
131.5243,9.713276,0.0015618028,131.5243,9.713276,0.0006842183,,,,,,,,,,,,,,,,,,,,,,,,,,,,,,,,,,,,,,,,,,,,,,,,,,,,,,,,,,,,,131.5243,9.713276,3.8094842,131.5243,9.713276,0.5716127,,,,,,,,,,,,,,,,,131.5243,9.803213,0.015541309,131.5243,9.803213,0.0033092042,,,,,,,,,,,,,,,,,,,,,,,,,,,,,131.5243,9.803213,1.0000001e-07,131.5243,9.803213,7.0,,,,,,,
131.5243,9.743255,0.0012494423,131.5243,9.743255,0.0005949724,,,,,,,,,,,,,,,,,,,,,,,,,,,,,,,,,,,,,,,,,,,,,,,,,,,,,,,,,,,,,131.5243,9.743255,2.6189873,131.5243,9.743255,0.20548034,,,,,,,,,,,,,,,,,131.5243,9.833193,0.016026696,131.5243,9.833193,0.0027915528,,,,,,,,,,,,,,,,,,,,,,,,,,,,,131.5243,9.833193,1.0000001e-07,131.5243,9.833193,7.0,,,,,,,
131.5243,9.773234,0.0015618027,131.5243,9.773234,0.00080321287,,,,,,,,,,,,,,,,,,,,,,,,,,,,,,,,,,,,,,,,,,,,,,,,,,,,,,,,,,,,,131.5243,9.773234,3.739604,131.5243,9.773234,1.0148447,,,,,,,,,,,,,,,,,131.5243,9.863172,0.024954028,131.5243,9.863172,0.0033679272,,,,,,,,,,,,,,,,,,,,,,,,,,,,,131.5243,9.863172,1.0000001e-07,131.5243,9.863172,7.0,,,,,,,
131.5243,9.803213,0.0013833111,131.5243,9.803213,0.00087758433,,,,,,,,,,,,,,,,,,,,,,,,,,,,,,,,,,,,,,,,,,,,,,,,,,,,,,,,,,,,,131.5243,9.803213,3.123163,131.5243,9.803213,1.2811841,,,,,,,,,,,,,,,,,131.5243,9.893151,0.015962983,131.5243,9.893151,-0.0015175857,,,,,,,,,,,,,,,,,,,,,,,,,,,,,131.5243,9.893151,1.0000001e-07,131.5243,9.893151,7.0,,,,,,,
131.5243,9.833193,0.0014130597,131.5243,9.833193,0.0008478358,,,,,,,,,,,,,,,,,,,,,,,,,,,,,,,,,,,,,,,,,,,,,,,,,,,,,,,,,,,,,131.5243,9.833193,3.1866803,131.5243,9.833193,1.1972989,,,,,,,,,,,,,,,,,131.5243,9.92313,0.024510447,131.5243,9.92313,0.0020195043,,,,,,,,,,,,,,,,,,,,,,,,,,,,,131.5243,9.92313,1.0000001e-07,131.5243,9.92313,7.0,,,,,,,
131.5243,9.863172,0.0017254201,131.5243,9.863172,0.00081808714,,,,,,,,,,,,,,,,,,,,,,,,,,,,,,,,,,,,,,,,,,,,,,,,,,,,,,,,,,,,,131.5243,9.863172,4.3838153,131.5243,9.863172,1.0249879,,,,,,,,,,,,,,,,,131.5243,9.95311,0.015268268,131.5243,9.95311,-0.0018783095,,,,,,,,,,,,,,,,,,,,,,,,,,,,,131.5243,9.95311,1.0000001e-07,131.5243,9.95311,7.0,,,,,,,
131.5243,9.893151,0.0014428083,131.5243,9.893151,0.0006544697,,,,,,,,,,,,,,,,,,,,,,,,,,,,,,,,,,,,,,,,,,,,,,,,,,,,,,,,,,,,,131.5243,9.893151,3.3470848,131.5243,9.893151,0.42042816,,,,,,,,,,,,,,,,,131.5243,9.9830885,0.013278143,131.5243,9.9830885,-0.0013792978,,,,,,,,,,,,,,,,,,,,,,,,,,,,,131.5243,9.9830885,1.0000001e-07,131.5243,9.9830885,7.0,,,,,,,
131.5243,9.92313,0.0016956715,131.5243,9.92313,0.00072884123,,,,,,,,,,,,,,,,,,,,,,,,,,,,,,,,,,,,,,,,,,,,,,,,,,,,,,,,,,,,,131.5243,9.92313,4.3233953,131.5243,9.92313,0.74399686,,,,,,,,,,,,,,,,,131.5243,10.013068,0.017772343,131.5243,10.013068,6.434513e-05,,,,,,,,,,,,,,,,,,,,,,,,,,,,,131.5243,10.013068,1.0000001e-07,131.5243,10.013068,7.0,,,,,,,
131.5243,9.95311,0.0013535623,131.5243,9.95311,0.00069909263,,,,,,,,,,,,,,,,,,,,,,,,,,,,,,,,,,,,,,,,,,,,,,,,,,,,,,,,,,,,,131.5243,9.95311,3.0070596,131.5243,9.95311,0.63478726,,,,,,,,,,,,,,,,,131.5243,10.043048,0.02091188,131.5243,10.043048,-0.002746079,,,,,,,,,,,,,,,,,,,,,,,,,,,,,131.5243,10.043048,1.0000001e-07,131.5243,10.043048,7.0,,,,,,,
131.5243,9.9830885,0.001294065,131.5243,9.9830885,0.00069909263,,,,,,,,,,,,,,,,,,,,,,,,,,,,,,,,,,,,,,,,,,,,,,,,,,,,,,,,,,,,,131.5243,9.9830885,2.766055,131.5243,9.9830885,0.60910416,,,,,,,,,,,,,,,,,131.5243,10.073027,0.015431391,131.5243,10.073027,0.0017375454,,,,,,,,,,,,,,,,,,,,,,,,,,,,,131.5243,10.073027,1.0000001e-07,131.5243,10.073027,7.0,,,,,,,
131.5243,10.013068,0.001427934,131.5243,10.013068,0.000669344,,,,,,,,,,,,,,,,,,,,,,,,,,,,,,,,,,,,,,,,,,,,,,,,,,,,,,,,,,,,,131.5243,10.013068,3.284982,131.5243,10.013068,0.52232546,,,,,,,,,,,,,,,,,131.5243,10.103006,0.01439928,131.5243,10.103006,0.0004670324,,,,,,,,,,,,,,,,,,,,,,,,,,,,,131.5243,10.103006,1.0000001e-07,131.5243,10.103006,7.0,,,,,,,
131.5243,10.043047,0.0015171799,131.5243,10.043047,0.0006247212,,,,,,,,,,,,,,,,,,,,,,,,,,,,,,,,,,,,,,,,,,,,,,,,,,,,,,,,,,,,,131.5243,10.043047,3.655946,131.5243,10.043047,0.3250571,,,,,,,,,,,,,,,,,131.5243,10.132985,0.020746902,131.5243,10.132985,0.0013043503,,,,,,,,,,,,,,,,,,,,,,,,,,,,,131.5243,10.132985,1.0000001e-07,131.5243,10.132985,7.0,,,,,,,
131.5243,10.073027,0.001427934,131.5243,10.073027,0.0007437156,,,,,,,,,,,,,,,,,,,,,,,,,,,,,,,,,,,,,,,,,,,,,,,,,,,,,,,,,,,,,131.5243,10.073027,3.2600718,131.5243,10.073027,0.7868902,,,,,,,,,,,,,,,,,131.5243,10.162965,0.0193303,131.5243,10.162965,-0.00277151,,,,,,,,,,,,,,,,,,,,,,,,,,,,,131.5243,10.162965,1.0000001e-07,131.5243,10.162965,7.0,,,,,,,
131.5243,10.103005,0.0013386882,131.5243,10.103005,0.00072884123,,,,,,,,,,,,,,,,,,,,,,,,,,,,,,,,,,,,,,,,,,,,,,,,,,,,,,,,,,,,,131.5243,10.103005,2.8952832,131.5243,10.103005,0.74728626,,,,,,,,,,,,,,,,,131.5243,10.192944,0.013905355,131.5243,10.192944,-0.002743828,,,,,,,,,,,,,,,,,,,,,,,,,,,,,131.5243,10.192944,1.0000001e-07,131.5243,10.192944,7.0,,,,,,,
131.5243,10.132985,0.0014725568,131.5243,10.132985,0.0007585899,,,,,,,,,,,,,,,,,,,,,,,,,,,,,,,,,,,,,,,,,,,,,,,,,,,,,,,,,,,,,131.5243,10.132985,3.4428747,131.5243,10.132985,0.86122346,,,,,,,,,,,,,,,,,131.5243,10.222923,0.012715731,131.5243,10.222923,-0.0040159915,,,,,,,,,,,,,,,,,,,,,,,,,,,,,131.5243,10.222923,1.0000001e-07,131.5243,10.222923,7.0,,,,,,,
131.5243,10.162964,0.001472557,131.5243,10.162964,0.0005800981,,,,,,,,,,,,,,,,,,,,,,,,,,,,,,,,,,,,,,,,,,,,,,,,,,,,,,,,,,,,,131.5243,10.162964,3.479794,131.5243,10.162964,0.14543802,,,,,,,,,,,,,,,,,131.5243,10.252902,0.017900927,131.5243,10.252902,0.0016376022,,,,,,,,,,,,,,,,,,,,,,,,,,,,,131.5243,10.252902,1.0000001e-07,131.5243,10.252902,7.0,,,,,,,
131.5243,10.192944,0.0012643165,131.5243,10.192944,0.0006098467,,,,,,,,,,,,,,,,,,,,,,,,,,,,,,,,,,,,,,,,,,,,,,,,,,,,,,,,,,,,,131.5243,10.192944,2.6622229,131.5243,10.192944,0.2650775,,,,,,,,,,,,,,,,,131.5243,10.282882,0.012485849,131.5243,10.282882,-0.0021079723,,,,,,,,,,,,,,,,,,,,,,,,,,,,,131.5243,10.282882,1.0000001e-07,131.5243,10.282882,7.0,,,,,,,
131.5243,10.222922,0.0012048192,131.5243,10.222922,0.0005949724,,,,,,,,,,,,,,,,,,,,,,,,,,,,,,,,,,,,,,,,,,,,,,,,,,,,,,,,,,,,,131.5243,10.222922,2.4483314,131.5243,10.222922,0.19610885,,,,,,,,,,,,,,,,,131.5243,10.3128605,0.018589338,131.5243,10.3128605,0.008425451,,,,,,,,,,,,,,,,,,,,,,,,,,,,,131.5243,10.3128605,1.0000001e-07,131.5243,10.3128605,7.0,,,,,,,
131.5243,10.252902,0.0014428082,131.5243,10.252902,0.00074371556,,,,,,,,,,,,,,,,,,,,,,,,,,,,,,,,,,,,,,,,,,,,,,,,,,,,,,,,,,,,,131.5243,10.252902,3.3431983,131.5243,10.252902,0.78057027,,,,,,,,,,,,,,,,,131.5243,10.34284,0.017509151,131.5243,10.34284,0.0004888756,,,,,,,,,,,,,,,,,,,,,,,,,,,,,131.5243,10.34284,1.0000001e-07,131.5243,10.34284,7.0,,,,,,,
131.5243,10.282882,0.0012048193,131.5243,10.282882,0.0005949725,,,,,,,,,,,,,,,,,,,,,,,,,,,,,,,,,,,,,,,,,,,,,,,,,,,,,,,,,,,,,131.5243,10.282882,2.4681113,131.5243,10.282882,0.20663765,,,,,,,,,,,,,,,,,131.5243,10.372819,0.018971002,131.5243,10.372819,-7.346257e-05,,,,,,,,,,,,,,,,,,,,,,,,,,,,,131.5243,10.372819,1.0000001e-07,131.5243,10.372819,7.0,,,,,,,
131.5243,10.3128605,0.0013238137,131.5243,10.3128605,0.0010263274,,,,,,,,,,,,,,,,,,,,,,,,,,,,,,,,,,,,,,,,,,,,,,,,,,,,,,,,,,,,,131.5243,10.3128605,2.8806295,131.5243,10.3128605,1.8778256,,,,,,,,,,,,,,,,,131.5243,10.402799,0.021388885,131.5243,10.402799,0.00052858226,,,,,,,,,,,,,,,,,,,,,,,,,,,,,131.5243,10.402799,1.0000001e-07,131.5243,10.402799,7.0,,,,,,,
131.5243,10.34284,0.0013386881,131.5243,10.34284,0.0007288413,,,,,,,,,,,,,,,,,,,,,,,,,,,,,,,,,,,,,,,,,,,,,,,,,,,,,,,,,,,,,131.5243,10.34284,2.9363673,131.5243,10.34284,0.7666132,,,,,,,,,,,,,,,,,131.5243,10.432777,0.014748727,131.5243,10.432777,0.005964474,,,,,,,,,,,,,,,,,,,,,,,,,,,,,131.5243,10.432777,1.0000001e-07,131.5243,10.432777,7.0,,,,,,,
131.5243,10.372819,0.0013981853,131.5243,10.372819,0.0006842183,,,,,,,,,,,,,,,,,,,,,,,,,,,,,,,,,,,,,,,,,,,,,,,,,,,,,,,,,,,,,131.5243,10.372819,3.164005,131.5243,10.372819,0.62631917,,,,,,,,,,,,,,,,,131.5243,10.462757,0.017465942,131.5243,10.462757,0.0015457718,,,,,,,,,,,,,,,,,,,,,,,,,,,,,131.5243,10.462757,1.0000001e-07,131.5243,10.462757,7.0,,,,,,,
131.5243,10.402799,0.0014874312,131.5243,10.402799,0.00071396696,,,,,,,,,,,,,,,,,,,,,,,,,,,,,,,,,,,,,,,,,,,,,,,,,,,,,,,,,,,,,131.5243,10.402799,3.4596188,131.5243,10.402799,0.64871496,,,,,,,,,,,,,,,,,131.5243,10.492736,0.01849508,131.5243,10.492736,0.004197602,,,,,,,,,,,,,,,,,,,,,,,,,,,,,131.5243,10.492736,1.0000001e-07,131.5243,10.492736,7.0,,,,,,,
131.5243,10.432777,0.0013089395,131.5243,10.432777,0.0008627101,,,,,,,,,,,,,,,,,,,,,,,,,,,,,,,,,,,,,,,,,,,,,,,,,,,,,,,,,,,,,131.5243,10.432777,2.8514156,131.5243,10.432777,1.2604825,,,,,,,,,,,,,,,,,131.5243,10.522716,0.014083151,131.5243,10.522716,0.0017156367,,,,,,,,,,,,,,,,,,,,,,,,,,,,,131.5243,10.522716,1.0000001e-07,131.5243,10.522716,7.0,,,,,,,
131.5243,10.462757,0.0013386881,131.5243,10.462757,0.0007139669,,,,,,,,,,,,,,,,,,,,,,,,,,,,,,,,,,,,,,,,,,,,,,,,,,,,,,,,,,,,,131.5243,10.462757,2.9618979,131.5243,10.462757,0.68839496,,,,,,,,,,,,,,,,,131.5243,10.552694,0.009745226,131.5243,10.552694,0.0014379309,,,,,,,,,,,,,,,,,,,,,,,,,,,,,131.5243,10.552694,1.0000001e-07,131.5243,10.552694,7.0,,,,,,,
131.5243,10.492736,0.0013535623,131.5243,10.492736,0.0008478358,,,,,,,,,,,,,,,,,,,,,,,,,,,,,,,,,,,,,,,,,,,,,,,,,,,,,,,,,,,,,131.5243,10.492736,3.0043051,131.5243,10.492736,1.1247845,,,,,,,,,,,,,,,,,131.5243,10.582674,0.015009784,131.5243,10.582674,-0.007232969,,,,,,,,,,,,,,,,,,,,,,,,,,,,,131.5243,10.582674,1.0000001e-07,131.5243,10.582674,7.0,,,,,,,
131.5243,10.522716,0.0011601964,131.5243,10.522716,0.0007734642,,,,,,,,,,,,,,,,,,,,,,,,,,,,,,,,,,,,,,,,,,,,,,,,,,,,,,,,,,,,,131.5243,10.522716,2.2960978,131.5243,10.522716,0.8773842,,,,,,,,,,,,,,,,,131.5243,10.612653,0.017145688,131.5243,10.612653,-0.003263248,,,,,,,,,,,,,,,,,,,,,,,,,,,,,131.5243,10.612653,1.0000001e-07,131.5243,10.612653,7.0,,,,,,,
131.5243,10.552694,0.0011155733,131.5243,10.552694,0.0007734642,,,,,,,,,,,,,,,,,,,,,,,,,,,,,,,,,,,,,,,,,,,,,,,,,,,,,,,,,,,,,131.5243,10.552694,2.1394777,131.5243,10.552694,0.89227825,,,,,,,,,,,,,,,,,131.5243,10.6426325,0.020881224,131.5243,10.6426325,0.0005048667,,,,,,,,,,,,,,,,,,,,,,,,,,,,,131.5243,10.6426325,1.0000001e-07,131.5243,10.6426325,7.0,,,,,,,
131.5243,10.582674,0.0012048193,131.5243,10.582674,0.0004908523,,,,,,,,,,,,,,,,,,,,,,,,,,,,,,,,,,,,,,,,,,,,,,,,,,,,,,,,,,,,,131.5243,10.582674,2.4179752,131.5243,10.582674,-0.18265474,,,,,,,,,,,,,,,,,131.5243,10.672611,0.019979663,131.5243,10.672611,-0.0011210247,,,,,,,,,,,,,,,,,,,,,,,,,,,,,131.5243,10.672611,1.0000001e-07,131.5243,10.672611,7.0,,,,,,,
131.5243,10.612653,0.0012940652,131.5243,10.612653,0.0006098468,,,,,,,,,,,,,,,,,,,,,,,,,,,,,,,,,,,,,,,,,,,,,,,,,,,,,,,,,,,,,131.5243,10.612653,2.8038,131.5243,10.612653,0.3046288,,,,,,,,,,,,,,,,,131.5243,10.702591,0.014718249,131.5243,10.702591,-0.00019780593,,,,,,,,,,,,,,,,,,,,,,,,,,,,,131.5243,10.702591,1.0000001e-07,131.5243,10.702591,7.0,,,,,,,
131.5243,10.6426325,0.001383311,131.5243,10.6426325,0.00068421825,,,,,,,,,,,,,,,,,,,,,,,,,,,,,,,,,,,,,,,,,,,,,,,,,,,,,,,,,,,,,131.5243,10.6426325,3.120256,131.5243,10.6426325,0.520425,,,,,,,,,,,,,,,,,131.5243,10.73257,0.01753769,131.5243,10.73257,-0.0028189374,,,,,,,,,,,,,,,,,,,,,,,,,,,,,131.5243,10.73257,1.0000001e-07,131.5243,10.73257,7.0,,,,,,,
131.5243,10.672611,0.0014428082,131.5243,10.672611,0.0006544697,,,,,,,,,,,,,,,,,,,,,,,,,,,,,,,,,,,,,,,,,,,,,,,,,,,,,,,,,,,,,131.5243,10.672611,3.3546479,131.5243,10.672611,0.4540233,,,,,,,,,,,,,,,,,131.5243,10.762549,0.017615357,131.5243,10.762549,-0.0062403474,,,,,,,,,,,,,,,,,,,,,,,,,,,,,131.5243,10.762549,1.0000001e-07,131.5243,10.762549,7.0,,,,,,,
131.5243,10.702591,0.0012494421,131.5243,10.702591,0.00068421825,,,,,,,,,,,,,,,,,,,,,,,,,,,,,,,,,,,,,,,,,,,,,,,,,,,,,,,,,,,,,131.5243,10.702591,2.578634,131.5243,10.702591,0.515437,,,,,,,,,,,,,,,,,131.5243,10.792528,0.02321073,131.5243,10.792528,0.00060283777,,,,,,,,,,,,,,,,,,,,,,,,,,,,,131.5243,10.792528,1.0000001e-07,131.5243,10.792528,7.0,,,,,,,
131.5243,10.73257,0.0012940652,131.5243,10.73257,0.00056522386,,,,,,,,,,,,,,,,,,,,,,,,,,,,,,,,,,,,,,,,,,,,,,,,,,,,,,,,,,,,,131.5243,10.73257,2.7816138,131.5243,10.73257,0.11824247,,,,,,,,,,,,,,,,,131.5243,10.822508,0.012668978,131.5243,10.822508,0.00093284476,,,,,,,,,,,,,,,,,,,,,,,,,,,,,131.5243,10.822508,1.0000001e-07,131.5243,10.822508,7.0,,,,,,,
131.5243,10.762549,0.0013535623,131.5243,10.762549,0.0005206009,,,,,,,,,,,,,,,,,,,,,,,,,,,,,,,,,,,,,,,,,,,,,,,,,,,,,,,,,,,,,131.5243,10.762549,3.0446386,131.5243,10.762549,-0.031326752,,,,,,,,,,,,,,,,,131.5243,10.852488,0.01755673,131.5243,10.852488,-0.0005428255,,,,,,,,,,,,,,,,,,,,,,,,,,,,,131.5243,10.852488,1.0000001e-07,131.5243,10.852488,7.0,,,,,,,
131.5243,10.792528,0.0014576826,131.5243,10.792528,0.00069909263,,,,,,,,,,,,,,,,,,,,,,,,,,,,,,,,,,,,,,,,,,,,,,,,,,,,,,,,,,,,,131.5243,10.792528,3.4261355,131.5243,10.792528,0.58198225,,,,,,,,,,,,,,,,,131.5243,10.882466,0.023674183,131.5243,10.882466,0.0035983622,,,,,,,,,,,,,,,,,,,,,,,,,,,,,131.5243,10.882466,1.0000001e-07,131.5243,10.882466,7.0,,,,,,,
131.5243,10.822508,0.0010858248,131.5243,10.822508,0.00071396696,,,,,,,,,,,,,,,,,,,,,,,,,,,,,,,,,,,,,,,,,,,,,,,,,,,,,,,,,,,,,131.5243,10.822508,1.9919953,131.5243,10.822508,0.65354085,,,,,,,,,,,,,,,,,131.5243,10.912446,0.016586358,131.5243,10.912446,0.0018908059,,,,,,,,,,,,,,,,,,,,,,,,,,,,,131.5243,10.912446,1.0000001e-07,131.5243,10.912446,7.0,,,,,,,
131.5243,10.852487,0.0013238138,131.5243,10.852487,0.00062472105,,,,,,,,,,,,,,,,,,,,,,,,,,,,,,,,,,,,,,,,,,,,,,,,,,,,,,,,,,,,,131.5243,10.852487,2.8983998,131.5243,10.852487,0.34617436,,,,,,,,,,,,,,,,,131.5243,10.942425,0.012658205,131.5243,10.942425,-0.0050829905,,,,,,,,,,,,,,,,,,,,,,,,,,,,,131.5243,10.942425,1.0000001e-07,131.5243,10.942425,7.0,,,,,,,
131.5243,10.882466,0.0015023056,131.5243,10.882466,0.0007734642,,,,,,,,,,,,,,,,,,,,,,,,,,,,,,,,,,,,,,,,,,,,,,,,,,,,,,,,,,,,,131.5243,10.882466,3.5905664,131.5243,10.882466,0.8701342,,,,,,,,,,,,,,,,,131.5243,10.9724045,0.012681719,131.5243,10.9724045,-0.0019629742,,,,,,,,,,,,,,,,,,,,,,,,,,,,,131.5243,10.9724045,1.0000001e-07,131.5243,10.9724045,7.0,,,,,,,
131.5243,10.912445,0.0012494422,131.5243,10.912445,0.00072884123,,,,,,,,,,,,,,,,,,,,,,,,,,,,,,,,,,,,,,,,,,,,,,,,,,,,,,,,,,,,,131.5243,10.912445,2.6634533,131.5243,10.912445,0.7148428,,,,,,,,,,,,,,,,,131.5243,11.002383,0.009530312,131.5243,11.002383,-0.005848592,,,,,,,,,,,,,,,,,,,,,,,,,,,,,131.5243,11.002383,1.0000001e-07,131.5243,11.002383,7.0,,,,,,,
131.5243,10.942425,0.0011304477,131.5243,10.942425,0.00056522386,,,,,,,,,,,,,,,,,,,,,,,,,,,,,,,,,,,,,,,,,,,,,,,,,,,,,,,,,,,,,131.5243,10.942425,2.122119,131.5243,10.942425,0.09170233,,,,,,,,,,,,,,,,,131.5243,11.032363,0.014633079,131.5243,11.032363,0.0011822259,,,,,,,,,,,,,,,,,,,,,,,,,,,,,131.5243,11.032363,1.0000001e-07,131.5243,11.032363,7.0,,,,,,,
131.5243,10.972404,0.0011750706,131.5243,10.972404,0.00066934404,,,,,,,,,,,,,,,,,,,,,,,,,,,,,,,,,,,,,,,,,,,,,,,,,,,,,,,,,,,,,131.5243,10.972404,2.3247938,131.5243,10.972404,0.50721085,,,,,,,,,,,,,,,,,131.5243,11.062342,0.019274326,131.5243,11.062342,-0.001520093,,,,,,,,,,,,,,,,,,,,,,,,,,,,,131.5243,11.062342,1.0000001e-07,131.5243,11.062342,7.0,,,,,,,
131.5243,11.002383,0.0009668303,131.5243,11.002383,0.0005503495,,,,,,,,,,,,,,,,,,,,,,,,,,,,,,,,,,,,,,,,,,,,,,,,,,,,,,,,,,,,,131.5243,11.002383,1.5695475,131.5243,11.002383,0.05041858,,,,,,,,,,,,,,,,,131.5243,11.092321,0.013591887,131.5243,11.092321,-0.0031490398,,,,,,,,,,,,,,,,,,,,,,,,,,,,,131.5243,11.092321,1.0000001e-07,131.5243,11.092321,7.0,,,,,,,
131.5243,11.032362,0.0011750706,131.5243,11.032362,0.00072884123,,,,,,,,,,,,,,,,,,,,,,,,,,,,,,,,,,,,,,,,,,,,,,,,,,,,,,,,,,,,,131.5243,11.032362,2.340407,131.5243,11.032362,0.75894433,,,,,,,,,,,,,,,,,131.5243,11.1223,0.017204635,131.5243,11.1223,0.0021696533,,,,,,,,,,,,,,,,,,,,,,,,,,,,,131.5243,11.1223,1.0000001e-07,131.5243,11.1223,7.0,,,,,,,
131.5243,11.062342,0.0013386881,131.5243,11.062342,0.00065446965,,,,,,,,,,,,,,,,,,,,,,,,,,,,,,,,,,,,,,,,,,,,,,,,,,,,,,,,,,,,,131.5243,11.062342,2.9564958,131.5243,11.062342,0.39077634,,,,,,,,,,,,,,,,,131.5243,11.15228,0.015659843,131.5243,11.15228,-0.002686787,,,,,,,,,,,,,,,,,,,,,,,,,,,,,131.5243,11.15228,1.0000001e-07,131.5243,11.15228,7.0,,,,,,,
131.5243,11.092321,0.0011750708,131.5243,11.092321,0.0005949724,,,,,,,,,,,,,,,,,,,,,,,,,,,,,,,,,,,,,,,,,,,,,,,,,,,,,,,,,,,,,131.5243,11.092321,2.3254557,131.5243,11.092321,0.24113308,,,,,,,,,,,,,,,,,131.5243,11.182259,0.01134002,131.5243,11.182259,-0.0010121131,,,,,,,,,,,,,,,,,,,,,,,,,,,,,131.5243,11.182259,1.0000001e-07,131.5243,11.182259,7.0,,,,,,,
131.5243,11.1223,0.0013089394,131.5243,11.1223,0.00077346415,,,,,,,,,,,,,,,,,,,,,,,,,,,,,,,,,,,,,,,,,,,,,,,,,,,,,,,,,,,,,131.5243,11.1223,2.8687599,131.5243,11.1223,0.94428074,,,,,,,,,,,,,,,,,131.5243,11.212238,0.011581015,131.5243,11.212238,0.0058920924,,,,,,,,,,,,,,,,,,,,,,,,,,,,,131.5243,11.212238,1.0000001e-07,131.5243,11.212238,7.0,,,,,,,
131.5243,11.15228,0.0012494423,131.5243,11.15228,0.0005503495,,,,,,,,,,,,,,,,,,,,,,,,,,,,,,,,,,,,,,,,,,,,,,,,,,,,,,,,,,,,,131.5243,11.15228,2.6006353,131.5243,11.15228,0.03315874,,,,,,,,,,,,,,,,,131.5243,11.242217,0.014337937,131.5243,11.242217,0.003032771,,,,,,,,,,,,,,,,,,,,,,,,,,,,,131.5243,11.242217,1.0000001e-07,131.5243,11.242217,7.0,,,,,,,
131.5243,11.182259,0.0010858248,131.5243,11.182259,0.000669344,,,,,,,,,,,,,,,,,,,,,,,,,,,,,,,,,,,,,,,,,,,,,,,,,,,,,,,,,,,,,131.5243,11.182259,2.0027466,131.5243,11.182259,0.48640415,,,,,,,,,,,,,,,,,131.5243,11.272197,0.009915877,131.5243,11.272197,0.00018493691,,,,,,,,,,,,,,,,,,,,,,,,,,,,,131.5243,11.272197,1.0000001e-07,131.5243,11.272197,7.0,,,,,,,
131.5243,11.212238,0.0010412018,131.5243,11.212238,0.00084783573,,,,,,,,,,,,,,,,,,,,,,,,,,,,,,,,,,,,,,,,,,,,,,,,,,,,,,,,,,,,,131.5243,11.212238,1.832094,131.5243,11.212238,1.2091866,,,,,,,,,,,,,,,,,131.5243,11.3021755,0.017830305,131.5243,11.3021755,0.0022906545,,,,,,,,,,,,,,,,,,,,,,,,,,,,,131.5243,11.3021755,1.0000001e-07,131.5243,11.3021755,7.0,,,,,,,
131.5243,11.242217,0.0012048193,131.5243,11.242217,0.0007585899,,,,,,,,,,,,,,,,,,,,,,,,,,,,,,,,,,,,,,,,,,,,,,,,,,,,,,,,,,,,,131.5243,11.242217,2.4806023,131.5243,11.242217,0.8016491,,,,,,,,,,,,,,,,,131.5243,11.332155,0.017791443,131.5243,11.332155,0.00020087387,,,,,,,,,,,,,,,,,,,,,,,,,,,,,131.5243,11.332155,1.0000001e-07,131.5243,11.332155,7.0,,,,,,,
131.5243,11.272197,0.0010263275,131.5243,11.272197,0.00065446965,,,,,,,,,,,,,,,,,,,,,,,,,,,,,,,,,,,,,,,,,,,,,,,,,,,,,,,,,,,,,131.5243,11.272197,1.761207,131.5243,11.272197,0.41253152,,,,,,,,,,,,,,,,,131.5243,11.362134,0.012373108,131.5243,11.362134,-0.0018297272,,,,,,,,,,,,,,,,,,,,,,,,,,,,,131.5243,11.362134,1.0000001e-07,131.5243,11.362134,7.0,,,,,,,
131.5243,11.3021755,0.0012345681,131.5243,11.3021755,0.00072884123,,,,,,,,,,,,,,,,,,,,,,,,,,,,,,,,,,,,,,,,,,,,,,,,,,,,,,,,,,,,,131.5243,11.3021755,2.6347437,131.5243,11.3021755,0.7304566,,,,,,,,,,,,,,,,,131.5243,11.392114,0.020396197,131.5243,11.392114,0.0057758815,,,,,,,,,,,,,,,,,,,,,,,,,,,,,131.5243,11.392114,1.0000001e-07,131.5243,11.392114,7.0,,,,,,,
131.5243,11.332155,0.001234568,131.5243,11.332155,0.0006990927,,,,,,,,,,,,,,,,,,,,,,,,,,,,,,,,,,,,,,,,,,,,,,,,,,,,,,,,,,,,,131.5243,11.332155,2.5389044,131.5243,11.332155,0.56085706,,,,,,,,,,,,,,,,,131.5243,11.422092,0.020213142,131.5243,11.422092,-0.0009376361,,,,,,,,,,,,,,,,,,,,,,,,,,,,,131.5243,11.422092,1.0000001e-07,131.5243,11.422092,7.0,,,,,,,
131.5243,11.362134,0.0010858248,131.5243,11.362134,0.0006395953,,,,,,,,,,,,,,,,,,,,,,,,,,,,,,,,,,,,,,,,,,,,,,,,,,,,,,,,,,,,,131.5243,11.362134,2.008856,131.5243,11.362134,0.38049734,,,,,,,,,,,,,,,,,131.5243,11.452072,0.0199419,131.5243,11.452072,0.0043607876,,,,,,,,,,,,,,,,,,,,,,,,,,,,,131.5243,11.452072,1.0000001e-07,131.5243,11.452072,7.0,,,,,,,
131.5243,11.392114,0.0012791908,131.5243,11.392114,0.00086271006,,,,,,,,,,,,,,,,,,,,,,,,,,,,,,,,,,,,,,,,,,,,,,,,,,,,,,,,,,,,,131.5243,11.392114,2.732685,131.5243,11.392114,1.2370151,,,,,,,,,,,,,,,,,131.5243,11.482051,0.011150848,131.5243,11.482051,-0.0023973759,,,,,,,,,,,,,,,,,,,,,,,,,,,,,131.5243,11.482051,1.0000001e-07,131.5243,11.482051,7.0,,,,,,,
131.5243,11.422092,0.0013386881,131.5243,11.422092,0.00062472105,,,,,,,,,,,,,,,,,,,,,,,,,,,,,,,,,,,,,,,,,,,,,,,,,,,,,,,,,,,,,131.5243,11.422092,2.9613166,131.5243,11.422092,0.30900478,,,,,,,,,,,,,,,,,131.5243,11.512031,0.018294945,131.5243,11.512031,0.0012306537,,,,,,,,,,,,,,,,,,,,,,,,,,,,,131.5243,11.512031,1.0000001e-07,131.5243,11.512031,7.0,,,,,,,
131.5243,11.452072,0.0012791908,131.5243,11.452072,0.0007585899,,,,,,,,,,,,,,,,,,,,,,,,,,,,,,,,,,,,,,,,,,,,,,,,,,,,,,,,,,,,,131.5243,11.452072,2.7068515,131.5243,11.452072,0.8532217,,,,,,,,,,,,,,,,,131.5243,11.542009,0.012726737,131.5243,11.542009,0.0018979292,,,,,,,,,,,,,,,,,,,,,,,,,,,,,131.5243,11.542009,1.0000001e-07,131.5243,11.542009,7.0,,,,,,,
131.5243,11.482051,0.0009817046,131.5243,11.482051,0.0006098467,,,,,,,,,,,,,,,,,,,,,,,,,,,,,,,,,,,,,,,,,,,,,,,,,,,,,,,,,,,,,131.5243,11.482051,1.6378394,131.5243,11.482051,0.29697782,,,,,,,,,,,,,,,,,131.5243,11.571989,0.011429213,131.5243,11.571989,-0.0057670805,,,,,,,,,,,,,,,,,,,,,,,,,,,,,131.5243,11.571989,1.0000001e-07,131.5243,11.571989,7.0,,,,,,,
131.5243,11.512031,0.0012345678,131.5243,11.512031,0.0006990926,,,,,,,,,,,,,,,,,,,,,,,,,,,,,,,,,,,,,,,,,,,,,,,,,,,,,,,,,,,,,131.5243,11.512031,2.5813038,131.5243,11.512031,0.6097843,,,,,,,,,,,,,,,,,131.5243,11.601968,0.018414918,131.5243,11.601968,-0.0042630723,,,,,,,,,,,,,,,,,,,,,,,,,,,,,131.5243,11.601968,1.0000001e-07,131.5243,11.601968,7.0,,,,,,,
131.5243,11.542009,0.0011006991,131.5243,11.542009,0.00075858994,,,,,,,,,,,,,,,,,,,,,,,,,,,,,,,,,,,,,,,,,,,,,,,,,,,,,,,,,,,,,131.5243,11.542009,2.1017878,131.5243,11.542009,0.8388836,,,,,,,,,,,,,,,,,131.5243,11.6319475,0.013287829,131.5243,11.6319475,-0.0037864756,,,,,,,,,,,,,,,,,,,,,,,,,,,,,131.5243,11.6319475,1.0000001e-07,131.5243,11.6319475,7.0,,,,,,,
131.5243,11.571989,0.0010709504,131.5243,11.571989,0.0005949724,,,,,,,,,,,,,,,,,,,,,,,,,,,,,,,,,,,,,,,,,,,,,,,,,,,,,,,,,,,,,131.5243,11.571989,1.995039,131.5243,11.571989,0.25218052,,,,,,,,,,,,,,,,,131.5243,11.661927,0.024283996,131.5243,11.661927,-0.0069535715,,,,,,,,,,,,,,,,,,,,,,,,,,,,,131.5243,11.661927,1.0000001e-07,131.5243,11.661927,7.0,,,,,,,
131.5243,11.601968,0.0012196936,131.5243,11.601968,0.00056522386,,,,,,,,,,,,,,,,,,,,,,,,,,,,,,,,,,,,,,,,,,,,,,,,,,,,,,,,,,,,,131.5243,11.601968,2.5218112,131.5243,11.601968,0.14468333,,,,,,,,,,,,,,,,,131.5243,11.691906,0.015659519,131.5243,11.691906,0.0017206329,,,,,,,,,,,,,,,,,,,,,,,,,,,,,131.5243,11.691906,1.0000001e-07,131.5243,11.691906,7.0,,,,,,,
131.5243,11.6319475,0.0010709505,131.5243,11.6319475,0.0005354752,,,,,,,,,,,,,,,,,,,,,,,,,,,,,,,,,,,,,,,,,,,,,,,,,,,,,,,,,,,,,131.5243,11.6319475,1.9429364,131.5243,11.6319475,0.015736692,,,,,,,,,,,,,,,,,131.5243,11.721886,0.01840158,131.5243,11.721886,-0.00070550025,,,,,,,,,,,,,,,,,,,,,,,,,,,,,131.5243,11.721886,1.0000001e-07,131.5243,11.721886,7.0,,,,,,,
131.5243,11.661926,0.0013386882,131.5243,11.661926,0.00046110366,,,,,,,,,,,,,,,,,,,,,,,,,,,,,,,,,,,,,,,,,,,,,,,,,,,,,,,,,,,,,131.5243,11.661926,2.928146,131.5243,11.661926,-0.2776205,,,,,,,,,,,,,,,,,131.5243,11.751864,0.024341723,131.5243,11.751864,-0.0031079492,,,,,,,,,,,,,,,,,,,,,,,,,,,,,131.5243,11.751864,1.0000001e-07,131.5243,11.751864,7.0,,,,,,,
131.5243,11.691906,0.0011006991,131.5243,11.691906,0.0007139669,,,,,,,,,,,,,,,,,,,,,,,,,,,,,,,,,,,,,,,,,,,,,,,,,,,,,,,,,,,,,131.5243,11.691906,2.0514522,131.5243,11.691906,0.6339528,,,,,,,,,,,,,,,,,131.5243,11.781844,0.017100072,131.5243,11.781844,0.0053183306,,,,,,,,,,,,,,,,,,,,,,,,,,,,,131.5243,11.781844,1.0000001e-07,131.5243,11.781844,7.0,,,,,,,
131.5243,11.721885,0.0012345681,131.5243,11.721885,0.00062472105,,,,,,,,,,,,,,,,,,,,,,,,,,,,,,,,,,,,,,,,,,,,,,,,,,,,,,,,,,,,,131.5243,11.721885,2.5250351,131.5243,11.721885,0.34799004,,,,,,,,,,,,,,,,,131.5243,11.811823,0.023952572,131.5243,11.811823,-0.008969432,,,,,,,,,,,,,,,,,,,,,,,,,,,,,131.5243,11.811823,1.0000001e-07,131.5243,11.811823,7.0,,,,,,,
131.5243,11.751864,0.001427934,131.5243,11.751864,0.00059497246,,,,,,,,,,,,,,,,,,,,,,,,,,,,,,,,,,,,,,,,,,,,,,,,,,,,,,,,,,,,,131.5243,11.751864,3.300745,131.5243,11.751864,0.26721206,,,,,,,,,,,,,,,,,131.5243,11.841803,0.012167675,131.5243,11.841803,0.0047647213,,,,,,,,,,,,,,,,,,,,,,,,,,,,,131.5243,11.841803,1.0000001e-07,131.5243,11.841803,7.0,,,,,,,
131.5243,11.781843,0.0011304476,131.5243,11.781843,0.0007883386,,,,,,,,,,,,,,,,,,,,,,,,,,,,,,,,,,,,,,,,,,,,,,,,,,,,,,,,,,,,,131.5243,11.781843,2.1187966,131.5243,11.781843,0.95825154,,,,,,,,,,,,,,,,,131.5243,11.871781,0.015461905,131.5243,11.871781,0.0017601107,,,,,,,,,,,,,,,,,,,,,,,,,,,,,131.5243,11.871781,1.0000001e-07,131.5243,11.871781,7.0,,,,,,,
131.5243,11.811823,0.0013238137,131.5243,11.811823,0.0004759779,,,,,,,,,,,,,,,,,,,,,,,,,,,,,,,,,,,,,,,,,,,,,,,,,,,,,,,,,,,,,131.5243,11.811823,2.855579,131.5243,11.811823,-0.22985657,,,,,,,,,,,,,,,,,131.5243,11.901761,0.014185735,131.5243,11.901761,-0.00011358017,,,,,,,,,,,,,,,,,,,,,,,,,,,,,131.5243,11.901761,1.0000001e-07,131.5243,11.901761,7.0,,,,,,,
131.5243,11.841802,0.0010263275,131.5243,11.841802,0.0007734642,,,,,,,,,,,,,,,,,,,,,,,,,,,,,,,,,,,,,,,,,,,,,,,,,,,,,,,,,,,,,131.5243,11.841802,1.7827249,131.5243,11.841802,0.85439795,,,,,,,,,,,,,,,,,131.5243,11.93174,0.011207232,131.5243,11.93174,0.00018910143,,,,,,,,,,,,,,,,,,,,,,,,,,,,,131.5243,11.93174,1.0000001e-07,131.5243,11.93174,7.0,,,,,,,
131.5243,11.871781,0.0010858248,131.5243,11.871781,0.0007437156,,,,,,,,,,,,,,,,,,,,,,,,,,,,,,,,,,,,,,,,,,,,,,,,,,,,,,,,,,,,,131.5243,11.871781,1.9754426,131.5243,11.871781,0.77553725,,,,,,,,,,,,,,,,,131.5243,11.9617195,0.004699098,131.5243,11.9617195,-0.0050618774,,,,,,,,,,,,,,,,,,,,,,,,,,,,,131.5243,11.9617195,1.0000001e-07,131.5243,11.9617195,7.0,,,,,,,
131.5243,11.90176,0.0011006991,131.5243,11.90176,0.0006395954,,,,,,,,,,,,,,,,,,,,,,,,,,,,,,,,,,,,,,,,,,,,,,,,,,,,,,,,,,,,,131.5243,11.90176,2.0240412,131.5243,11.90176,0.3604265,,,,,,,,,,,,,,,,,131.5243,11.991698,0.016879015,131.5243,11.991698,0.006955929,,,,,,,,,,,,,,,,,,,,,,,,,,,,,131.5243,11.991698,1.0000001e-07,131.5243,11.991698,7.0,,,,,,,
131.5243,11.93174,0.0009668303,131.5243,11.93174,0.0006098467,,,,,,,,,,,,,,,,,,,,,,,,,,,,,,,,,,,,,,,,,,,,,,,,,,,,,,,,,,,,,131.5243,11.93174,1.5442783,131.5243,11.93174,0.28290555,,,,,,,,,,,,,,,,,131.5243,12.021678,0.024678024,131.5243,12.021678,0.0029330705,,,,,,,,,,,,,,,,,,,,,,,,,,,,,131.5243,12.021678,1.0000001e-07,131.5243,12.021678,7.0,,,,,,,
131.5243,11.9617195,0.0008478358,131.5243,11.9617195,0.0005206009,,,,,,,,,,,,,,,,,,,,,,,,,,,,,,,,,,,,,,,,,,,,,,,,,,,,,,,,,,,,,131.5243,11.9617195,1.080228,131.5243,11.9617195,-0.041574683,,,,,,,,,,,,,,,,,131.5243,12.051657,0.022585131,131.5243,12.051657,0.0016914958,,,,,,,,,,,,,,,,,,,,,,,,,,,,,131.5243,12.051657,1.0000001e-07,131.5243,12.051657,7.0,,,,,,,
131.5243,11.991698,0.0011899449,131.5243,11.991698,0.00077346415,,,,,,,,,,,,,,,,,,,,,,,,,,,,,,,,,,,,,,,,,,,,,,,,,,,,,,,,,,,,,131.5243,11.991698,2.3934739,131.5243,11.991698,0.91325164,,,,,,,,,,,,,,,,,131.5243,12.081636,0.019306038,131.5243,12.081636,-0.00069938897,,,,,,,,,,,,,,,,,,,,,,,,,,,,,131.5243,12.081636,1.0000001e-07,131.5243,12.081636,7.0,,,,,,,
131.5243,12.021678,0.0013684366,131.5243,12.021678,0.00071396696,,,,,,,,,,,,,,,,,,,,,,,,,,,,,,,,,,,,,,,,,,,,,,,,,,,,,,,,,,,,,131.5243,12.021678,3.0589879,131.5243,12.021678,0.679585,,,,,,,,,,,,,,,,,131.5243,12.111615,0.017578727,131.5243,12.111615,-0.0009509885,,,,,,,,,,,,,,,,,,,,,,,,,,,,,131.5243,12.111615,1.0000001e-07,131.5243,12.111615,7.0,,,,,,,
131.5243,12.051657,0.0012345678,131.5243,12.051657,0.00068421825,,,,,,,,,,,,,,,,,,,,,,,,,,,,,,,,,,,,,,,,,,,,,,,,,,,,,,,,,,,,,131.5243,12.051657,2.5775862,131.5243,12.051657,0.54147637,,,,,,,,,,,,,,,,,131.5243,12.141595,0.01189497,131.5243,12.141595,-4.308777e-05,,,,,,,,,,,,,,,,,,,,,,,,,,,,,131.5243,12.141595,1.0000001e-07,131.5243,12.141595,7.0,,,,,,,
131.5243,12.081636,0.0011899448,131.5243,12.081636,0.0006842183,,,,,,,,,,,,,,,,,,,,,,,,,,,,,,,,,,,,,,,,,,,,,,,,,,,,,,,,,,,,,131.5243,12.081636,2.3674057,131.5243,12.081636,0.5826022,,,,,,,,,,,,,,,,,131.5243,12.171574,0.020357763,131.5243,12.171574,0.0022143302,,,,,,,,,,,,,,,,,,,,,,,,,,,,,131.5243,12.171574,1.0000001e-07,131.5243,12.171574,7.0,,,,,,,
131.5243,12.111615,0.0012196935,131.5243,12.111615,0.0005652238,,,,,,,,,,,,,,,,,,,,,,,,,,,,,,,,,,,,,,,,,,,,,,,,,,,,,,,,,,,,,131.5243,12.111615,2.4892154,131.5243,12.111615,0.11163375,,,,,,,,,,,,,,,,,131.5243,12.201553,0.013923994,131.5243,12.201553,0.003912607,,,,,,,,,,,,,,,,,,,,,,,,,,,,,131.5243,12.201553,1.0000001e-07,131.5243,12.201553,7.0,,,,,,,
131.5243,12.141595,0.000996579,131.5243,12.141595,0.0006395953,,,,,,,,,,,,,,,,,,,,,,,,,,,,,,,,,,,,,,,,,,,,,,,,,,,,,,,,,,,,,131.5243,12.141595,1.654288,131.5243,12.141595,0.40222105,,,,,,,,,,,,,,,,,131.5243,12.231532,0.015785357,131.5243,12.231532,-0.0033212586,,,,,,,,,,,,,,,,,,,,,,,,,,,,,131.5243,12.231532,1.0000001e-07,131.5243,12.231532,7.0,,,,,,,
131.5243,12.171574,0.0011899448,131.5243,12.171574,0.00069909263,,,,,,,,,,,,,,,,,,,,,,,,,,,,,,,,,,,,,,,,,,,,,,,,,,,,,,,,,,,,,131.5243,12.171574,2.371147,131.5243,12.171574,0.6132277,,,,,,,,,,,,,,,,,131.5243,12.261512,0.011525121,131.5243,12.261512,0.0022197634,,,,,,,,,,,,,,,,,,,,,,,,,,,,,131.5243,12.261512,1.0000001e-07,131.5243,12.261512,7.0,,,,,,,
131.5243,12.201553,0.000996579,131.5243,12.201553,0.0007734642,,,,,,,,,,,,,,,,,,,,,,,,,,,,,,,,,,,,,,,,,,,,,,,,,,,,,,,,,,,,,131.5243,12.201553,1.6691965,131.5243,12.201553,0.93940663,,,,,,,,,,,,,,,,,131.5243,12.291491,0.020292912,131.5243,12.291491,0.0008586653,,,,,,,,,,,,,,,,,,,,,,,,,,,,,131.5243,12.291491,1.0000001e-07,131.5243,12.291491,7.0,,,,,,,
131.5243,12.231532,0.0011155733,131.5243,12.231532,0.0005800982,,,,,,,,,,,,,,,,,,,,,,,,,,,,,,,,,,,,,,,,,,,,,,,,,,,,,,,,,,,,,131.5243,12.231532,2.0791554,131.5243,12.231532,0.1478413,,,,,,,,,,,,,,,,,131.5243,12.32147,0.024955463,131.5243,12.32147,-0.00057930156,,,,,,,,,,,,,,,,,,,,,,,,,,,,,131.5243,12.32147,1.0000001e-07,131.5243,12.32147,7.0,,,,,,,
131.5243,12.261512,0.0009668303,131.5243,12.261512,0.0007585899,,,,,,,,,,,,,,,,,,,,,,,,,,,,,,,,,,,,,,,,,,,,,,,,,,,,,,,,,,,,,131.5243,12.261512,1.5536442,131.5243,12.261512,0.8369659,,,,,,,,,,,,,,,,,131.5243,12.351449,0.012199408,131.5243,12.351449,0.006516254,,,,,,,,,,,,,,,,,,,,,,,,,,,,,131.5243,12.351449,1.0000001e-07,131.5243,12.351449,7.0,,,,,,,
131.5243,12.291491,0.0011899449,131.5243,12.291491,0.0006990926,,,,,,,,,,,,,,,,,,,,,,,,,,,,,,,,,,,,,,,,,,,,,,,,,,,,,,,,,,,,,131.5243,12.291491,2.3578825,131.5243,12.291491,0.6158793,,,,,,,,,,,,,,,,,131.5243,12.381429,0.020444062,131.5243,12.381429,0.007224923,,,,,,,,,,,,,,,,,,,,,,,,,,,,,131.5243,12.381429,1.0000001e-07,131.5243,12.381429,7.0,,,,,,,
131.5243,12.32147,0.0013535623,131.5243,12.32147,0.0006098467,,,,,,,,,,,,,,,,,,,,,,,,,,,,,,,,,,,,,,,,,,,,,,,,,,,,,,,,,,,,,131.5243,12.32147,3.0183532,131.5243,12.32147,0.21710852,,,,,,,,,,,,,,,,,131.5243,12.411407,0.015108749,131.5243,12.411407,-0.005511429,,,,,,,,,,,,,,,,,,,,,,,,,,,,,131.5243,12.411407,1.0000001e-07,131.5243,12.411407,7.0,,,,,,,
131.5243,12.351449,0.0009817046,131.5243,12.351449,0.0007734641,,,,,,,,,,,,,,,,,,,,,,,,,,,,,,,,,,,,,,,,,,,,,,,,,,,,,,,,,,,,,131.5243,12.351449,1.5873444,131.5243,12.351449,0.8519084,,,,,,,,,,,,,,,,,131.5243,12.441387,0.010338379,131.5243,12.441387,0.0055128117,,,,,,,,,,,,,,,,,,,,,,,,,,,,,131.5243,12.441387,1.0000001e-07,131.5243,12.441387,7.0,,,,,,,
131.5243,12.381429,0.0011601963,131.5243,12.381429,0.00075858994,,,,,,,,,,,,,,,,,,,,,,,,,,,,,,,,,,,,,,,,,,,,,,,,,,,,,,,,,,,,,131.5243,12.381429,2.250523,131.5243,12.381429,0.8305425,,,,,,,,,,,,,,,,,131.5243,12.471366,0.011303595,131.5243,12.471366,-0.0052772164,,,,,,,,,,,,,,,,,,,,,,,,,,,,,131.5243,12.471366,1.0000001e-07,131.5243,12.471366,7.0,,,,,,,
131.5243,12.411407,0.0010263275,131.5243,12.411407,0.0005652238,,,,,,,,,,,,,,,,,,,,,,,,,,,,,,,,,,,,,,,,,,,,,,,,,,,,,,,,,,,,,131.5243,12.411407,1.7692751,131.5243,12.411407,0.0947229,,,,,,,,,,,,,,,,,131.5243,12.501346,0.013955858,131.5243,12.501346,0.0015961787,,,,,,,,,,,,,,,,,,,,,,,,,,,,,131.5243,12.501346,1.0000001e-07,131.5243,12.501346,7.0,,,,,,,
131.5243,12.441387,0.0009222073,131.5243,12.441387,0.0007437155,,,,,,,,,,,,,,,,,,,,,,,,,,,,,,,,,,,,,,,,,,,,,,,,,,,,,,,,,,,,,131.5243,12.441387,1.3985342,131.5243,12.441387,0.75719994,,,,,,,,,,,,,,,,,131.5243,12.531325,0.008939662,131.5243,12.531325,0.0014873232,,,,,,,,,,,,,,,,,,,,,,,,,,,,,131.5243,12.531325,1.0000001e-07,131.5243,12.531325,7.0,,,,,,,
131.5243,12.471366,0.0010114531,131.5243,12.471366,0.0005503495,,,,,,,,,,,,,,,,,,,,,,,,,,,,,,,,,,,,,,,,,,,,,,,,,,,,,,,,,,,,,131.5243,12.471366,1.7333432,131.5243,12.471366,0.073534876,,,,,,,,,,,,,,,,,131.5243,12.561304,0.010360963,131.5243,12.561304,0.002695176,,,,,,,,,,,,,,,,,,,,,,,,,,,,,131.5243,12.561304,1.0000001e-07,131.5243,12.561304,7.0,,,,,,,
131.5243,12.501346,0.0009519559,131.5243,12.501346,0.00072884123,,,,,,,,,,,,,,,,,,,,,,,,,,,,,,,,,,,,,,,,,,,,,,,,,,,,,,,,,,,,,131.5243,12.501346,1.5084534,131.5243,12.501346,0.6884066,,,,,,,,,,,,,,,,,131.5243,12.591284,0.015126022,131.5243,12.591284,0.006907968,,,,,,,,,,,,,,,,,,,,,,,,,,,,,131.5243,12.591284,1.0000001e-07,131.5243,12.591284,7.0,,,,,,,
131.5243,12.531324,0.000951956,131.5243,12.531324,0.0006395954,,,,,,,,,,,,,,,,,,,,,,,,,,,,,,,,,,,,,,,,,,,,,,,,,,,,,,,,,,,,,131.5243,12.531324,1.5142992,131.5243,12.531324,0.39061388,,,,,,,,,,,,,,,,,131.5243,12.621263,0.029641071,131.5243,12.621263,-0.0034570496,,,,,,,,,,,,,,,,,,,,,,,,,,,,,131.5243,12.621263,1.0000001e-07,131.5243,12.621263,7.0,,,,,,,
131.5243,12.561304,0.0009519559,131.5243,12.561304,0.00066934404,,,,,,,,,,,,,,,,,,,,,,,,,,,,,,,,,,,,,,,,,,,,,,,,,,,,,,,,,,,,,131.5243,12.561304,1.4937422,131.5243,12.561304,0.43983278,,,,,,,,,,,,,,,,,131.5243,12.651242,0.014368693,131.5243,12.651242,-0.001662673,,,,,,,,,,,,,,,,,,,,,,,,,,,,,131.5243,12.651242,1.0000001e-07,131.5243,12.651242,7.0,,,,,,,
131.5243,12.591283,0.0010560761,131.5243,12.591283,0.00083296146,,,,,,,,,,,,,,,,,,,,,,,,,,,,,,,,,,,,,,,,,,,,,,,,,,,,,,,,,,,,,131.5243,12.591283,1.8858702,131.5243,12.591283,1.1218414,,,,,,,,,,,,,,,,,131.5243,12.681221,0.008404864,131.5243,12.681221,-0.004217497,,,,,,,,,,,,,,,,,,,,,,,,,,,,,131.5243,12.681221,1.0000001e-07,131.5243,12.681221,7.0,,,,,,,
131.5243,12.621263,0.0013238138,131.5243,12.621263,0.00058009813,,,,,,,,,,,,,,,,,,,,,,,,,,,,,,,,,,,,,,,,,,,,,,,,,,,,,,,,,,,,,131.5243,12.621263,2.8730595,131.5243,12.621263,0.13742447,,,,,,,,,,,,,,,,,131.5243,12.711201,0.02383136,131.5243,12.711201,0.0063566742,,,,,,,,,,,,,,,,,,,,,,,,,,,,,131.5243,12.711201,1.0000001e-07,131.5243,12.711201,7.0,,,,,,,
131.5243,12.651241,0.0010560761,131.5243,12.651241,0.00058009813,,,,,,,,,,,,,,,,,,,,,,,,,,,,,,,,,,,,,,,,,,,,,,,,,,,,,,,,,,,,,131.5243,12.651241,1.8825374,131.5243,12.651241,0.15133123,,,,,,,,,,,,,,,,,131.5243,12.741179,0.011896592,131.5243,12.741179,-0.005658555,,,,,,,,,,,,,,,,,,,,,,,,,,,,,131.5243,12.741179,1.0000001e-07,131.5243,12.741179,7.0,,,,,,,
131.5243,12.681221,0.00087758433,131.5243,12.681221,0.0005503495,,,,,,,,,,,,,,,,,,,,,,,,,,,,,,,,,,,,,,,,,,,,,,,,,,,,,,,,,,,,,131.5243,12.681221,1.1877364,131.5243,12.681221,0.047321483,,,,,,,,,,,,,,,,,131.5243,12.771159,0.016819822,131.5243,12.771159,-0.004380485,,,,,,,,,,,,,,,,,,,,,,,,,,,,,131.5243,12.771159,1.0000001e-07,131.5243,12.771159,7.0,,,,,,,
131.5243,12.7112,0.0012494422,131.5243,12.7112,0.0007883385,,,,,,,,,,,,,,,,,,,,,,,,,,,,,,,,,,,,,,,,,,,,,,,,,,,,,,,,,,,,,131.5243,12.7112,2.611943,131.5243,12.7112,0.9460125,,,,,,,,,,,,,,,,,131.5243,12.801138,0.021402767,131.5243,12.801138,0.0073547834,,,,,,,,,,,,,,,,,,,,,,,,,,,,,131.5243,12.801138,1.0000001e-07,131.5243,12.801138,7.0,,,,,,,
131.5243,12.741179,0.0009817047,131.5243,12.741179,0.00052060094,,,,,,,,,,,,,,,,,,,,,,,,,,,,,,,,,,,,,,,,,,,,,,,,,,,,,,,,,,,,,131.5243,12.741179,1.5807718,131.5243,12.741179,-0.032203317,,,,,,,,,,,,,,,,,131.5243,12.831118,-0.0013069755,131.5243,12.831118,0.0015932883,,,,,,,,,,,,,,,,,,,,,,,,,,,,,131.5243,12.831118,1.0000001e-07,131.5243,12.831118,7.0,,,,,,,
131.5243,12.771158,0.0010560763,131.5243,12.771158,0.00050572655,,,,,,,,,,,,,,,,,,,,,,,,,,,,,,,,,,,,,,,,,,,,,,,,,,,,,,,,,,,,,131.5243,12.771158,1.8622742,131.5243,12.771158,-0.10319813,,,,,,,,,,,,,,,,,131.5243,12.861096,0.016183535,131.5243,12.861096,-0.0058733625,,,,,,,,,,,,,,,,,,,,,,,,,,,,,131.5243,12.861096,1.0000001e-07,131.5243,12.861096,7.0,,,,,,,
131.5243,12.801138,0.001145322,131.5243,12.801138,0.0008180871,,,,,,,,,,,,,,,,,,,,,,,,,,,,,,,,,,,,,,,,,,,,,,,,,,,,,,,,,,,,,131.5243,12.801138,2.1939058,131.5243,12.801138,1.0592747,,,,,,,,,,,,,,,,,131.5243,12.891076,0.006803507,131.5243,12.891076,-0.0014358799,,,,,,,,,,,,,,,,,,,,,,,,,,,,,131.5243,12.891076,1.0000001e-07,131.5243,12.891076,7.0,,,,,,,
131.5243,12.831118,0.00065446965,131.5243,12.831118,0.00065446965,,,,,,,,,,,,,,,,,,,,,,,,,,,,,,,,,,,,,,,,,,,,,,,,,,,,,,,,,,,,,131.5243,12.831118,0.34690237,131.5243,12.831118,0.45927987,,,,,,,,,,,,,,,,,131.5243,12.921055,0.008951781,131.5243,12.921055,-0.003192528,,,,,,,,,,,,,,,,,,,,,,,,,,,,,131.5243,12.921055,1.0000001e-07,131.5243,12.921055,7.0,,,,,,,
131.5243,12.861096,0.0010114532,131.5243,12.861096,0.00047597795,,,,,,,,,,,,,,,,,,,,,,,,,,,,,,,,,,,,,,,,,,,,,,,,,,,,,,,,,,,,,131.5243,12.861096,1.7168298,131.5243,12.861096,-0.25628573,,,,,,,,,,,,,,,,,131.5243,12.951035,0.020588966,131.5243,12.951035,-0.008750025,,,,,,,,,,,,,,,,,,,,,,,,,,,,,131.5243,12.951035,1.0000001e-07,131.5243,12.951035,7.0,,,,,,,
131.5243,12.891076,0.00080321287,131.5243,12.891076,0.0005949724,,,,,,,,,,,,,,,,,,,,,,,,,,,,,,,,,,,,,,,,,,,,,,,,,,,,,,,,,,,,,131.5243,12.891076,0.94047916,131.5243,12.891076,0.17127082,,,,,,,,,,,,,,,,,131.5243,12.981013,0.021228094,131.5243,12.981013,-0.0013677739,,,,,,,,,,,,,,,,,,,,,,,,,,,,,131.5243,12.981013,1.0000001e-07,131.5243,12.981013,7.0,,,,,,,
131.5243,12.921055,0.00086271006,131.5243,12.921055,0.0005800982,,,,,,,,,,,,,,,,,,,,,,,,,,,,,,,,,,,,,,,,,,,,,,,,,,,,,,,,,,,,,131.5243,12.921055,1.1454321,131.5243,12.921055,0.16748588,,,,,,,,,,,,,,,,,131.5243,13.010993,0.021289703,131.5243,13.010993,0.0031597076,,,,,,,,,,,,,,,,,,,,,,,,,,,,,131.5243,13.010993,1.0000001e-07,131.5243,13.010993,7.0,,,,,,,
131.5243,12.951035,0.001100699,131.5243,12.951035,0.0004611036,,,,,,,,,,,,,,,,,,,,,,,,,,,,,,,,,,,,,,,,,,,,,,,,,,,,,,,,,,,,,131.5243,12.951035,2.092618,131.5243,12.951035,-0.29232267,,,,,,,,,,,,,,,,,131.5243,13.040972,0.010556808,131.5243,13.040972,-0.0006823581,,,,,,,,,,,,,,,,,,,,,,,,,,,,,131.5243,13.040972,1.0000001e-07,131.5243,13.040972,7.0,,,,,,,
131.5243,12.981013,0.0011453221,131.5243,12.981013,0.0005949724,,,,,,,,,,,,,,,,,,,,,,,,,,,,,,,,,,,,,,,,,,,,,,,,,,,,,,,,,,,,,131.5243,12.981013,2.2122374,131.5243,12.981013,0.25006548,,,,,,,,,,,,,,,,,131.5243,13.070951,0.018253785,131.5243,13.070951,0.0012518666,,,,,,,,,,,,,,,,,,,,,,,,,,,,,131.5243,13.070951,1.0000001e-07,131.5243,13.070951,7.0,,,,,,,
131.5243,13.010993,0.0011304476,131.5243,13.010993,0.00074371556,,,,,,,,,,,,,,,,,,,,,,,,,,,,,,,,,,,,,,,,,,,,,,,,,,,,,,,,,,,,,131.5243,13.010993,2.2104895,131.5243,13.010993,0.7614643,,,,,,,,,,,,,,,,,131.5243,13.10093,0.018916212,131.5243,13.10093,-0.005067154,,,,,,,,,,,,,,,,,,,,,,,,,,,,,131.5243,13.10093,1.0000001e-07,131.5243,13.10093,7.0,,,,,,,
131.5243,13.040972,0.0009519559,131.5243,13.040972,0.0005949724,,,,,,,,,,,,,,,,,,,,,,,,,,,,,,,,,,,,,,,,,,,,,,,,,,,,,,,,,,,,,131.5243,13.040972,1.4604404,131.5243,13.040972,0.19878216,,,,,,,,,,,,,,,,,131.5243,13.13091,0.011425641,131.5243,13.13091,0.004736942,,,,,,,,,,,,,,,,,,,,,,,,,,,,,131.5243,13.13091,1.0000001e-07,131.5243,13.13091,7.0,,,,,,,
131.5243,13.070951,0.0011006991,131.5243,13.070951,0.00066934404,,,,,,,,,,,,,,,,,,,,,,,,,,,,,,,,,,,,,,,,,,,,,,,,,,,,,,,,,,,,,131.5243,13.070951,2.0356667,131.5243,13.070951,0.53259695,,,,,,,,,,,,,,,,,131.5243,13.160889,0.017421149,131.5243,13.160889,0.0015715358,,,,,,,,,,,,,,,,,,,,,,,,,,,,,131.5243,13.160889,1.0000001e-07,131.5243,13.160889,7.0,,,,,,,
131.5243,13.10093,0.0010858248,131.5243,13.10093,0.0005354752,,,,,,,,,,,,,,,,,,,,,,,,,,,,,,,,,,,,,,,,,,,,,,,,,,,,,,,,,,,,,131.5243,13.10093,2.0132654,131.5243,13.10093,-0.016756402,,,,,,,,,,,,,,,,,131.5243,13.190868,0.0077714226,131.5243,13.190868,0.0027589297,,,,,,,,,,,,,,,,,,,,,,,,,,,,,131.5243,13.190868,1.0000001e-07,131.5243,13.190868,7.0,,,,,,,
131.5243,13.13091,0.0009222073,131.5243,13.13091,0.00071396696,,,,,,,,,,,,,,,,,,,,,,,,,,,,,,,,,,,,,,,,,,,,,,,,,,,,,,,,,,,,,131.5243,13.13091,1.3470625,131.5243,13.13091,0.67492414,,,,,,,,,,,,,,,,,131.5243,13.220847,0.010306154,131.5243,13.220847,0.006368618,,,,,,,,,,,,,,,,,,,,,,,,,,,,,131.5243,13.220847,1.0000001e-07,131.5243,13.220847,7.0,,,,,,,
131.5243,13.160889,0.0011304477,131.5243,13.160889,0.00068421825,,,,,,,,,,,,,,,,,,,,,,,,,,,,,,,,,,,,,,,,,,,,,,,,,,,,,,,,,,,,,131.5243,13.160889,2.1626546,131.5243,13.160889,0.5394467,,,,,,,,,,,,,,,,,131.5243,13.250827,0.019293351,131.5243,13.250827,-0.00512608,,,,,,,,,,,,,,,,,,,,,,,,,,,,,131.5243,13.250827,1.0000001e-07,131.5243,13.250827,7.0,,,,,,,
131.5243,13.190868,0.0008478358,131.5243,13.190868,0.0006544697,,,,,,,,,,,,,,,,,,,,,,,,,,,,,,,,,,,,,,,,,,,,,,,,,,,,,,,,,,,,,131.5243,13.190868,1.0643053,131.5243,13.190868,0.47468668,,,,,,,,,,,,,,,,,131.5243,13.280806,0.023605306,131.5243,13.280806,-0.00095953763,,,,,,,,,,,,,,,,,,,,,,,,,,,,,131.5243,13.280806,1.0000001e-07,131.5243,13.280806,7.0,,,,,,,
131.5243,13.220847,0.00087758445,131.5243,13.220847,0.00072884123,,,,,,,,,,,,,,,,,,,,,,,,,,,,,,,,,,,,,,,,,,,,,,,,,,,,,,,,,,,,,131.5243,13.220847,1.1816162,131.5243,13.220847,0.7487953,,,,,,,,,,,,,,,,,131.5243,13.310785,0.008093718,131.5243,13.310785,0.0010039535,,,,,,,,,,,,,,,,,,,,,,,,,,,,,131.5243,13.310785,1.0000001e-07,131.5243,13.310785,7.0,,,,,,,
131.5243,13.250827,0.0010263275,131.5243,13.250827,0.0005949724,,,,,,,,,,,,,,,,,,,,,,,,,,,,,,,,,,,,,,,,,,,,,,,,,,,,,,,,,,,,,131.5243,13.250827,1.7574153,131.5243,13.250827,0.20701028,,,,,,,,,,,,,,,,,131.5243,13.340765,0.019578941,131.5243,13.340765,0.009893744,,,,,,,,,,,,,,,,,,,,,,,,,,,,,131.5243,13.340765,1.0000001e-07,131.5243,13.340765,7.0,,,,,,,
131.5243,13.280806,0.0012643165,131.5243,13.280806,0.0006395953,,,,,,,,,,,,,,,,,,,,,,,,,,,,,,,,,,,,,,,,,,,,,,,,,,,,,,,,,,,,,131.5243,13.280806,2.710557,131.5243,13.280806,0.3751491,,,,,,,,,,,,,,,,,131.5243,13.370744,0.015695225,131.5243,13.370744,0.0010858956,,,,,,,,,,,,,,,,,,,,,,,,,,,,,131.5243,13.370744,1.0000001e-07,131.5243,13.370744,7.0,,,,,,,
131.5243,13.310785,0.0008478358,131.5243,13.310785,0.00062472105,,,,,,,,,,,,,,,,,,,,,,,,,,,,,,,,,,,,,,,,,,,,,,,,,,,,,,,,,,,,,131.5243,13.310785,1.1226763,131.5243,13.310785,0.3283795,,,,,,,,,,,,,,,,,131.5243,13.400723,0.0054351743,131.5243,13.400723,-0.00077755284,,,,,,,,,,,,,,,,,,,,,,,,,,,,,131.5243,13.400723,1.0000001e-07,131.5243,13.400723,7.0,,,,,,,
131.5243,13.340764,0.0010709505,131.5243,13.340764,0.0008478358,,,,,,,,,,,,,,,,,,,,,,,,,,,,,,,,,,,,,,,,,,,,,,,,,,,,,,,,,,,,,131.5243,13.340764,1.9426439,131.5243,13.340764,1.180568,,,,,,,,,,,,,,,,,131.5243,13.430702,0.012787302,131.5243,13.430702,-0.0035208378,,,,,,,,,,,,,,,,,,,,,,,,,,,,,131.5243,13.430702,1.0000001e-07,131.5243,13.430702,7.0,,,,,,,
131.5243,13.370744,0.0010263275,131.5243,13.370744,0.00065446965,,,,,,,,,,,,,,,,,,,,,,,,,,,,,,,,,,,,,,,,,,,,,,,,,,,,,,,,,,,,,131.5243,13.370744,1.7508025,131.5243,13.370744,0.43010098,,,,,,,,,,,,,,,,,131.5243,13.460682,0.029991975,131.5243,13.460682,-0.003881077,,,,,,,,,,,,,,,,,,,,,,,,,,,,,131.5243,13.460682,1.0000001e-07,131.5243,13.460682,7.0,,,,,,,
131.5243,13.4007225,0.0008478358,131.5243,13.4007225,0.0006098467,,,,,,,,,,,,,,,,,,,,,,,,,,,,,,,,,,,,,,,,,,,,,,,,,,,,,,,,,,,,,131.5243,13.4007225,1.0736756,131.5243,13.4007225,0.23801515,,,,,,,,,,,,,,,,,131.5243,13.490661,0.01845057,131.5243,13.490661,-0.004344806,,,,,,,,,,,,,,,,,,,,,,,,,,,,,131.5243,13.490661,1.0000001e-07,131.5243,13.490661,7.0,,,,,,,
131.5243,13.430702,0.0009222073,131.5243,13.430702,0.00062472105,,,,,,,,,,,,,,,,,,,,,,,,,,,,,,,,,,,,,,,,,,,,,,,,,,,,,,,,,,,,,131.5243,13.430702,1.4245756,131.5243,13.430702,0.2896854,,,,,,,,,,,,,,,,,131.5243,13.52064,0.013076209,131.5243,13.52064,0.0039954353,,,,,,,,,,,,,,,,,,,,,,,,,,,,,131.5243,13.52064,1.0000001e-07,131.5243,13.52064,7.0,,,,,,,
131.5243,13.460681,0.0013238137,131.5243,13.460681,0.0004908523,,,,,,,,,,,,,,,,,,,,,,,,,,,,,,,,,,,,,,,,,,,,,,,,,,,,,,,,,,,,,131.5243,13.460681,2.8712091,131.5243,13.460681,-0.17185256,,,,,,,,,,,,,,,,,131.5243,13.550619,0.009065632,131.5243,13.550619,0.0026123137,,,,,,,,,,,,,,,,,,,,,,,,,,,,,131.5243,13.550619,1.0000001e-07,131.5243,13.550619,7.0,,,,,,,
131.5243,13.490661,0.0011155735,131.5243,13.490661,0.0005354752,,,,,,,,,,,,,,,,,,,,,,,,,,,,,,,,,,,,,,,,,,,,,,,,,,,,,,,,,,,,,131.5243,13.490661,2.1345935,131.5243,13.490661,0.012680862,,,,,,,,,,,,,,,,,131.5243,13.580599,0.0054079713,131.5243,13.580599,-0.007110254,,,,,,,,,,,,,,,,,,,,,,,,,,,,,131.5243,13.580599,1.0000001e-07,131.5243,13.580599,7.0,,,,,,,
131.5243,13.520639,0.0009668303,131.5243,13.520639,0.000713967,,,,,,,,,,,,,,,,,,,,,,,,,,,,,,,,,,,,,,,,,,,,,,,,,,,,,,,,,,,,,131.5243,13.520639,1.5468088,131.5243,13.520639,0.6967637,,,,,,,,,,,,,,,,,131.5243,13.610578,0.011264188,131.5243,13.610578,-0.00090954104,,,,,,,,,,,,,,,,,,,,,,,,,,,,,131.5243,13.610578,1.0000001e-07,131.5243,13.610578,7.0,,,,,,,
131.5243,13.550619,0.0008180872,131.5243,13.550619,0.00068421825,,,,,,,,,,,,,,,,,,,,,,,,,,,,,,,,,,,,,,,,,,,,,,,,,,,,,,,,,,,,,131.5243,13.550619,0.9787763,131.5243,13.550619,0.57180285,,,,,,,,,,,,,,,,,131.5243,13.640557,0.016422037,131.5243,13.640557,0.003352583,,,,,,,,,,,,,,,,,,,,,,,,,,,,,131.5243,13.640557,1.0000001e-07,131.5243,13.640557,7.0,,,,,,,
131.5243,13.580598,0.0008180872,131.5243,13.580598,0.00055034953,,,,,,,,,,,,,,,,,,,,,,,,,,,,,,,,,,,,,,,,,,,,,,,,,,,,,,,,,,,,,131.5243,13.580598,0.9583095,131.5243,13.580598,0.06700821,,,,,,,,,,,,,,,,,131.5243,13.670536,0.013616312,131.5243,13.670536,0.0073662456,,,,,,,,,,,,,,,,,,,,,,,,,,,,,131.5243,13.670536,1.0000001e-07,131.5243,13.670536,7.0,,,,,,,
131.5243,13.610578,0.0008627102,131.5243,13.610578,0.0006395954,,,,,,,,,,,,,,,,,,,,,,,,,,,,,,,,,,,,,,,,,,,,,,,,,,,,,,,,,,,,,131.5243,13.610578,1.1191918,131.5243,13.610578,0.4134601,,,,,,,,,,,,,,,,,131.5243,13.700516,0.0100100525,131.5243,13.700516,-0.005943293,,,,,,,,,,,,,,,,,,,,,,,,,,,,,131.5243,13.700516,1.0000001e-07,131.5243,13.700516,7.0,,,,,,,
131.5243,13.640556,0.000951956,131.5243,13.640556,0.0006990926,,,,,,,,,,,,,,,,,,,,,,,,,,,,,,,,,,,,,,,,,,,,,,,,,,,,,,,,,,,,,131.5243,13.640556,1.4937483,131.5243,13.640556,0.5973897,,,,,,,,,,,,,,,,,131.5243,13.7304945,0.008241079,131.5243,13.7304945,-5.6374196e-05,,,,,,,,,,,,,,,,,,,,,,,,,,,,,131.5243,13.7304945,1.0000001e-07,131.5243,13.7304945,7.0,,,,,,,
131.5243,13.670536,0.000951956,131.5243,13.670536,0.00075858994,,,,,,,,,,,,,,,,,,,,,,,,,,,,,,,,,,,,,,,,,,,,,,,,,,,,,,,,,,,,,131.5243,13.670536,1.4560887,131.5243,13.670536,0.83724374,,,,,,,,,,,,,,,,,131.5243,13.760474,0.009113681,131.5243,13.760474,-0.0010678661,,,,,,,,,,,,,,,,,,,,,,,,,,,,,131.5243,13.760474,1.0000001e-07,131.5243,13.760474,7.0,,,,,,,
131.5243,13.700516,0.0009519559,131.5243,13.700516,0.0005652238,,,,,,,,,,,,,,,,,,,,,,,,,,,,,,,,,,,,,,,,,,,,,,,,,,,,,,,,,,,,,131.5243,13.700516,1.4932759,131.5243,13.700516,0.12622397,,,,,,,,,,,,,,,,,131.5243,13.790453,0.011262689,131.5243,13.790453,-1.65436e-05,,,,,,,,,,,,,,,,,,,,,,,,,,,,,131.5243,13.790453,1.0000001e-07,131.5243,13.790453,7.0,,,,,,,
131.5243,13.7304945,0.0008180872,131.5243,13.7304945,0.0006395953,,,,,,,,,,,,,,,,,,,,,,,,,,,,,,,,,,,,,,,,,,,,,,,,,,,,,,,,,,,,,131.5243,13.7304945,0.99500585,131.5243,13.7304945,0.39050373,,,,,,,,,,,,,,,,,131.5243,13.820433,0.0142932795,131.5243,13.820433,0.0019314922,,,,,,,,,,,,,,,,,,,,,,,,,,,,,131.5243,13.820433,1.0000001e-07,131.5243,13.820433,7.0,,,,,,,
131.5243,13.760474,0.0008032128,131.5243,13.760474,0.00062472105,,,,,,,,,,,,,,,,,,,,,,,,,,,,,,,,,,,,,,,,,,,,,,,,,,,,,,,,,,,,,131.5243,13.760474,0.9273746,131.5243,13.760474,0.3456109,,,,,,,,,,,,,,,,,131.5243,13.850411,0.00524812,131.5243,13.850411,0.0010609382,,,,,,,,,,,,,,,,,,,,,,,,,,,,,131.5243,13.850411,1.0000001e-07,131.5243,13.850411,7.0,,,,,,,
131.5243,13.790453,0.00078833854,131.5243,13.790453,0.0006544697,,,,,,,,,,,,,,,,,,,,,,,,,,,,,,,,,,,,,,,,,,,,,,,,,,,,,,,,,,,,,131.5243,13.790453,0.848367,131.5243,13.790453,0.4462456,,,,,,,,,,,,,,,,,131.5243,13.880391,0.013401617,131.5243,13.880391,0.0009917885,,,,,,,,,,,,,,,,,,,,,,,,,,,,,131.5243,13.880391,1.0000001e-07,131.5243,13.880391,7.0,,,,,,,
131.5243,13.820433,0.0009817046,131.5243,13.820433,0.00068421825,,,,,,,,,,,,,,,,,,,,,,,,,,,,,,,,,,,,,,,,,,,,,,,,,,,,,,,,,,,,,131.5243,13.820433,1.5755687,131.5243,13.820433,0.5797318,,,,,,,,,,,,,,,,,131.5243,13.91037,0.02846029,131.5243,13.91037,-0.007363307,,,,,,,,,,,,,,,,,,,,,,,,,,,,,131.5243,13.91037,1.0000001e-07,131.5243,13.91037,7.0,,,,,,,
131.5243,13.850411,0.0007883384,131.5243,13.850411,0.0005800982,,,,,,,,,,,,,,,,,,,,,,,,,,,,,,,,,,,,,,,,,,,,,,,,,,,,,,,,,,,,,131.5243,13.850411,0.88743234,131.5243,13.850411,0.12357351,,,,,,,,,,,,,,,,,131.5243,13.94035,0.009958764,131.5243,13.94035,-0.008175705,,,,,,,,,,,,,,,,,,,,,,,,,,,,,131.5243,13.94035,1.0000001e-07,131.5243,13.94035,7.0,,,,,,,
131.5243,13.880391,0.0009370816,131.5243,13.880391,0.00062472105,,,,,,,,,,,,,,,,,,,,,,,,,,,,,,,,,,,,,,,,,,,,,,,,,,,,,,,,,,,,,131.5243,13.880391,1.4354776,131.5243,13.880391,0.32382208,,,,,,,,,,,,,,,,,131.5243,13.970328,0.012151796,131.5243,13.970328,0.010711302,,,,,,,,,,,,,,,,,,,,,,,,,,,,,131.5243,13.970328,1.0000001e-07,131.5243,13.970328,7.0,,,,,,,
131.5243,13.91037,0.0012196936,131.5243,13.91037,0.0005503495,,,,,,,,,,,,,,,,,,,,,,,,,,,,,,,,,,,,,,,,,,,,,,,,,,,,,,,,,,,,,131.5243,13.91037,2.4529204,131.5243,13.91037,0.036153615,,,,,,,,,,,,,,,,,131.5243,14.000308,0.015308536,131.5243,14.000308,-0.001205359,,,,,,,,,,,,,,,,,,,,,,,,,,,,,131.5243,14.000308,1.0000001e-07,131.5243,14.000308,7.0,,,,,,,
131.5243,13.94035,0.00087758445,131.5243,13.94035,0.0005206008,,,,,,,,,,,,,,,,,,,,,,,,,,,,,,,,,,,,,,,,,,,,,,,,,,,,,,,,,,,,,131.5243,13.94035,1.225247,131.5243,13.94035,-0.054303363,,,,,,,,,,,,,,,,,131.5243,14.030287,0.0083870245,131.5243,14.030287,-0.0070660883,,,,,,,,,,,,,,,,,,,,,,,,,,,,,131.5243,14.030287,1.0000001e-07,131.5243,14.030287,7.0,,,,,,,
131.5243,13.970328,0.0008924587,131.5243,13.970328,0.00083296146,,,,,,,,,,,,,,,,,,,,,,,,,,,,,,,,,,,,,,,,,,,,,,,,,,,,,,,,,,,,,131.5243,13.970328,1.2794539,131.5243,13.970328,1.1387957,,,,,,,,,,,,,,,,,131.5243,14.0602665,0.0069920663,131.5243,14.0602665,0.0011857243,,,,,,,,,,,,,,,,,,,,,,,,,,,,,131.5243,14.0602665,1.0000001e-07,131.5243,14.0602665,7.0,,,,,,,
131.5243,14.000308,0.00092220743,131.5243,14.000308,0.00062472105,,,,,,,,,,,,,,,,,,,,,,,,,,,,,,,,,,,,,,,,,,,,,,,,,,,,,,,,,,,,,131.5243,14.000308,1.3887669,131.5243,14.000308,0.37296268,,,,,,,,,,,,,,,,,131.5243,14.090245,0.014671758,131.5243,14.090245,0.0018434181,,,,,,,,,,,,,,,,,,,,,,,,,,,,,131.5243,14.090245,1.0000001e-07,131.5243,14.090245,7.0,,,,,,,
131.5243,14.030287,0.00084783573,131.5243,14.030287,0.0005206008,,,,,,,,,,,,,,,,,,,,,,,,,,,,,,,,,,,,,,,,,,,,,,,,,,,,,,,,,,,,,131.5243,14.030287,1.0677427,131.5243,14.030287,-0.067428306,,,,,,,,,,,,,,,,,131.5243,14.120225,0.020966668,131.5243,14.120225,-0.0019674199,,,,,,,,,,,,,,,,,,,,,,,,,,,,,131.5243,14.120225,1.0000001e-07,131.5243,14.120225,7.0,,,,,,,
131.5243,14.0602665,0.0007734642,131.5243,14.0602665,0.00068421825,,,,,,,,,,,,,,,,,,,,,,,,,,,,,,,,,,,,,,,,,,,,,,,,,,,,,,,,,,,,,131.5243,14.0602665,0.82753253,131.5243,14.0602665,0.60219735,,,,,,,,,,,,,,,,,131.5243,14.150205,0.014545692,131.5243,14.150205,0.0031778966,,,,,,,,,,,,,,,,,,,,,,,,,,,,,131.5243,14.150205,1.0000001e-07,131.5243,14.150205,7.0,,,,,,,
131.5243,14.090245,0.0009519559,131.5243,14.090245,0.0006990926,,,,,,,,,,,,,,,,,,,,,,,,,,,,,,,,,,,,,,,,,,,,,,,,,,,,,,,,,,,,,131.5243,14.090245,1.4881067,131.5243,14.090245,0.5991684,,,,,,,,,,,,,,,,,131.5243,14.180183,0.010366824,131.5243,14.180183,-0.013509563,,,,,,,,,,,,,,,,,,,,,,,,,,,,,131.5243,14.180183,1.0000001e-07,131.5243,14.180183,7.0,,,,,,,
131.5243,14.120225,0.0010560763,131.5243,14.120225,0.0005800982,,,,,,,,,,,,,,,,,,,,,,,,,,,,,,,,,,,,,,,,,,,,,,,,,,,,,,,,,,,,,131.5243,14.120225,1.8871778,131.5243,14.120225,0.19700229,,,,,,,,,,,,,,,,,131.5243,14.210163,0.012740801,131.5243,14.210163,0.001807823,,,,,,,,,,,,,,,,,,,,,,,,,,,,,131.5243,14.210163,1.0000001e-07,131.5243,14.210163,7.0,,,,,,,
131.5243,14.150204,0.00093708164,131.5243,14.150204,0.0007288412,,,,,,,,,,,,,,,,,,,,,,,,,,,,,,,,,,,,,,,,,,,,,,,,,,,,,,,,,,,,,131.5243,14.150204,1.4397717,131.5243,14.150204,0.7057999,,,,,,,,,,,,,,,,,131.5243,14.240142,0.01625272,131.5243,14.240142,0.0021557668,,,,,,,,,,,,,,,,,,,,,,,,,,,,,131.5243,14.240142,1.0000001e-07,131.5243,14.240142,7.0,,,,,,,
131.5243,14.180183,0.00086271006,131.5243,14.180183,0.00041648067,,,,,,,,,,,,,,,,,,,,,,,,,,,,,,,,,,,,,,,,,,,,,,,,,,,,,,,,,,,,,131.5243,14.180183,1.1575862,131.5243,14.180183,-0.45193073,,,,,,,,,,,,,,,,,131.5243,14.270122,0.011550382,131.5243,14.270122,-0.006934583,,,,,,,,,,,,,,,,,,,,,,,,,,,,,131.5243,14.270122,1.0000001e-07,131.5243,14.270122,7.0,,,,,,,
131.5243,14.210162,0.0009519558,131.5243,14.210162,0.0006395953,,,,,,,,,,,,,,,,,,,,,,,,,,,,,,,,,,,,,,,,,,,,,,,,,,,,,,,,,,,,,131.5243,14.210162,1.5191791,131.5243,14.210162,0.3540618,,,,,,,,,,,,,,,,,131.5243,14.3001,0.013412924,131.5243,14.3001,-0.0066061565,,,,,,,,,,,,,,,,,,,,,,,,,,,,,131.5243,14.3001,1.0000001e-07,131.5243,14.3001,7.0,,,,,,,
131.5243,14.240142,0.0009222073,131.5243,14.240142,0.00068421836,,,,,,,,,,,,,,,,,,,,,,,,,,,,,,,,,,,,,,,,,,,,,,,,,,,,,,,,,,,,,131.5243,14.240142,1.3683127,131.5243,14.240142,0.5601516,,,,,,,,,,,,,,,,,131.5243,14.33008,0.011320118,131.5243,14.33008,0.003403165,,,,,,,,,,,,,,,,,,,,,,,,,,,,,131.5243,14.33008,1.0000001e-07,131.5243,14.33008,7.0,,,,,,,
131.5243,14.270121,0.00093708164,131.5243,14.270121,0.00050572655,,,,,,,,,,,,,,,,,,,,,,,,,,,,,,,,,,,,,,,,,,,,,,,,,,,,,,,,,,,,,131.5243,14.270121,1.4364698,131.5243,14.270121,-0.112386174,,,,,,,,,,,,,,,,,131.5243,14.360059,0.016720617,131.5243,14.360059,-0.0003423287,,,,,,,,,,,,,,,,,,,,,,,,,,,,,131.5243,14.360059,1.0000001e-07,131.5243,14.360059,7.0,,,,,,,
131.5243,14.3001,0.0009817046,131.5243,14.3001,0.0005206009,,,,,,,,,,,,,,,,,,,,,,,,,,,,,,,,,,,,,,,,,,,,,,,,,,,,,,,,,,,,,131.5243,14.3001,1.5865679,131.5243,14.3001,-0.07121866,,,,,,,,,,,,,,,,,131.5243,14.3900385,0.019304171,131.5243,14.3900385,-0.0026202416,,,,,,,,,,,,,,,,,,,,,,,,,,,,,131.5243,14.3900385,1.0000001e-07,131.5243,14.3900385,7.0,,,,,,,
131.5243,14.330079,0.0007883385,131.5243,14.330079,0.00066934404,,,,,,,,,,,,,,,,,,,,,,,,,,,,,,,,,,,,,,,,,,,,,,,,,,,,,,,,,,,,,131.5243,14.330079,0.8788865,131.5243,14.330079,0.50707716,,,,,,,,,,,,,,,,,131.5243,14.420017,0.012175921,131.5243,14.420017,0.008732123,,,,,,,,,,,,,,,,,,,,,,,,,,,,,131.5243,14.420017,1.0000001e-07,131.5243,14.420017,7.0,,,,,,,
131.5243,14.360059,0.0009519559,131.5243,14.360059,0.00058009813,,,,,,,,,,,,,,,,,,,,,,,,,,,,,,,,,,,,,,,,,,,,,,,,,,,,,,,,,,,,,131.5243,14.360059,1.4883856,131.5243,14.360059,0.1759884,,,,,,,,,,,,,,,,,131.5243,14.449997,0.022263043,131.5243,14.449997,0.0029232644,,,,,,,,,,,,,,,,,,,,,,,,,,,,,131.5243,14.449997,1.0000001e-07,131.5243,14.449997,7.0,,,,,,,
131.5243,14.390038,0.0010114532,131.5243,14.390038,0.0005652238,,,,,,,,,,,,,,,,,,,,,,,,,,,,,,,,,,,,,,,,,,,,,,,,,,,,,,,,,,,,,131.5243,14.390038,1.7127681,131.5243,14.390038,0.063492,,,,,,,,,,,,,,,,,131.5243,14.479976,0.010180581,131.5243,14.479976,0.0016175777,,,,,,,,,,,,,,,,,,,,,,,,,,,,,131.5243,14.479976,1.0000001e-07,131.5243,14.479976,7.0,,,,,,,
131.5243,14.420017,0.0009222073,131.5243,14.420017,0.0007585899,,,,,,,,,,,,,,,,,,,,,,,,,,,,,,,,,,,,,,,,,,,,,,,,,,,,,,,,,,,,,131.5243,14.420017,1.419992,131.5243,14.420017,0.8258436,,,,,,,,,,,,,,,,,131.5243,14.509955,0.026949469,131.5243,14.509955,0.004984304,,,,,,,,,,,,,,,,,,,,,,,,,,,,,131.5243,14.509955,1.0000001e-07,131.5243,14.509955,7.0,,,,,,,
131.5243,14.449996,0.0010858248,131.5243,14.449996,0.00066934404,,,,,,,,,,,,,,,,,,,,,,,,,,,,,,,,,,,,,,,,,,,,,,,,,,,,,,,,,,,,,131.5243,14.449996,1.9846846,131.5243,14.449996,0.5028726,,,,,,,,,,,,,,,,,131.5243,14.539934,0.008593496,131.5243,14.539934,-0.007743031,,,,,,,,,,,,,,,,,,,,,,,,,,,,,131.5243,14.539934,1.0000001e-07,131.5243,14.539934,7.0,,,,,,,
131.5243,14.479976,0.00083296146,131.5243,14.479976,0.00062472105,,,,,,,,,,,,,,,,,,,,,,,,,,,,,,,,,,,,,,,,,,,,,,,,,,,,,,,,,,,,,131.5243,14.479976,1.0399488,131.5243,14.479976,0.27119935,,,,,,,,,,,,,,,,,131.5243,14.569914,0.0119079435,131.5243,14.569914,-0.0012239763,,,,,,,,,,,,,,,,,,,,,,,,,,,,,131.5243,14.569914,1.0000001e-07,131.5243,14.569914,7.0,,,,,,,
131.5243,14.509955,0.0010709505,131.5243,14.509955,0.00069909263,,,,,,,,,,,,,,,,,,,,,,,,,,,,,,,,,,,,,,,,,,,,,,,,,,,,,,,,,,,,,131.5243,14.509955,1.9343363,131.5243,14.509955,0.6016846,,,,,,,,,,,,,,,,,131.5243,14.599893,0.0075156074,131.5243,14.599893,-0.0015842859,,,,,,,,,,,,,,,,,,,,,,,,,,,,,131.5243,14.599893,1.0000001e-07,131.5243,14.599893,7.0,,,,,,,
131.5243,14.539934,0.0008180872,131.5243,14.539934,0.00050572655,,,,,,,,,,,,,,,,,,,,,,,,,,,,,,,,,,,,,,,,,,,,,,,,,,,,,,,,,,,,,131.5243,14.539934,1.0244846,131.5243,14.539934,-0.17290917,,,,,,,,,,,,,,,,,131.5243,14.629872,0.004354621,131.5243,14.629872,-0.0029903483,,,,,,,,,,,,,,,,,,,,,,,,,,,,,131.5243,14.629872,1.0000001e-07,131.5243,14.629872,7.0,,,,,,,
131.5243,14.569914,0.0008924587,131.5243,14.569914,0.0005800982,,,,,,,,,,,,,,,,,,,,,,,,,,,,,,,,,,,,,,,,,,,,,,,,,,,,,,,,,,,,,131.5243,14.569914,1.2778943,131.5243,14.569914,0.17022784,,,,,,,,,,,,,,,,,131.5243,14.659851,0.0058082184,131.5243,14.659851,-0.002141823,,,,,,,,,,,,,,,,,,,,,,,,,,,,,131.5243,14.659851,1.0000001e-07,131.5243,14.659851,7.0,,,,,,,
131.5243,14.599893,0.00080321287,131.5243,14.599893,0.00053547526,,,,,,,,,,,,,,,,,,,,,,,,,,,,,,,,,,,,,,,,,,,,,,,,,,,,,,,,,,,,,131.5243,14.599893,0.93853694,131.5243,14.599893,0.02436981,,,,,,,,,,,,,,,,,131.5243,14.689831,0.018559584,131.5243,14.689831,-0.008171026,,,,,,,,,,,,,,,,,,,,,,,,,,,,,131.5243,14.689831,1.0000001e-07,131.5243,14.689831,7.0,,,,,,,
131.5243,14.629872,0.00072884123,131.5243,14.629872,0.0005800982,,,,,,,,,,,,,,,,,,,,,,,,,,,,,,,,,,,,,,,,,,,,,,,,,,,,,,,,,,,,,131.5243,14.629872,0.6551612,131.5243,14.629872,0.18597998,,,,,,,,,,,,,,,,,131.5243,14.71981,0.00853442,131.5243,14.71981,0.0029306596,,,,,,,,,,,,,,,,,,,,,,,,,,,,,131.5243,14.71981,1.0000001e-07,131.5243,14.71981,7.0,,,,,,,
131.5243,14.659851,0.00072884123,131.5243,14.659851,0.0006098468,,,,,,,,,,,,,,,,,,,,,,,,,,,,,,,,,,,,,,,,,,,,,,,,,,,,,,,,,,,,,131.5243,14.659851,0.6660927,131.5243,14.659851,0.329498,,,,,,,,,,,,,,,,,131.5243,14.749789,0.011790201,131.5243,14.749789,-0.0010316637,,,,,,,,,,,,,,,,,,,,,,,,,,,,,131.5243,14.749789,1.0000001e-07,131.5243,14.749789,7.0,,,,,,,
131.5243,14.689831,0.0009370816,131.5243,14.689831,0.0004908523,,,,,,,,,,,,,,,,,,,,,,,,,,,,,,,,,,,,,,,,,,,,,,,,,,,,,,,,,,,,,131.5243,14.689831,1.4524746,131.5243,14.689831,-0.17827517,,,,,,,,,,,,,,,,,131.5243,14.779768,0.014270794,131.5243,14.779768,0.002065971,,,,,,,,,,,,,,,,,,,,,,,,,,,,,131.5243,14.779768,1.0000001e-07,131.5243,14.779768,7.0,,,,,,,
131.5243,14.71981,0.00080321287,131.5243,14.71981,0.0007437155,,,,,,,,,,,,,,,,,,,,,,,,,,,,,,,,,,,,,,,,,,,,,,,,,,,,,,,,,,,,,131.5243,14.71981,0.9528388,131.5243,14.71981,0.8095223,,,,,,,,,,,,,,,,,131.5243,14.809748,0.010535611,131.5243,14.809748,0.0051065315,,,,,,,,,,,,,,,,,,,,,,,,,,,,,131.5243,14.809748,1.0000001e-07,131.5243,14.809748,7.0,,,,,,,
131.5243,14.749789,0.0008329614,131.5243,14.749789,0.00058009813,,,,,,,,,,,,,,,,,,,,,,,,,,,,,,,,,,,,,,,,,,,,,,,,,,,,,,,,,,,,,131.5243,14.749789,1.0565333,131.5243,14.749789,0.18695977,,,,,,,,,,,,,,,,,131.5243,14.839726,0.005642531,131.5243,14.839726,0.0016968261,,,,,,,,,,,,,,,,,,,,,,,,,,,,,131.5243,14.839726,1.0000001e-07,131.5243,14.839726,7.0,,,,,,,
131.5243,14.779768,0.0008924587,131.5243,14.779768,0.0006395953,,,,,,,,,,,,,,,,,,,,,,,,,,,,,,,,,,,,,,,,,,,,,,,,,,,,,,,,,,,,,131.5243,14.779768,1.2706811,131.5243,14.779768,0.36193588,,,,,,,,,,,,,,,,,131.5243,14.869706,0.0080488045,131.5243,14.869706,-0.005029925,,,,,,,,,,,,,,,,,,,,,,,,,,,,,131.5243,14.869706,1.0000001e-07,131.5243,14.869706,7.0,,,,,,,
131.5243,14.809748,0.0008329614,131.5243,14.809748,0.0007437156,,,,,,,,,,,,,,,,,,,,,,,,,,,,,,,,,,,,,,,,,,,,,,,,,,,,,,,,,,,,,131.5243,14.809748,1.0339317,131.5243,14.809748,0.7887562,,,,,,,,,,,,,,,,,131.5243,14.899685,0.017200049,131.5243,14.899685,-0.0039986046,,,,,,,,,,,,,,,,,,,,,,,,,,,,,131.5243,14.899685,1.0000001e-07,131.5243,14.899685,7.0,,,,,,,
131.5243,14.839726,0.0007734642,131.5243,14.839726,0.0006247211,,,,,,,,,,,,,,,,,,,,,,,,,,,,,,,,,,,,,,,,,,,,,,,,,,,,,,,,,,,,,131.5243,14.839726,0.80833614,131.5243,14.839726,0.33478257,,,,,,,,,,,,,,,,,131.5243,14.929665,0.019588241,131.5243,14.929665,0.00073525764,,,,,,,,,,,,,,,,,,,,,,,,,,,,,131.5243,14.929665,1.0000001e-07,131.5243,14.929665,7.0,,,,,,,
131.5243,14.869706,0.0007734641,131.5243,14.869706,0.00050572655,,,,,,,,,,,,,,,,,,,,,,,,,,,,,,,,,,,,,,,,,,,,,,,,,,,,,,,,,,,,,131.5243,14.869706,0.80409056,131.5243,14.869706,-0.13489169,,,,,,,,,,,,,,,,,131.5243,14.959643,0.009389306,131.5243,14.959643,-0.0024598585,,,,,,,,,,,,,,,,,,,,,,,,,,,,,131.5243,14.959643,1.0000001e-07,131.5243,14.959643,7.0,,,,,,,
131.5243,14.899685,0.0009519558,131.5243,14.899685,0.0005503495,,,,,,,,,,,,,,,,,,,,,,,,,,,,,,,,,,,,,,,,,,,,,,,,,,,,,,,,,,,,,131.5243,14.899685,1.4953341,131.5243,14.899685,0.049671225,,,,,,,,,,,,,,,,,131.5243,14.989623,0.0123649975,131.5243,14.989623,-0.011326372,,,,,,,,,,,,,,,,,,,,,,,,,,,,,131.5243,14.989623,1.0000001e-07,131.5243,14.989623,7.0,,,,,,,
131.5243,14.929665,0.000996579,131.5243,14.929665,0.0006395953,,,,,,,,,,,,,,,,,,,,,,,,,,,,,,,,,,,,,,,,,,,,,,,,,,,,,,,,,,,,,131.5243,14.929665,1.659978,131.5243,14.929665,0.35378376,,,,,,,,,,,,,,,,,131.5243,15.019603,0.0171945,131.5243,15.019603,0.003857469,,,,,,,,,,,,,,,,,,,,,,,,,,,,,131.5243,15.019603,1.0000001e-07,131.5243,15.019603,7.0,,,,,,,
131.5243,14.959643,0.00080321287,131.5243,14.959643,0.0006098468,,,,,,,,,,,,,,,,,,,,,,,,,,,,,,,,,,,,,,,,,,,,,,,,,,,,,,,,,,,,,131.5243,14.959643,0.92692333,131.5243,14.959643,0.27178463,,,,,,,,,,,,,,,,,131.5243,15.049582,0.007448869,131.5243,15.049582,-0.00663599,,,,,,,,,,,,,,,,,,,,,,,,,,,,,131.5243,15.049582,1.0000001e-07,131.5243,15.049582,7.0,,,,,,,
131.5243,14.989623,0.0008180871,131.5243,14.989623,0.000475978,,,,,,,,,,,,,,,,,,,,,,,,,,,,,,,,,,,,,,,,,,,,,,,,,,,,,,,,,,,,,131.5243,14.989623,0.98122704,131.5243,14.989623,-0.21033022,,,,,,,,,,,,,,,,,131.5243,15.079561,0.006896591,131.5243,15.079561,-0.002012281,,,,,,,,,,,,,,,,,,,,,,,,,,,,,131.5243,15.079561,1.0000001e-07,131.5243,15.079561,7.0,,,,,,,
131.5243,15.019602,0.00086270995,131.5243,15.019602,0.00066934404,,,,,,,,,,,,,,,,,,,,,,,,,,,,,,,,,,,,,,,,,,,,,,,,,,,,,,,,,,,,,131.5243,15.019602,1.1639307,131.5243,15.019602,0.5512566,,,,,,,,,,,,,,,,,131.5243,15.10954,-0.00705208,131.5243,15.10954,-0.002400438,,,,,,,,,,,,,,,,,,,,,,,,,,,,,131.5243,15.10954,1.0000001e-07,131.5243,15.10954,7.0,,,,,,,
131.5243,15.049582,0.0007437156,131.5243,15.049582,0.00055034953,,,,,,,,,,,,,,,,,,,,,,,,,,,,,,,,,,,,,,,,,,,,,,,,,,,,,,,,,,,,,131.5243,15.049582,0.6927853,131.5243,15.049582,0.05742372,,,,,,,,,,,,,,,,,131.5243,15.13952,0.01962252,131.5243,15.13952,-0.005235876,,,,,,,,,,,,,,,,,,,,,,,,,,,,,131.5243,15.13952,1.0000001e-07,131.5243,15.13952,7.0,,,,,,,
131.5243,15.07956,0.00074371556,131.5243,15.07956,0.0005800982,,,,,,,,,,,,,,,,,,,,,,,,,,,,,,,,,,,,,,,,,,,,,,,,,,,,,,,,,,,,,131.5243,15.07956,0.7099355,131.5243,15.07956,0.15279365,,,,,,,,,,,,,,,,,131.5243,15.169498,0.014226326,131.5243,15.169498,3.1685664e-05,,,,,,,,,,,,,,,,,,,,,,,,,,,,,131.5243,15.169498,1.0000001e-07,131.5243,15.169498,7.0,,,,,,,
131.5243,15.10954,0.0005949724,131.5243,15.10954,0.0005354752,,,,,,,,,,,,,,,,,,,,,,,,,,,,,,,,,,,,,,,,,,,,,,,,,,,,,,,,,,,,,131.5243,15.10954,0.12229906,131.5243,15.10954,-0.043008447,,,,,,,,,,,,,,,,,131.5243,15.199478,0.022701273,131.5243,15.199478,0.0022577138,,,,,,,,,,,,,,,,,,,,,,,,,,,,,131.5243,15.199478,1.0000001e-07,131.5243,15.199478,7.0,,,,,,,
131.5243,15.139519,0.0009817046,131.5243,15.139519,0.0005354752,,,,,,,,,,,,,,,,,,,,,,,,,,,,,,,,,,,,,,,,,,,,,,,,,,,,,,,,,,,,,131.5243,15.139519,1.6203,131.5243,15.139519,-0.0202752,,,,,,,,,,,,,,,,,131.5243,15.229457,0.0155106,131.5243,15.229457,0.0028793672,,,,,,,,,,,,,,,,,,,,,,,,,,,,,131.5243,15.229457,1.0000001e-07,131.5243,15.229457,7.0,,,,,,,
131.5243,15.169498,0.00086271006,131.5243,15.169498,0.00066934404,,,,,,,,,,,,,,,,,,,,,,,,,,,,,,,,,,,,,,,,,,,,,,,,,,,,,,,,,,,,,131.5243,15.169498,1.1356875,131.5243,15.169498,0.49156868,,,,,,,,,,,,,,,,,131.5243,15.259437,0.0063033723,131.5243,15.259437,-0.010671085,,,,,,,,,,,,,,,,,,,,,,,,,,,,,131.5243,15.259437,1.0000001e-07,131.5243,15.259437,7.0,,,,,,,
131.5243,15.199477,0.0009668302,131.5243,15.199477,0.00062472105,,,,,,,,,,,,,,,,,,,,,,,,,,,,,,,,,,,,,,,,,,,,,,,,,,,,,,,,,,,,,131.5243,15.199477,1.539483,131.5243,15.199477,0.31326967,,,,,,,,,,,,,,,,,131.5243,15.289415,0.0131536685,131.5243,15.289415,0.0074769855,,,,,,,,,,,,,,,,,,,,,,,,,,,,,131.5243,15.289415,1.0000001e-07,131.5243,15.289415,7.0,,,,,,,
131.5243,15.229457,0.0008924588,131.5243,15.229457,0.0005949724,,,,,,,,,,,,,,,,,,,,,,,,,,,,,,,,,,,,,,,,,,,,,,,,,,,,,,,,,,,,,131.5243,15.229457,1.2516592,131.5243,15.229457,0.20089687,,,,,,,,,,,,,,,,,131.5243,15.319395,0.011255993,131.5243,15.319395,0.002655762,,,,,,,,,,,,,,,,,,,,,,,,,,,,,131.5243,15.319395,1.0000001e-07,131.5243,15.319395,7.0,,,,,,,
131.5243,15.259436,0.00080321287,131.5243,15.259436,0.00040160638,,,,,,,,,,,,,,,,,,,,,,,,,,,,,,,,,,,,,,,,,,,,,,,,,,,,,,,,,,,,,131.5243,15.259436,0.9727298,131.5243,15.259436,-0.54389,,,,,,,,,,,,,,,,,131.5243,15.349374,0.010251497,131.5243,15.349374,-0.0067198956,,,,,,,,,,,,,,,,,,,,,,,,,,,,,131.5243,15.349374,1.0000001e-07,131.5243,15.349374,7.0,,,,,,,
131.5243,15.289415,0.00083296146,131.5243,15.289415,0.000669344,,,,,,,,,,,,,,,,,,,,,,,,,,,,,,,,,,,,,,,,,,,,,,,,,,,,,,,,,,,,,131.5243,15.289415,1.0247246,131.5243,15.289415,0.45207787,,,,,,,,,,,,,,,,,131.5243,15.379354,0.02284046,131.5243,15.379354,-0.0072042784,,,,,,,,,,,,,,,,,,,,,,,,,,,,,131.5243,15.379354,1.0000001e-07,131.5243,15.379354,7.0,,,,,,,
131.5243,15.319394,0.00086271006,131.5243,15.319394,0.00062472105,,,,,,,,,,,,,,,,,,,,,,,,,,,,,,,,,,,,,,,,,,,,,,,,,,,,,,,,,,,,,131.5243,15.319394,1.1592075,131.5243,15.319394,0.33948913,,,,,,,,,,,,,,,,,131.5243,15.409332,0.016151767,131.5243,15.409332,-0.009793815,,,,,,,,,,,,,,,,,,,,,,,,,,,,,131.5243,15.409332,1.0000001e-07,131.5243,15.409332,7.0,,,,,,,
131.5243,15.349374,0.00080321287,131.5243,15.349374,0.00046110366,,,,,,,,,,,,,,,,,,,,,,,,,,,,,,,,,,,,,,,,,,,,,,,,,,,,,,,,,,,,,131.5243,15.349374,0.9141215,131.5243,15.349374,-0.3370967,,,,,,,,,,,,,,,,,131.5243,15.439312,0.01438923,131.5243,15.439312,-0.0055189906,,,,,,,,,,,,,,,,,,,,,,,,,,,,,131.5243,15.439312,1.0000001e-07,131.5243,15.439312,7.0,,,,,,,
131.5243,15.379354,0.0010263275,131.5243,15.379354,0.00050572655,,,,,,,,,,,,,,,,,,,,,,,,,,,,,,,,,,,,,,,,,,,,,,,,,,,,,,,,,,,,,131.5243,15.379354,1.7739024,131.5243,15.379354,-0.1438249,,,,,,,,,,,,,,,,,131.5243,15.469291,0.0036381674,131.5243,15.469291,0.007957482,,,,,,,,,,,,,,,,,,,,,,,,,,,,,131.5243,15.469291,1.0000001e-07,131.5243,15.469291,7.0,,,,,,,
131.5243,15.409332,0.00093708164,131.5243,15.409332,0.00050572655,,,,,,,,,,,,,,,,,,,,,,,,,,,,,,,,,,,,,,,,,,,,,,,,,,,,,,,,,,,,,131.5243,15.409332,1.4064419,131.5243,15.409332,-0.093995765,,,,,,,,,,,,,,,,,131.5243,15.49927,0.011637496,131.5243,15.49927,0.0058814464,,,,,,,,,,,,,,,,,,,,,,,,,,,,,131.5243,15.49927,1.0000001e-07,131.5243,15.49927,7.0,,,,,,,
131.5243,15.439312,0.00083296146,131.5243,15.439312,0.0005503495,,,,,,,,,,,,,,,,,,,,,,,,,,,,,,,,,,,,,,,,,,,,,,,,,,,,,,,,,,,,,131.5243,15.439312,1.0732851,131.5243,15.439312,0.009606964,,,,,,,,,,,,,,,,,131.5243,15.529249,0.015876183,131.5243,15.529249,-0.0055192634,,,,,,,,,,,,,,,,,,,,,,,,,,,,,131.5243,15.529249,1.0000001e-07,131.5243,15.529249,7.0,,,,,,,
131.5243,15.469291,0.0007288412,131.5243,15.469291,0.0007585899,,,,,,,,,,,,,,,,,,,,,,,,,,,,,,,,,,,,,,,,,,,,,,,,,,,,,,,,,,,,,131.5243,15.469291,0.6610829,131.5243,15.469291,0.8414042,,,,,,,,,,,,,,,,,131.5243,15.559229,0.007892372,131.5243,15.559229,-0.0023830768,,,,,,,,,,,,,,,,,,,,,,,,,,,,,131.5243,15.559229,1.0000001e-07,131.5243,15.559229,7.0,,,,,,,
131.5243,15.49927,0.0007883385,131.5243,15.49927,0.00068421825,,,,,,,,,,,,,,,,,,,,,,,,,,,,,,,,,,,,,,,,,,,,,,,,,,,,,,,,,,,,,131.5243,15.49927,0.8777579,131.5243,15.49927,0.5335087,,,,,,,,,,,,,,,,,131.5243,15.589208,0.0061959657,131.5243,15.589208,-0.0036976014,,,,,,,,,,,,,,,,,,,,,,,,,,,,,131.5243,15.589208,1.0000001e-07,131.5243,15.589208,7.0,,,,,,,
131.5243,15.529249,0.0008924587,131.5243,15.529249,0.0004611036,,,,,,,,,,,,,,,,,,,,,,,,,,,,,,,,,,,,,,,,,,,,,,,,,,,,,,,,,,,,,131.5243,15.529249,1.232988,131.5243,15.529249,-0.32851407,,,,,,,,,,,,,,,,,131.5243,15.619187,0.0053707864,131.5243,15.619187,0.0050979485,,,,,,,,,,,,,,,,,,,,,,,,,,,,,131.5243,15.619187,1.0000001e-07,131.5243,15.619187,7.0,,,,,,,
131.5243,15.559229,0.0007585899,131.5243,15.559229,0.0006544696,,,,,,,,,,,,,,,,,,,,,,,,,,,,,,,,,,,,,,,,,,,,,,,,,,,,,,,,,,,,,131.5243,15.559229,0.77066433,131.5243,15.559229,0.42488754,,,,,,,,,,,,,,,,,131.5243,15.649166,0.015948355,131.5243,15.649166,-0.009451585,,,,,,,,,,,,,,,,,,,,,,,,,,,,,131.5243,15.649166,1.0000001e-07,131.5243,15.649166,7.0,,,,,,,
131.5243,15.589208,0.00072884123,131.5243,15.589208,0.0005652238,,,,,,,,,,,,,,,,,,,,,,,,,,,,,,,,,,,,,,,,,,,,,,,,,,,,,,,,,,,,,131.5243,15.589208,0.6468085,131.5243,15.589208,0.08912265,,,,,,,,,,,,,,,,,131.5243,15.679146,0.016188199,131.5243,15.679146,-0.007961881,,,,,,,,,,,,,,,,,,,,,,,,,,,,,131.5243,15.679146,1.0000001e-07,131.5243,15.679146,7.0,,,,,,,
131.5243,15.619187,0.00077346415,131.5243,15.619187,0.00068421825,,,,,,,,,,,,,,,,,,,,,,,,,,,,,,,,,,,,,,,,,,,,,,,,,,,,,,,,,,,,,131.5243,15.619187,0.8076256,131.5243,15.619187,0.532224,,,,,,,,,,,,,,,,,131.5243,15.709125,0.009058377,131.5243,15.709125,-0.0017287876,,,,,,,,,,,,,,,,,,,,,,,,,,,,,131.5243,15.709125,1.0000001e-07,131.5243,15.709125,7.0,,,,,,,
131.5243,15.649166,0.00087758445,131.5243,15.649166,0.00047597795,,,,,,,,,,,,,,,,,,,,,,,,,,,,,,,,,,,,,,,,,,,,,,,,,,,,,,,,,,,,,131.5243,15.649166,1.2368251,131.5243,15.649166,-0.24623547,,,,,,,,,,,,,,,,,131.5243,15.739104,0.008659083,131.5243,15.739104,0.007392163,,,,,,,,,,,,,,,,,,,,,,,,,,,,,131.5243,15.739104,1.0000001e-07,131.5243,15.739104,7.0,,,,,,,
131.5243,15.679146,0.0008924586,131.5243,15.679146,0.00055034953,,,,,,,,,,,,,,,,,,,,,,,,,,,,,,,,,,,,,,,,,,,,,,,,,,,,,,,,,,,,,131.5243,15.679146,1.2729926,131.5243,15.679146,0.048652332,,,,,,,,,,,,,,,,,131.5243,15.769083,0.022259433,131.5243,15.769083,-0.0033775722,,,,,,,,,,,,,,,,,,,,,,,,,,,,,131.5243,15.769083,1.0000001e-07,131.5243,15.769083,7.0,,,,,,,
131.5243,15.709125,0.00075858994,131.5243,15.709125,0.0005652238,,,,,,,,,,,,,,,,,,,,,,,,,,,,,,,,,,,,,,,,,,,,,,,,,,,,,,,,,,,,,131.5243,15.709125,0.76948845,131.5243,15.709125,0.12350738,,,,,,,,,,,,,,,,,131.5243,15.799063,0.023477983,131.5243,15.799063,-0.005541911,,,,,,,,,,,,,,,,,,,,,,,,,,,,,131.5243,15.799063,1.0000001e-07,131.5243,15.799063,7.0,,,,,,,
131.5243,15.739104,0.0007437155,131.5243,15.739104,0.00069909263,,,,,,,,,,,,,,,,,,,,,,,,,,,,,,,,,,,,,,,,,,,,,,,,,,,,,,,,,,,,,131.5243,15.739104,0.67547613,131.5243,15.739104,0.5773766,,,,,,,,,,,,,,,,,131.5243,15.829042,0.0017691002,131.5243,15.829042,0.0027838494,,,,,,,,,,,,,,,,,,,,,,,,,,,,,131.5243,15.829042,1.0000001e-07,131.5243,15.829042,7.0,,,,,,,
131.5243,15.769083,0.0009668303,131.5243,15.769083,0.0005354752,,,,,,,,,,,,,,,,,,,,,,,,,,,,,,,,,,,,,,,,,,,,,,,,,,,,,,,,,,,,,131.5243,15.769083,1.5641267,131.5243,15.769083,-0.014934116,,,,,,,,,,,,,,,,,131.5243,15.859021,0.013866103,131.5243,15.859021,0.011102329,,,,,,,,,,,,,,,,,,,,,,,,,,,,,131.5243,15.859021,1.0000001e-07,131.5243,15.859021,7.0,,,,,,,
131.5243,15.799063,0.0009965788,131.5243,15.799063,0.0005800982,,,,,,,,,,,,,,,,,,,,,,,,,,,,,,,,,,,,,,,,,,,,,,,,,,,,,,,,,,,,,131.5243,15.799063,1.701633,131.5243,15.799063,0.15698695,,,,,,,,,,,,,,,,,131.5243,15.889001,-0.007384644,131.5243,15.889001,0.0037418334,,,,,,,,,,,,,,,,,,,,,,,,,,,,,131.5243,15.889001,1.0000001e-07,131.5243,15.889001,7.0,,,,,,,
131.5243,15.8290415,0.0006247212,131.5243,15.8290415,0.0006098468,,,,,,,,,,,,,,,,,,,,,,,,,,,,,,,,,,,,,,,,,,,,,,,,,,,,,,,,,,,,,131.5243,15.8290415,0.24610053,131.5243,15.8290415,0.3312136,,,,,,,,,,,,,,,,,131.5243,15.91898,0.012195161,131.5243,15.91898,-0.0027957063,,,,,,,,,,,,,,,,,,,,,,,,,,,,,131.5243,15.91898,1.0000001e-07,131.5243,15.91898,7.0,,,,,,,
131.5243,15.859021,0.00086271,131.5243,15.859021,0.00072884123,,,,,,,,,,,,,,,,,,,,,,,,,,,,,,,,,,,,,,,,,,,,,,,,,,,,,,,,,,,,,131.5243,15.859021,1.1550988,131.5243,15.859021,0.7395577,,,,,,,,,,,,,,,,,131.5243,15.948959,0.016695436,131.5243,15.948959,0.00073239405,,,,,,,,,,,,,,,,,,,,,,,,,,,,,131.5243,15.948959,1.0000001e-07,131.5243,15.948959,7.0,,,,,,,
131.5243,15.889,0.0005652238,131.5243,15.889,0.00065446965,,,,,,,,,,,,,,,,,,,,,,,,,,,,,,,,,,,,,,,,,,,,,,,,,,,,,,,,,,,,,131.5243,15.889,0.033016298,131.5243,15.889,0.43432304,,,,,,,,,,,,,,,,,131.5243,15.978938,0.019727899,131.5243,15.978938,-0.006540606,,,,,,,,,,,,,,,,,,,,,,,,,,,,,131.5243,15.978938,1.0000001e-07,131.5243,15.978938,7.0,,,,,,,
131.5243,15.91898,0.00080321287,131.5243,15.91898,0.0005354752,,,,,,,,,,,,,,,,,,,,,,,,,,,,,,,,,,,,,,,,,,,,,,,,,,,,,,,,,,,,,131.5243,15.91898,0.90934914,131.5243,15.91898,-0.030778203,,,,,,,,,,,,,,,,,131.5243,16.008917,0.010622196,131.5243,16.008917,-0.0040881475,,,,,,,,,,,,,,,,,,,,,,,,,,,,,131.5243,16.008917,1.0000001e-07,131.5243,16.008917,7.0,,,,,,,
131.5243,15.948958,0.00087758433,131.5243,15.948958,0.0006098467,,,,,,,,,,,,,,,,,,,,,,,,,,,,,,,,,,,,,,,,,,,,,,,,,,,,,,,,,,,,,131.5243,15.948958,1.2199632,131.5243,15.948958,0.25443542,,,,,,,,,,,,,,,,,131.5243,16.038897,0.018743422,131.5243,16.038897,0.005795968,,,,,,,,,,,,,,,,,,,,,,,,,,,,,131.5243,16.038897,1.0000001e-07,131.5243,16.038897,7.0,,,,,,,
131.5243,15.978938,0.00093708164,131.5243,15.978938,0.0005206009,,,,,,,,,,,,,,,,,,,,,,,,,,,,,,,,,,,,,,,,,,,,,,,,,,,,,,,,,,,,,131.5243,15.978938,1.4046775,131.5243,15.978938,-0.030059092,,,,,,,,,,,,,,,,,131.5243,16.068876,0.010781316,131.5243,16.068876,0.0055029695,,,,,,,,,,,,,,,,,,,,,,,,,,,,,131.5243,16.068876,1.0000001e-07,131.5243,16.068876,7.0,,,,,,,
131.5243,16.008917,0.00080321275,131.5243,16.008917,0.00055034953,,,,,,,,,,,,,,,,,,,,,,,,,,,,,,,,,,,,,,,,,,,,,,,,,,,,,,,,,,,,,131.5243,16.008917,0.93118393,131.5243,16.008917,0.013879697,,,,,,,,,,,,,,,,,131.5243,16.098856,0.005396441,131.5243,16.098856,0.00280575,,,,,,,,,,,,,,,,,,,,,,,,,,,,,131.5243,16.098856,1.0000001e-07,131.5243,16.098856,7.0,,,,,,,
131.5243,16.038897,0.0009519559,131.5243,16.038897,0.00065446965,,,,,,,,,,,,,,,,,,,,,,,,,,,,,,,,,,,,,,,,,,,,,,,,,,,,,,,,,,,,,131.5243,16.038897,1.5484035,131.5243,16.038897,0.46877638,,,,,,,,,,,,,,,,,131.5243,16.128834,0.004116295,131.5243,16.128834,-0.003748883,,,,,,,,,,,,,,,,,,,,,,,,,,,,,131.5243,16.128834,1.0000001e-07,131.5243,16.128834,7.0,,,,,,,
131.5243,16.068876,0.0007883385,131.5243,16.068876,0.00071396696,,,,,,,,,,,,,,,,,,,,,,,,,,,,,,,,,,,,,,,,,,,,,,,,,,,,,,,,,,,,,131.5243,16.068876,0.8979803,131.5243,16.068876,0.6375407,,,,,,,,,,,,,,,,,131.5243,16.158813,0.017993238,131.5243,16.158813,0.0055844635,,,,,,,,,,,,,,,,,,,,,,,,,,,,,131.5243,16.158813,1.0000001e-07,131.5243,16.158813,7.0,,,,,,,
131.5243,16.098854,0.00065446965,131.5243,16.098854,0.00069909263,,,,,,,,,,,,,,,,,,,,,,,,,,,,,,,,,,,,,,,,,,,,,,,,,,,,,,,,,,,,,131.5243,16.098854,0.39772812,131.5243,16.098854,0.62128663,,,,,,,,,,,,,,,,,131.5243,16.188793,0.019390773,131.5243,16.188793,-0.011762142,,,,,,,,,,,,,,,,,,,,,,,,,,,,,131.5243,16.188793,1.0000001e-07,131.5243,16.188793,7.0,,,,,,,
131.5243,16.128834,0.00069909263,131.5243,16.128834,0.0005503495,,,,,,,,,,,,,,,,,,,,,,,,,,,,,,,,,,,,,,,,,,,,,,,,,,,,,,,,,,,,,131.5243,16.128834,0.56331146,131.5243,16.128834,0.06561762,,,,,,,,,,,,,,,,,131.5243,16.218773,0.0029451267,131.5243,16.218773,-0.009770527,,,,,,,,,,,,,,,,,,,,,,,,,,,,,131.5243,16.218773,1.0000001e-07,131.5243,16.218773,7.0,,,,,,,
131.5243,16.158813,0.0008924586,131.5243,16.158813,0.0006098468,,,,,,,,,,,,,,,,,,,,,,,,,,,,,,,,,,,,,,,,,,,,,,,,,,,,,,,,,,,,,131.5243,16.158813,1.2312583,131.5243,16.158813,0.2766259,,,,,,,,,,,,,,,,,131.5243,16.24875,0.00610799,131.5243,16.24875,0.0020020425,,,,,,,,,,,,,,,,,,,,,,,,,,,,,131.5243,16.24875,1.0000001e-07,131.5243,16.24875,7.0,,,,,,,
131.5243,16.188793,0.00092220743,131.5243,16.188793,0.000431355,,,,,,,,,,,,,,,,,,,,,,,,,,,,,,,,,,,,,,,,,,,,,,,,,,,,,,,,,,,,,131.5243,16.188793,1.369476,131.5243,16.188793,-0.4096097,,,,,,,,,,,,,,,,,131.5243,16.27873,0.016274042,131.5243,16.27873,0.008677921,,,,,,,,,,,,,,,,,,,,,,,,,,,,,131.5243,16.27873,1.0000001e-07,131.5243,16.27873,7.0,,,,,,,
131.5243,16.218773,0.00069909263,131.5243,16.218773,0.00050572655,,,,,,,,,,,,,,,,,,,,,,,,,,,,,,,,,,,,,,,,,,,,,,,,,,,,,,,,,,,,,131.5243,16.218773,0.4935612,131.5243,16.218773,-0.12754808,,,,,,,,,,,,,,,,,131.5243,16.30871,0.0063695717,131.5243,16.30871,-0.0029827706,,,,,,,,,,,,,,,,,,,,,,,,,,,,,131.5243,16.30871,1.0000001e-07,131.5243,16.30871,7.0,,,,,,,
131.5243,16.24875,0.0007437156,131.5243,16.24875,0.00058009813,,,,,,,,,,,,,,,,,,,,,,,,,,,,,,,,,,,,,,,,,,,,,,,,,,,,,,,,,,,,,131.5243,16.24875,0.72097737,131.5243,16.24875,0.12305788,,,,,,,,,,,,,,,,,131.5243,16.33869,0.015434591,131.5243,16.33869,-0.011729803,,,,,,,,,,,,,,,,,,,,,,,,,,,,,131.5243,16.33869,1.0000001e-07,131.5243,16.33869,7.0,,,,,,,
131.5243,16.27873,0.00090733304,131.5243,16.27873,0.0007585899,,,,,,,,,,,,,,,,,,,,,,,,,,,,,,,,,,,,,,,,,,,,,,,,,,,,,,,,,,,,,131.5243,16.27873,1.310966,131.5243,16.27873,0.8445928,,,,,,,,,,,,,,,,,131.5243,16.368668,0.0017523194,131.5243,16.368668,-0.010697374,,,,,,,,,,,,,,,,,,,,,,,,,,,,,131.5243,16.368668,1.0000001e-07,131.5243,16.368668,7.0,,,,,,,
131.5243,16.30871,0.00072884123,131.5243,16.30871,0.0005949724,,,,,,,,,,,,,,,,,,,,,,,,,,,,,,,,,,,,,,,,,,,,,,,,,,,,,,,,,,,,,131.5243,16.30871,0.6564098,131.5243,16.30871,0.18041186,,,,,,,,,,,,,,,,,131.5243,16.398647,1.975687e-05,131.5243,16.398647,0.009188124,,,,,,,,,,,,,,,,,,,,,,,,,,,,,131.5243,16.398647,1.0000001e-07,131.5243,16.398647,7.0,,,,,,,
131.5243,16.33869,0.00083296146,131.5243,16.33869,0.0004611036,,,,,,,,,,,,,,,,,,,,,,,,,,,,,,,,,,,,,,,,,,,,,,,,,,,,,,,,,,,,,131.5243,16.33869,1.0634981,131.5243,16.33869,-0.2813896,,,,,,,,,,,,,,,,,131.5243,16.428627,0.006690256,131.5243,16.428627,0.010920246,,,,,,,,,,,,,,,,,,,,,,,,,,,,,131.5243,16.428627,1.0000001e-07,131.5243,16.428627,7.0,,,,,,,
131.5243,16.368668,0.0006247211,131.5243,16.368668,0.0004908523,,,,,,,,,,,,,,,,,,,,,,,,,,,,,,,,,,,,,,,,,,,,,,,,,,,,,,,,,,,,,131.5243,16.368668,0.24067074,131.5243,16.368668,-0.18621434,,,,,,,,,,,,,,,,,131.5243,16.458607,0.011310112,131.5243,16.458607,-0.0017013182,,,,,,,,,,,,,,,,,,,,,,,,,,,,,131.5243,16.458607,1.0000001e-07,131.5243,16.458607,7.0,,,,,,,
131.5243,16.398647,0.0006395954,131.5243,16.398647,0.00071396685,,,,,,,,,,,,,,,,,,,,,,,,,,,,,,,,,,,,,,,,,,,,,,,,,,,,,,,,,,,,,131.5243,16.398647,0.27403614,131.5243,16.398647,0.66699606,,,,,,,,,,,,,,,,,131.5243,16.488585,0.011460424,131.5243,16.488585,-0.005235249,,,,,,,,,,,,,,,,,,,,,,,,,,,,,131.5243,16.488585,1.0000001e-07,131.5243,16.488585,7.0,,,,,,,
131.5243,16.428627,0.00071396696,131.5243,16.428627,0.00075858994,,,,,,,,,,,,,,,,,,,,,,,,,,,,,,,,,,,,,,,,,,,,,,,,,,,,,,,,,,,,,131.5243,16.428627,0.6266873,131.5243,16.428627,0.8399652,,,,,,,,,,,,,,,,,131.5243,16.518564,0.005264605,131.5243,16.518564,0.007103439,,,,,,,,,,,,,,,,,,,,,,,,,,,,,131.5243,16.518564,1.0000001e-07,131.5243,16.518564,7.0,,,,,,,
131.5243,16.458607,0.0007883385,131.5243,16.458607,0.00058009813,,,,,,,,,,,,,,,,,,,,,,,,,,,,,,,,,,,,,,,,,,,,,,,,,,,,,,,,,,,,,131.5243,16.458607,0.92154723,131.5243,16.458607,0.17506568,,,,,,,,,,,,,,,,,131.5243,16.548544,0.02058768,131.5243,16.548544,0.005215765,,,,,,,,,,,,,,,,,,,,,,,,,,,,,131.5243,16.548544,1.0000001e-07,131.5243,16.548544,7.0,,,,,,,
131.5243,16.488585,0.00074371556,131.5243,16.488585,0.0005354752,,,,,,,,,,,,,,,,,,,,,,,,,,,,,,,,,,,,,,,,,,,,,,,,,,,,,,,,,,,,,131.5243,16.488585,0.711899,131.5243,16.488585,-0.028718028,,,,,,,,,,,,,,,,,131.5243,16.578524,0.006324818,131.5243,16.578524,0.00030971796,,,,,,,,,,,,,,,,,,,,,,,,,,,,,131.5243,16.578524,1.0000001e-07,131.5243,16.578524,7.0,,,,,,,
131.5243,16.518564,0.00065446965,131.5243,16.518564,0.0006842183,,,,,,,,,,,,,,,,,,,,,,,,,,,,,,,,,,,,,,,,,,,,,,,,,,,,,,,,,,,,,131.5243,16.518564,0.3640157,131.5243,16.518564,0.5630336,,,,,,,,,,,,,,,,,131.5243,16.608501,0.0016133408,131.5243,16.608501,-0.0032657082,,,,,,,,,,,,,,,,,,,,,,,,,,,,,131.5243,16.608501,1.0000001e-07,131.5243,16.608501,7.0,,,,,,,
131.5243,16.548544,0.00086271006,131.5243,16.548544,0.00069909263,,,,,,,,,,,,,,,,,,,,,,,,,,,,,,,,,,,,,,,,,,,,,,,,,,,,,,,,,,,,,131.5243,16.548544,1.149939,131.5243,16.548544,0.6062315,,,,,,,,,,,,,,,,,131.5243,16.638481,0.01099078,131.5243,16.638481,0.016814433,,,,,,,,,,,,,,,,,,,,,,,,,,,,,131.5243,16.638481,1.0000001e-07,131.5243,16.638481,7.0,,,,,,,
131.5243,16.578524,0.00069909263,131.5243,16.578524,0.0005949724,,,,,,,,,,,,,,,,,,,,,,,,,,,,,,,,,,,,,,,,,,,,,,,,,,,,,,,,,,,,,131.5243,16.578524,0.51761836,131.5243,16.578524,0.19425021,,,,,,,,,,,,,,,,,131.5243,16.66846,0.016750101,131.5243,16.66846,0.014519478,,,,,,,,,,,,,,,,,,,,,,,,,,,,,131.5243,16.66846,1.0000001e-07,131.5243,16.66846,7.0,,,,,,,
131.5243,16.608501,0.0006842183,131.5243,16.608501,0.00055034953,,,,,,,,,,,,,,,,,,,,,,,,,,,,,,,,,,,,,,,,,,,,,,,,,,,,,,,,,,,,,131.5243,16.608501,0.50821245,131.5243,16.608501,0.06266636,,,,,,,,,,,,,,,,,131.5243,16.69844,0.01991318,131.5243,16.69844,0.0027256473,,,,,,,,,,,,,,,,,,,,,,,,,,,,,131.5243,16.69844,1.0000001e-07,131.5243,16.69844,7.0,,,,,,,
131.5243,16.638481,0.0007883386,131.5243,16.638481,0.0008478358,,,,,,,,,,,,,,,,,,,,,,,,,,,,,,,,,,,,,,,,,,,,,,,,,,,,,,,,,,,,,131.5243,16.638481,0.8590498,131.5243,16.638481,1.177508,,,,,,,,,,,,,,,,,131.5243,16.72842,0.015051414,131.5243,16.72842,0.0015306026,,,,,,,,,,,,,,,,,,,,,,,,,,,,,131.5243,16.72842,1.0000001e-07,131.5243,16.72842,7.0,,,,,,,
131.5243,16.66846,0.00086271006,131.5243,16.66846,0.0007585898,,,,,,,,,,,,,,,,,,,,,,,,,,,,,,,,,,,,,,,,,,,,,,,,,,,,,,,,,,,,,131.5243,16.66846,1.1424474,131.5243,16.66846,0.83351636,,,,,,,,,,,,,,,,,131.5243,16.758398,0.0061406526,131.5243,16.758398,-0.0018217963,,,,,,,,,,,,,,,,,,,,,,,,,,,,,131.5243,16.758398,1.0000001e-07,131.5243,16.758398,7.0,,,,,,,
131.5243,16.69844,0.0009222073,131.5243,16.69844,0.0006247211,,,,,,,,,,,,,,,,,,,,,,,,,,,,,,,,,,,,,,,,,,,,,,,,,,,,,,,,,,,,,131.5243,16.69844,1.3691852,131.5243,16.69844,0.41534084,,,,,,,,,,,,,,,,,131.5243,16.788378,0.013999416,131.5243,16.788378,0.006845351,,,,,,,,,,,,,,,,,,,,,,,,,,,,,131.5243,16.788378,1.0000001e-07,131.5243,16.788378,7.0,,,,,,,
131.5243,16.728418,0.00080321287,131.5243,16.728418,0.00060984684,,,,,,,,,,,,,,,,,,,,,,,,,,,,,,,,,,,,,,,,,,,,,,,,,,,,,,,,,,,,,131.5243,16.728418,0.9514493,131.5243,16.728418,0.3299426,,,,,,,,,,,,,,,,,131.5243,16.818357,0.013734779,131.5243,16.818357,-0.0055028955,,,,,,,,,,,,,,,,,,,,,,,,,,,,,131.5243,16.818357,1.0000001e-07,131.5243,16.818357,7.0,,,,,,,
131.5243,16.758398,0.0006544697,131.5243,16.758398,0.0005652238,,,,,,,,,,,,,,,,,,,,,,,,,,,,,,,,,,,,,,,,,,,,,,,,,,,,,,,,,,,,,131.5243,16.758398,0.3957259,131.5243,16.758398,0.13131945,,,,,,,,,,,,,,,,,131.5243,16.848337,0.015464831,131.5243,16.848337,0.0066348407,,,,,,,,,,,,,,,,,,,,,,,,,,,,,131.5243,16.848337,1.0000001e-07,131.5243,16.848337,7.0,,,,,,,
131.5243,16.788378,0.0008032128,131.5243,16.788378,0.00066934404,,,,,,,,,,,,,,,,,,,,,,,,,,,,,,,,,,,,,,,,,,,,,,,,,,,,,,,,,,,,,131.5243,16.788378,0.91255486,131.5243,16.788378,0.55591744,,,,,,,,,,,,,,,,,131.5243,16.878315,0.011136871,131.5243,16.878315,-0.00035127997,,,,,,,,,,,,,,,,,,,,,,,,,,,,,131.5243,16.878315,1.0000001e-07,131.5243,16.878315,7.0,,,,,,,
131.5243,16.818357,0.0008329615,131.5243,16.818357,0.0005206009,,,,,,,,,,,,,,,,,,,,,,,,,,,,,,,,,,,,,,,,,,,,,,,,,,,,,,,,,,,,,131.5243,16.818357,0.9883014,131.5243,16.818357,-0.06531545,,,,,,,,,,,,,,,,,131.5243,16.908295,0.02258504,131.5243,16.908295,-0.0025901203,,,,,,,,,,,,,,,,,,,,,,,,,,,,,131.5243,16.908295,1.0000001e-07,131.5243,16.908295,7.0,,,,,,,
131.5243,16.848335,0.0007437155,131.5243,16.848335,0.000713967,,,,,,,,,,,,,,,,,,,,,,,,,,,,,,,,,,,,,,,,,,,,,,,,,,,,,,,,,,,,,131.5243,16.848335,0.70229733,131.5243,16.848335,0.6497914,,,,,,,,,,,,,,,,,131.5243,16.938274,0.0013436669,131.5243,16.938274,-0.011195105,,,,,,,,,,,,,,,,,,,,,,,,,,,,,131.5243,16.938274,1.0000001e-07,131.5243,16.938274,7.0,,,,,,,
131.5243,16.878315,0.0008180872,131.5243,16.878315,0.0006098468,,,,,,,,,,,,,,,,,,,,,,,,,,,,,,,,,,,,,,,,,,,,,,,,,,,,,,,,,,,,,131.5243,16.878315,0.99543846,131.5243,16.878315,0.3075887,,,,,,,,,,,,,,,,,131.5243,16.968254,0.016702995,131.5243,16.968254,-0.009066815,,,,,,,,,,,,,,,,,,,,,,,,,,,,,131.5243,16.968254,1.0000001e-07,131.5243,16.968254,7.0,,,,,,,
131.5243,16.908295,0.00087758433,131.5243,16.908295,0.0005652238,,,,,,,,,,,,,,,,,,,,,,,,,,,,,,,,,,,,,,,,,,,,,,,,,,,,,,,,,,,,,131.5243,16.908295,1.202889,131.5243,16.908295,0.09373553,,,,,,,,,,,,,,,,,131.5243,16.998232,0.010221935,131.5243,16.998232,0.00089241855,,,,,,,,,,,,,,,,,,,,,,,,,,,,,131.5243,16.998232,1.0000001e-07,131.5243,16.998232,7.0,,,,,,,
131.5243,16.938274,0.0006395953,131.5243,16.938274,0.0004462293,,,,,,,,,,,,,,,,,,,,,,,,,,,,,,,,,,,,,,,,,,,,,,,,,,,,,,,,,,,,,131.5243,16.938274,0.31579673,131.5243,16.938274,-0.3809009,,,,,,,,,,,,,,,,,131.5243,17.028212,0.0073568798,131.5243,17.028212,-0.017638234,,,,,,,,,,,,,,,,,,,,,,,,,,,,,131.5243,17.028212,1.0000001e-07,131.5243,17.028212,7.0,,,,,,,
131.5243,16.968252,0.00084783573,131.5243,16.968252,0.00050572655,,,,,,,,,,,,,,,,,,,,,,,,,,,,,,,,,,,,,,,,,,,,,,,,,,,,,,,,,,,,,131.5243,16.968252,1.0899299,131.5243,16.968252,-0.07519208,,,,,,,,,,,,,,,,,131.5243,17.058191,0.010718576,131.5243,17.058191,0.013836069,,,,,,,,,,,,,,,,,,,,,,,,,,,,,131.5243,17.058191,1.0000001e-07,131.5243,17.058191,7.0,,,,,,,
131.5243,16.998232,0.0007734641,131.5243,16.998232,0.00062472105,,,,,,,,,,,,,,,,,,,,,,,,,,,,,,,,,,,,,,,,,,,,,,,,,,,,,,,,,,,,,131.5243,16.998232,0.77667534,131.5243,16.998232,0.3226133,,,,,,,,,,,,,,,,,131.5243,17.088171,0.017540898,131.5243,17.088171,-0.006255965,,,,,,,,,,,,,,,,,,,,,,,,,,,,,131.5243,17.088171,1.0000001e-07,131.5243,17.088171,7.0,,,,,,,
131.5243,17.028212,0.00068421825,131.5243,17.028212,0.00035698348,,,,,,,,,,,,,,,,,,,,,,,,,,,,,,,,,,,,,,,,,,,,,,,,,,,,,,,,,,,,,131.5243,17.028212,0.46627724,131.5243,17.028212,-0.6616035,,,,,,,,,,,,,,,,,131.5243,17.118149,0.015006768,131.5243,17.118149,-0.0028573796,,,,,,,,,,,,,,,,,,,,,,,,,,,,,131.5243,17.118149,1.0000001e-07,131.5243,17.118149,7.0,,,,,,,
131.5243,17.058191,0.00080321275,131.5243,17.058191,0.0007883385,,,,,,,,,,,,,,,,,,,,,,,,,,,,,,,,,,,,,,,,,,,,,,,,,,,,,,,,,,,,,131.5243,17.058191,0.9049939,131.5243,17.058191,0.9180002,,,,,,,,,,,,,,,,,131.5243,17.148129,0.0038085282,131.5243,17.148129,-0.00027271773,,,,,,,,,,,,,,,,,,,,,,,,,,,,,131.5243,17.148129,1.0000001e-07,131.5243,17.148129,7.0,,,,,,,
131.5243,17.088171,0.0008478358,131.5243,17.088171,0.0004908523,,,,,,,,,,,,,,,,,,,,,,,,,,,,,,,,,,,,,,,,,,,,,,,,,,,,,,,,,,,,,131.5243,17.088171,1.1090106,131.5243,17.088171,-0.17862003,,,,,,,,,,,,,,,,,131.5243,17.178108,0.012779754,131.5243,17.178108,-0.015187987,,,,,,,,,,,,,,,,,,,,,,,,,,,,,131.5243,17.178108,1.0000001e-07,131.5243,17.178108,7.0,,,,,,,
131.5243,17.118149,0.00080321287,131.5243,17.118149,0.00062472105,,,,,,,,,,,,,,,,,,,,,,,,,,,,,,,,,,,,,,,,,,,,,,,,,,,,,,,,,,,,,131.5243,17.118149,0.9321483,131.5243,17.118149,0.32590237,,,,,,,,,,,,,,,,,131.5243,17.208088,0.0002886823,131.5243,17.208088,-0.0017079301,,,,,,,,,,,,,,,,,,,,,,,,,,,,,131.5243,17.208088,1.0000001e-07,131.5243,17.208088,7.0,,,,,,,
131.5243,17.148129,0.0007139669,131.5243,17.148129,0.0005949724,,,,,,,,,,,,,,,,,,,,,,,,,,,,,,,,,,,,,,,,,,,,,,,,,,,,,,,,,,,,,131.5243,17.148129,0.5764515,131.5243,17.148129,0.22067462,,,,,,,,,,,,,,,,,131.5243,17.238066,0.00053828623,131.5243,17.238066,-0.0071539665,,,,,,,,,,,,,,,,,,,,,,,,,,,,,131.5243,17.238066,1.0000001e-07,131.5243,17.238066,7.0,,,,,,,
131.5243,17.178108,0.0007883385,131.5243,17.178108,0.00040160638,,,,,,,,,,,,,,,,,,,,,,,,,,,,,,,,,,,,,,,,,,,,,,,,,,,,,,,,,,,,,131.5243,17.178108,0.8185585,131.5243,17.178108,-0.51343524,,,,,,,,,,,,,,,,,131.5243,17.268045,0.009960886,131.5243,17.268045,0.0064498507,,,,,,,,,,,,,,,,,,,,,,,,,,,,,131.5243,17.268045,1.0000001e-07,131.5243,17.268045,7.0,,,,,,,
131.5243,17.208088,0.0005949724,131.5243,17.208088,0.0005800981,,,,,,,,,,,,,,,,,,,,,,,,,,,,,,,,,,,,,,,,,,,,,,,,,,,,,,,,,,,,,131.5243,17.208088,0.113881215,131.5243,17.208088,0.16615222,,,,,,,,,,,,,,,,,131.5243,17.298025,0.0028257286,131.5243,17.298025,-0.0015715011,,,,,,,,,,,,,,,,,,,,,,,,,,,,,131.5243,17.298025,1.0000001e-07,131.5243,17.298025,7.0,,,,,,,
131.5243,17.238066,0.0006544697,131.5243,17.238066,0.0005206009,,,,,,,,,,,,,,,,,,,,,,,,,,,,,,,,,,,,,,,,,,,,,,,,,,,,,,,,,,,,,131.5243,17.238066,0.35399243,131.5243,17.238066,-0.049226865,,,,,,,,,,,,,,,,,131.5243,17.328005,0.012035809,131.5243,17.328005,0.0037672035,,,,,,,,,,,,,,,,,,,,,,,,,,,,,131.5243,17.328005,1.0000001e-07,131.5243,17.328005,7.0,,,,,,,
131.5243,17.268045,0.00074371556,131.5243,17.268045,0.00069909263,,,,,,,,,,,,,,,,,,,,,,,,,,,,,,,,,,,,,,,,,,,,,,,,,,,,,,,,,,,,,131.5243,17.268045,0.6816871,131.5243,17.268045,0.6189927,,,,,,,,,,,,,,,,,131.5243,17.357983,0.008108737,131.5243,17.357983,-0.011071004,,,,,,,,,,,,,,,,,,,,,,,,,,,,,131.5243,17.357983,1.0000001e-07,131.5243,17.357983,7.0,,,,,,,
131.5243,17.298025,0.00068421825,131.5243,17.298025,0.00058009813,,,,,,,,,,,,,,,,,,,,,,,,,,,,,,,,,,,,,,,,,,,,,,,,,,,,,,,,,,,,,131.5243,17.298025,0.47101033,131.5243,17.298025,0.14063115,,,,,,,,,,,,,,,,,131.5243,17.387962,0.019566365,131.5243,17.387962,0.009429033,,,,,,,,,,,,,,,,,,,,,,,,,,,,,131.5243,17.387962,1.0000001e-07,131.5243,17.387962,7.0,,,,,,,
131.5243,17.328005,0.00074371556,131.5243,17.328005,0.0006395954,,,,,,,,,,,,,,,,,,,,,,,,,,,,,,,,,,,,,,,,,,,,,,,,,,,,,,,,,,,,,131.5243,17.328005,0.6955497,131.5243,17.328005,0.37067768,,,,,,,,,,,,,,,,,131.5243,17.417942,0.006608647,131.5243,17.417942,0.0017433731,,,,,,,,,,,,,,,,,,,,,,,,,,,,,131.5243,17.417942,1.0000001e-07,131.5243,17.417942,7.0,,,,,,,
131.5243,17.357983,0.00068421836,131.5243,17.357983,0.0004611036,,,,,,,,,,,,,,,,,,,,,,,,,,,,,,,,,,,,,,,,,,,,,,,,,,,,,,,,,,,,,131.5243,17.357983,0.46097818,131.5243,17.357983,-0.30437836,,,,,,,,,,,,,,,,,131.5243,17.447922,0.021793699,131.5243,17.447922,0.0032572076,,,,,,,,,,,,,,,,,,,,,,,,,,,,,131.5243,17.447922,1.0000001e-07,131.5243,17.447922,7.0,,,,,,,
131.5243,17.387962,0.0008478358,131.5243,17.387962,0.00068421825,,,,,,,,,,,,,,,,,,,,,,,,,,,,,,,,,,,,,,,,,,,,,,,,,,,,,,,,,,,,,131.5243,17.387962,1.0985476,131.5243,17.387962,0.57028127,,,,,,,,,,,,,,,,,131.5243,17.477901,0.023594907,131.5243,17.477901,0.0032107336,,,,,,,,,,,,,,,,,,,,,,,,,,,,,131.5243,17.477901,1.0000001e-07,131.5243,17.477901,7.0,,,,,,,
131.5243,17.417942,0.0006842183,131.5243,17.417942,0.0005949724,,,,,,,,,,,,,,,,,,,,,,,,,,,,,,,,,,,,,,,,,,,,,,,,,,,,,,,,,,,,,131.5243,17.417942,0.46920416,131.5243,17.417942,0.21701539,,,,,,,,,,,,,,,,,131.5243,17.50788,0.0052844137,131.5243,17.50788,-0.0050470573,,,,,,,,,,,,,,,,,,,,,,,,,,,,,131.5243,17.50788,1.0000001e-07,131.5243,17.50788,7.0,,,,,,,
131.5243,17.447922,0.00086271006,131.5243,17.447922,0.00065446965,,,,,,,,,,,,,,,,,,,,,,,,,,,,,,,,,,,,,,,,,,,,,,,,,,,,,,,,,,,,,131.5243,17.447922,1.134566,131.5243,17.447922,0.40967536,,,,,,,,,,,,,,,,,131.5243,17.537859,-0.0039043638,131.5243,17.537859,0.00069266785,,,,,,,,,,,,,,,,,,,,,,,,,,,,,131.5243,17.537859,1.0000001e-07,131.5243,17.537859,7.0,,,,,,,
131.5243,17.4779,0.0008627101,131.5243,17.4779,0.0006395954,,,,,,,,,,,,,,,,,,,,,,,,,,,,,,,,,,,,,,,,,,,,,,,,,,,,,,,,,,,,,131.5243,17.4779,1.1564778,131.5243,17.4779,0.4367286,,,,,,,,,,,,,,,,,131.5243,17.567839,0.01942552,131.5243,17.567839,0.002724095,,,,,,,,,,,,,,,,,,,,,,,,,,,,,131.5243,17.567839,1.0000001e-07,131.5243,17.567839,7.0,,,,,,,
131.5243,17.50788,0.00065446965,131.5243,17.50788,0.00055034953,,,,,,,,,,,,,,,,,,,,,,,,,,,,,,,,,,,,,,,,,,,,,,,,,,,,,,,,,,,,,131.5243,17.50788,0.3724047,131.5243,17.50788,0.0057563866,,,,,,,,,,,,,,,,,131.5243,17.597818,0.01050439,131.5243,17.597818,0.00876261,,,,,,,,,,,,,,,,,,,,,,,,,,,,,131.5243,17.597818,1.0000001e-07,131.5243,17.597818,7.0,,,,,,,
131.5243,17.537859,0.0006098467,131.5243,17.537859,0.0005652239,,,,,,,,,,,,,,,,,,,,,,,,,,,,,,,,,,,,,,,,,,,,,,,,,,,,,,,,,,,,,131.5243,17.537859,0.21606623,131.5243,17.537859,0.14629762,,,,,,,,,,,,,,,,,131.5243,17.627796,0.022469109,131.5243,17.627796,-0.001923147,,,,,,,,,,,,,,,,,,,,,,,,,,,,,131.5243,17.627796,1.0000001e-07,131.5243,17.627796,7.0,,,,,,,
131.5243,17.567839,0.0008329614,131.5243,17.567839,0.0005949724,,,,,,,,,,,,,,,,,,,,,,,,,,,,,,,,,,,,,,,,,,,,,,,,,,,,,,,,,,,,,131.5243,17.567839,1.0416472,131.5243,17.567839,0.19354531,,,,,,,,,,,,,,,,,131.5243,17.657776,0.011802114,131.5243,17.657776,0.00054043403,,,,,,,,,,,,,,,,,,,,,,,,,,,,,131.5243,17.657776,1.0000001e-07,131.5243,17.657776,7.0,,,,,,,
131.5243,17.597816,0.00074371556,131.5243,17.597816,0.0006990926,,,,,,,,,,,,,,,,,,,,,,,,,,,,,,,,,,,,,,,,,,,,,,,,,,,,,,,,,,,,,131.5243,17.597816,0.68968105,131.5243,17.597816,0.62301916,,,,,,,,,,,,,,,,,131.5243,17.687756,0.011056635,131.5243,17.687756,0.007945272,,,,,,,,,,,,,,,,,,,,,,,,,,,,,131.5243,17.687756,1.0000001e-07,131.5243,17.687756,7.0,,,,,,,
131.5243,17.627796,0.00087758433,131.5243,17.627796,0.00055034953,,,,,,,,,,,,,,,,,,,,,,,,,,,,,,,,,,,,,,,,,,,,,,,,,,,,,,,,,,,,,131.5243,17.627796,1.1933686,131.5243,17.627796,0.057831004,,,,,,,,,,,,,,,,,131.5243,17.717735,0.004404823,131.5243,17.717735,0.013211426,,,,,,,,,,,,,,,,,,,,,,,,,,,,,131.5243,17.717735,1.0000001e-07,131.5243,17.717735,7.0,,,,,,,
131.5243,17.657776,0.00080321287,131.5243,17.657776,0.00056522386,,,,,,,,,,,,,,,,,,,,,,,,,,,,,,,,,,,,,,,,,,,,,,,,,,,,,,,,,,,,,131.5243,17.657776,0.93451476,131.5243,17.657776,0.126678,,,,,,,,,,,,,,,,,131.5243,17.747713,0.0057920907,131.5243,17.747713,-0.0030558887,,,,,,,,,,,,,,,,,,,,,,,,,,,,,131.5243,17.747713,1.0000001e-07,131.5243,17.747713,7.0,,,,,,,
131.5243,17.687756,0.0006990926,131.5243,17.687756,0.0006395954,,,,,,,,,,,,,,,,,,,,,,,,,,,,,,,,,,,,,,,,,,,,,,,,,,,,,,,,,,,,,131.5243,17.687756,0.51473504,131.5243,17.687756,0.3801092,,,,,,,,,,,,,,,,,131.5243,17.777693,0.021168686,131.5243,17.777693,0.0011282224,,,,,,,,,,,,,,,,,,,,,,,,,,,,,131.5243,17.777693,1.0000001e-07,131.5243,17.777693,7.0,,,,,,,
131.5243,17.717733,0.0006098467,131.5243,17.717733,0.00072884123,,,,,,,,,,,,,,,,,,,,,,,,,,,,,,,,,,,,,,,,,,,,,,,,,,,,,,,,,,,,,131.5243,17.717733,0.200434,131.5243,17.717733,0.6929581,,,,,,,,,,,,,,,,,131.5243,17.807673,0.0095213875,131.5243,17.807673,-0.010159,,,,,,,,,,,,,,,,,,,,,,,,,,,,,131.5243,17.807673,1.0000001e-07,131.5243,17.807673,7.0,,,,,,,
131.5243,17.747713,0.00069909263,131.5243,17.747713,0.0005206008,,,,,,,,,,,,,,,,,,,,,,,,,,,,,,,,,,,,,,,,,,,,,,,,,,,,,,,,,,,,,131.5243,17.747713,0.52766067,131.5243,17.747713,-0.072950095,,,,,,,,,,,,,,,,,131.5243,17.837652,0.01016607,131.5243,17.837652,-0.006353802,,,,,,,,,,,,,,,,,,,,,,,,,,,,,131.5243,17.837652,1.0000001e-07,131.5243,17.837652,7.0,,,,,,,
131.5243,17.777693,0.00086271006,131.5243,17.777693,0.0005503495,,,,,,,,,,,,,,,,,,,,,,,,,,,,,,,,,,,,,,,,,,,,,,,,,,,,,,,,,,,,,131.5243,17.777693,1.1605165,131.5243,17.777693,0.05427914,,,,,,,,,,,,,,,,,131.5243,17.86763,0.010900393,131.5243,17.86763,0.0024648488,,,,,,,,,,,,,,,,,,,,,,,,,,,,,131.5243,17.86763,1.0000001e-07,131.5243,17.86763,7.0,,,,,,,
131.5243,17.807673,0.0007585899,131.5243,17.807673,0.00043135503,,,,,,,,,,,,,,,,,,,,,,,,,,,,,,,,,,,,,,,,,,,,,,,,,,,,,,,,,,,,,131.5243,17.807673,0.73256993,131.5243,17.807673,-0.41970554,,,,,,,,,,,,,,,,,131.5243,17.89761,-0.005018163,131.5243,17.89761,0.004348443,,,,,,,,,,,,,,,,,,,,,,,,,,,,,131.5243,17.89761,1.0000001e-07,131.5243,17.89761,7.0,,,,,,,
131.5243,17.83765,0.00071396696,131.5243,17.83765,0.0005206009,,,,,,,,,,,,,,,,,,,,,,,,,,,,,,,,,,,,,,,,,,,,,,,,,,,,,,,,,,,,,131.5243,17.83765,0.5734223,131.5243,17.83765,-0.050762065,,,,,,,,,,,,,,,,,131.5243,17.92759,0.02228751,131.5243,17.92759,-0.0034741382,,,,,,,,,,,,,,,,,,,,,,,,,,,,,131.5243,17.92759,1.0000001e-07,131.5243,17.92759,7.0,,,,,,,
131.5243,17.86763,0.0007585899,131.5243,17.86763,0.0006247211,,,,,,,,,,,,,,,,,,,,,,,,,,,,,,,,,,,,,,,,,,,,,,,,,,,,,,,,,,,,,131.5243,17.86763,0.77057064,131.5243,17.86763,0.34541073,,,,,,,,,,,,,,,,,131.5243,17.95757,0.010540693,131.5243,17.95757,0.0074971924,,,,,,,,,,,,,,,,,,,,,,,,,,,,,131.5243,17.95757,1.0000001e-07,131.5243,17.95757,7.0,,,,,,,
131.5243,17.89761,0.00058009813,131.5243,17.89761,0.0006395954,,,,,,,,,,,,,,,,,,,,,,,,,,,,,,,,,,,,,,,,,,,,,,,,,,,,,,,,,,,,,131.5243,17.89761,0.06709814,131.5243,17.89761,0.40029356,,,,,,,,,,,,,,,,,131.5243,17.987547,0.022236226,131.5243,17.987547,0.0015579908,,,,,,,,,,,,,,,,,,,,,,,,,,,,,131.5243,17.987547,1.0000001e-07,131.5243,17.987547,7.0,,,,,,,
131.5243,17.92759,0.0008478358,131.5243,17.92759,0.00055034953,,,,,,,,,,,,,,,,,,,,,,,,,,,,,,,,,,,,,,,,,,,,,,,,,,,,,,,,,,,,,131.5243,17.92759,1.0863277,131.5243,17.92759,0.06417206,,,,,,,,,,,,,,,,,131.5243,18.017527,0.0063018855,131.5243,18.017527,-0.0020391843,,,,,,,,,,,,,,,,,,,,,,,,,,,,,131.5243,18.017527,1.0000001e-07,131.5243,18.017527,7.0,,,,,,,
131.5243,17.95757,0.00072884123,131.5243,17.95757,0.00066934404,,,,,,,,,,,,,,,,,,,,,,,,,,,,,,,,,,,,,,,,,,,,,,,,,,,,,,,,,,,,,131.5243,17.95757,0.68156576,131.5243,17.95757,0.46133873,,,,,,,,,,,,,,,,,131.5243,18.047506,0.0023274058,131.5243,18.047506,0.00030207387,,,,,,,,,,,,,,,,,,,,,,,,,,,,,131.5243,18.047506,1.0000001e-07,131.5243,18.047506,7.0,,,,,,,
131.5243,17.987547,0.00087758433,131.5243,17.987547,0.0005652238,,,,,,,,,,,,,,,,,,,,,,,,,,,,,,,,,,,,,,,,,,,,,,,,,,,,,,,,,,,,,131.5243,17.987547,1.2194167,131.5243,17.987547,0.13074167,,,,,,,,,,,,,,,,,131.5243,18.077486,-0.01339365,131.5243,18.077486,0.008299893,,,,,,,,,,,,,,,,,,,,,,,,,,,,,131.5243,18.077486,1.0000001e-07,131.5243,18.077486,7.0,,,,,,,
131.5243,18.017527,0.00069909263,131.5243,18.017527,0.0005800982,,,,,,,,,,,,,,,,,,,,,,,,,,,,,,,,,,,,,,,,,,,,,,,,,,,,,,,,,,,,,131.5243,18.017527,0.5401671,131.5243,18.017527,0.09424577,,,,,,,,,,,,,,,,,131.5243,18.107464,0.0050814166,131.5243,18.107464,0.0018268952,,,,,,,,,,,,,,,,,,,,,,,,,,,,,131.5243,18.107464,1.0000001e-07,131.5243,18.107464,7.0,,,,,,,
131.5243,18.047506,0.0005949724,131.5243,18.047506,0.0005800982,,,,,,,,,,,,,,,,,,,,,,,,,,,,,,,,,,,,,,,,,,,,,,,,,,,,,,,,,,,,,131.5243,18.047506,0.13272889,131.5243,18.047506,0.17971951,,,,,,,,,,,,,,,,,131.5243,18.137444,0.017694185,131.5243,18.137444,-0.0022601944,,,,,,,,,,,,,,,,,,,,,,,,,,,,,131.5243,18.137444,1.0000001e-07,131.5243,18.137444,7.0,,,,,,,
131.5243,18.077486,0.0005354752,131.5243,18.077486,0.0006395954,,,,,,,,,,,,,,,,,,,,,,,,,,,,,,,,,,,,,,,,,,,,,,,,,,,,,,,,,,,,,131.5243,18.077486,-0.05850127,131.5243,18.077486,0.40407854,,,,,,,,,,,,,,,,,131.5243,18.167423,0.012789478,131.5243,18.167423,0.0077033737,,,,,,,,,,,,,,,,,,,,,,,,,,,,,131.5243,18.167423,1.0000001e-07,131.5243,18.167423,7.0,,,,,,,
131.5243,18.107464,0.0006395954,131.5243,18.107464,0.0006544697,,,,,,,,,,,,,,,,,,,,,,,,,,,,,,,,,,,,,,,,,,,,,,,,,,,,,,,,,,,,,131.5243,18.107464,0.27271736,131.5243,18.107464,0.4545487,,,,,,,,,,,,,,,,,131.5243,18.197403,0.0016887416,131.5243,18.197403,0.014343172,,,,,,,,,,,,,,,,,,,,,,,,,,,,,131.5243,18.197403,1.0000001e-07,131.5243,18.197403,7.0,,,,,,,
131.5243,18.137444,0.00080321287,131.5243,18.137444,0.0006098468,,,,,,,,,,,,,,,,,,,,,,,,,,,,,,,,,,,,,,,,,,,,,,,,,,,,,,,,,,,,,131.5243,18.137444,0.9338376,131.5243,18.137444,0.2256977,,,,,,,,,,,,,,,,,131.5243,18.22738,0.017996633,131.5243,18.22738,0.022871194,,,,,,,,,,,,,,,,,,,,,,,,,,,,,131.5243,18.22738,1.0000001e-07,131.5243,18.22738,7.0,,,,,,,
131.5243,18.167423,0.0007585899,131.5243,18.167423,0.0006395954,,,,,,,,,,,,,,,,,,,,,,,,,,,,,,,,,,,,,,,,,,,,,,,,,,,,,,,,,,,,,131.5243,18.167423,0.7844941,131.5243,18.167423,0.38485608,,,,,,,,,,,,,,,,,131.5243,18.25736,0.010241674,131.5243,18.25736,-0.005627518,,,,,,,,,,,,,,,,,,,,,,,,,,,,,131.5243,18.25736,1.0000001e-07,131.5243,18.25736,7.0,,,,,,,
131.5243,18.197403,0.000669344,131.5243,18.197403,0.0007437155,,,,,,,,,,,,,,,,,,,,,,,,,,,,,,,,,,,,,,,,,,,,,,,,,,,,,,,,,,,,,131.5243,18.197403,0.42979586,131.5243,18.197403,0.76254904,,,,,,,,,,,,,,,,,131.5243,18.28734,0.0148622375,131.5243,18.28734,-0.003761984,,,,,,,,,,,,,,,,,,,,,,,,,,,,,131.5243,18.28734,1.0000001e-07,131.5243,18.28734,7.0,,,,,,,
131.5243,18.22738,0.00075858994,131.5243,18.22738,0.00080321287,,,,,,,,,,,,,,,,,,,,,,,,,,,,,,,,,,,,,,,,,,,,,,,,,,,,,,,,,,,,,131.5243,18.22738,0.7682037,131.5243,18.22738,1.0366967,,,,,,,,,,,,,,,,,131.5243,18.31732,0.019567402,131.5243,18.31732,0.011105622,,,,,,,,,,,,,,,,,,,,,,,,,,,,,131.5243,18.31732,1.0000001e-07,131.5243,18.31732,7.0,,,,,,,
131.5243,18.25736,0.00069909263,131.5243,18.25736,0.0005206009,,,,,,,,,,,,,,,,,,,,,,,,,,,,,,,,,,,,,,,,,,,,,,,,,,,,,,,,,,,,,131.5243,18.25736,0.5195161,131.5243,18.25736,-0.072488606,,,,,,,,,,,,,,,,,131.5243,18.3473,0.005151141,131.5243,18.3473,-0.019574165,,,,,,,,,,,,,,,,,,,,,,,,,,,,,131.5243,18.3473,1.0000001e-07,131.5243,18.3473,7.0,,,,,,,
131.5243,18.28734,0.00083296146,131.5243,18.28734,0.0005206009,,,,,,,,,,,,,,,,,,,,,,,,,,,,,,,,,,,,,,,,,,,,,,,,,,,,,,,,,,,,,131.5243,18.28734,1.0124154,131.5243,18.28734,-0.086716935,,,,,,,,,,,,,,,,,131.5243,18.377277,0.0059531587,131.5243,18.377277,0.0046178927,,,,,,,,,,,,,,,,,,,,,,,,,,,,,131.5243,18.377277,1.0000001e-07,131.5243,18.377277,7.0,,,,,,,
131.5243,18.31732,0.0008329616,131.5243,18.31732,0.0006395953,,,,,,,,,,,,,,,,,,,,,,,,,,,,,,,,,,,,,,,,,,,,,,,,,,,,,,,,,,,,,131.5243,18.31732,1.0386467,131.5243,18.31732,0.3499906,,,,,,,,,,,,,,,,,131.5243,18.407257,0.0012037578,131.5243,18.407257,-0.0008081034,,,,,,,,,,,,,,,,,,,,,,,,,,,,,131.5243,18.407257,1.0000001e-07,131.5243,18.407257,7.0,,,,,,,
131.5243,18.347298,0.0006990926,131.5243,18.347298,0.0004016064,,,,,,,,,,,,,,,,,,,,,,,,,,,,,,,,,,,,,,,,,,,,,,,,,,,,,,,,,,,,,131.5243,18.347298,0.5396064,131.5243,18.347298,-0.48915952,,,,,,,,,,,,,,,,,131.5243,18.437237,0.0054798294,131.5243,18.437237,-0.011238361,,,,,,,,,,,,,,,,,,,,,,,,,,,,,131.5243,18.437237,1.0000001e-07,131.5243,18.437237,7.0,,,,,,,
131.5243,18.377277,0.00060984667,131.5243,18.377277,0.0006098468,,,,,,,,,,,,,,,,,,,,,,,,,,,,,,,,,,,,,,,,,,,,,,,,,,,,,,,,,,,,,131.5243,18.377277,0.19915071,131.5243,18.377277,0.24904336,,,,,,,,,,,,,,,,,131.5243,18.467216,0.012898888,131.5243,18.467216,-0.006252202,,,,,,,,,,,,,,,,,,,,,,,,,,,,,131.5243,18.467216,1.0000001e-07,131.5243,18.467216,7.0,,,,,,,
131.5243,18.407257,0.0005949724,131.5243,18.407257,0.00056522375,,,,,,,,,,,,,,,,,,,,,,,,,,,,,,,,,,,,,,,,,,,,,,,,,,,,,,,,,,,,,131.5243,18.407257,0.15463156,131.5243,18.407257,0.060258813,,,,,,,,,,,,,,,,,131.5243,18.497194,-0.0011447599,131.5243,18.497194,-0.0021468906,,,,,,,,,,,,,,,,,,,,,,,,,,,,,131.5243,18.497194,1.0000001e-07,131.5243,18.497194,7.0,,,,,,,
131.5243,18.437237,0.00068421825,131.5243,18.437237,0.00043135503,,,,,,,,,,,,,,,,,,,,,,,,,,,,,,,,,,,,,,,,,,,,,,,,,,,,,,,,,,,,,131.5243,18.437237,0.4701775,131.5243,18.437237,-0.37310213,,,,,,,,,,,,,,,,,131.5243,18.527174,0.02259344,131.5243,18.527174,-0.0054060053,,,,,,,,,,,,,,,,,,,,,,,,,,,,,131.5243,18.527174,1.0000001e-07,131.5243,18.527174,7.0,,,,,,,
131.5243,18.467215,0.00072884123,131.5243,18.467215,0.0004908523,,,,,,,,,,,,,,,,,,,,,,,,,,,,,,,,,,,,,,,,,,,,,,,,,,,,,,,,,,,,,131.5243,18.467215,0.6299656,131.5243,18.467215,-0.13453871,,,,,,,,,,,,,,,,,131.5243,18.557154,0.010479528,131.5243,18.557154,0.0031145657,,,,,,,,,,,,,,,,,,,,,,,,,,,,,131.5243,18.557154,1.0000001e-07,131.5243,18.557154,7.0,,,,,,,
131.5243,18.497194,0.00058009813,131.5243,18.497194,0.0005800982,,,,,,,,,,,,,,,,,,,,,,,,,,,,,,,,,,,,,,,,,,,,,,,,,,,,,,,,,,,,,131.5243,18.497194,0.075535774,131.5243,18.497194,0.1458257,,,,,,,,,,,,,,,,,131.5243,18.587133,-0.0018198586,131.5243,18.587133,-0.009781707,,,,,,,,,,,,,,,,,,,,,,,,,,,,,131.5243,18.587133,1.0000001e-07,131.5243,18.587133,7.0,,,,,,,
131.5243,18.527174,0.0008180871,131.5243,18.527174,0.0005652238,,,,,,,,,,,,,,,,,,,,,,,,,,,,,,,,,,,,,,,,,,,,,,,,,,,,,,,,,,,,,131.5243,18.527174,1.001764,131.5243,18.527174,0.11237751,,,,,,,,,,,,,,,,,131.5243,18.617111,0.019189361,131.5243,18.617111,-0.0043904237,,,,,,,,,,,,,,,,,,,,,,,,,,,,,131.5243,18.617111,1.0000001e-07,131.5243,18.617111,7.0,,,,,,,
131.5243,18.557154,0.0007139669,131.5243,18.557154,0.0006098468,,,,,,,,,,,,,,,,,,,,,,,,,,,,,,,,,,,,,,,,,,,,,,,,,,,,,,,,,,,,,131.5243,18.557154,0.5932249,131.5243,18.557154,0.27250662,,,,,,,,,,,,,,,,,131.5243,18.64709,0.016517404,131.5243,18.64709,-0.0014356399,,,,,,,,,,,,,,,,,,,,,,,,,,,,,131.5243,18.64709,1.0000001e-07,131.5243,18.64709,7.0,,,,,,,
131.5243,18.587132,0.0006247211,131.5243,18.587132,0.00047597795,,,,,,,,,,,,,,,,,,,,,,,,,,,,,,,,,,,,,,,,,,,,,,,,,,,,,,,,,,,,,131.5243,18.587132,0.2683833,131.5243,18.587132,-0.22063082,,,,,,,,,,,,,,,,,131.5243,18.67707,0.015307771,131.5243,18.67707,-0.0008942164,,,,,,,,,,,,,,,,,,,,,,,,,,,,,131.5243,18.67707,1.0000001e-07,131.5243,18.67707,7.0,,,,,,,
131.5243,18.617111,0.00087758433,131.5243,18.617111,0.0005652238,,,,,,,,,,,,,,,,,,,,,,,,,,,,,,,,,,,,,,,,,,,,,,,,,,,,,,,,,,,,,131.5243,18.617111,1.2423481,131.5243,18.617111,0.06744615,,,,,,,,,,,,,,,,,131.5243,18.70705,-0.017649617,131.5243,18.70705,-0.0013414831,,,,,,,,,,,,,,,,,,,,,,,,,,,,,131.5243,18.70705,1.0000001e-07,131.5243,18.70705,7.0,,,,,,,
131.5243,18.64709,0.00075858994,131.5243,18.64709,0.00055034953,,,,,,,,,,,,,,,,,,,,,,,,,,,,,,,,,,,,,,,,,,,,,,,,,,,,,,,,,,,,,131.5243,18.64709,0.75842404,131.5243,18.64709,0.0130993,,,,,,,,,,,,,,,,,131.5243,18.737028,0.010936125,131.5243,18.737028,-0.0046698097,,,,,,,,,,,,,,,,,,,,,,,,,,,,,131.5243,18.737028,1.0000001e-07,131.5243,18.737028,7.0,,,,,,,
131.5243,18.67707,0.0007585898,131.5243,18.67707,0.00062472105,,,,,,,,,,,,,,,,,,,,,,,,,,,,,,,,,,,,,,,,,,,,,,,,,,,,,,,,,,,,,131.5243,18.67707,0.71047133,131.5243,18.67707,0.2999566,,,,,,,,,,,,,,,,,131.5243,18.767008,-0.00018940968,131.5243,18.767008,-0.0018208788,,,,,,,,,,,,,,,,,,,,,,,,,,,,,131.5243,18.767008,1.0000001e-07,131.5243,18.767008,7.0,,,,,,,
131.5243,18.707048,0.0005206009,131.5243,18.707048,0.00053547515,,,,,,,,,,,,,,,,,,,,,,,,,,,,,,,,,,,,,,,,,,,,,,,,,,,,,,,,,,,,,131.5243,18.707048,-0.14436989,131.5243,18.707048,-0.051768508,,,,,,,,,,,,,,,,,131.5243,18.796988,-0.0009988999,131.5243,18.796988,0.013377509,,,,,,,,,,,,,,,,,,,,,,,,,,,,,131.5243,18.796988,1.0000001e-07,131.5243,18.796988,7.0,,,,,,,
131.5243,18.737028,0.00072884123,131.5243,18.737028,0.0005206009,,,,,,,,,,,,,,,,,,,,,,,,,,,,,,,,,,,,,,,,,,,,,,,,,,,,,,,,,,,,,131.5243,18.737028,0.6088614,131.5243,18.737028,-0.11091981,,,,,,,,,,,,,,,,,131.5243,18.826967,-0.010817001,131.5243,18.826967,0.0116388565,,,,,,,,,,,,,,,,,,,,,,,,,,,,,131.5243,18.826967,1.0000001e-07,131.5243,18.826967,7.0,,,,,,,
131.5243,18.767008,0.00066934404,131.5243,18.767008,0.0005503495,,,,,,,,,,,,,,,,,,,,,,,,,,,,,,,,,,,,,,,,,,,,,,,,,,,,,,,,,,,,,131.5243,18.767008,0.4278788,131.5243,18.767008,0.076589696,,,,,,,,,,,,,,,,,131.5243,18.856945,-0.00105085,131.5243,18.856945,-0.008285802,,,,,,,,,,,,,,,,,,,,,,,,,,,,,131.5243,18.856945,1.0000001e-07,131.5243,18.856945,7.0,,,,,,,
131.5243,18.796988,0.0005800982,131.5243,18.796988,0.00068421836,,,,,,,,,,,,,,,,,,,,,,,,,,,,,,,,,,,,,,,,,,,,,,,,,,,,,,,,,,,,,131.5243,18.796988,0.09721879,131.5243,18.796988,0.5460593,,,,,,,,,,,,,,,,,131.5243,18.886925,0.0012297744,131.5243,18.886925,0.015117533,,,,,,,,,,,,,,,,,,,,,,,,,,,,,131.5243,18.886925,1.0000001e-07,131.5243,18.886925,7.0,,,,,,,
131.5243,18.826967,0.00047597795,131.5243,18.826967,0.0007288412,,,,,,,,,,,,,,,,,,,,,,,,,,,,,,,,,,,,,,,,,,,,,,,,,,,,,,,,,,,,,131.5243,18.826967,-0.29130948,131.5243,18.826967,0.73301744,,,,,,,,,,,,,,,,,131.5243,18.916904,0.020092215,131.5243,18.916904,-0.003684284,,,,,,,,,,,,,,,,,,,,,,,,,,,,,131.5243,18.916904,1.0000001e-07,131.5243,18.916904,7.0,,,,,,,
131.5243,18.856945,0.0005354752,131.5243,18.856945,0.00043135497,,,,,,,,,,,,,,,,,,,,,,,,,,,,,,,,,,,,,,,,,,,,,,,,,,,,,,,,,,,,,131.5243,18.856945,-0.06164195,131.5243,18.856945,-0.39271972,,,,,,,,,,,,,,,,,131.5243,18.946884,-0.009916065,131.5243,18.946884,-0.021133453,,,,,,,,,,,,,,,,,,,,,,,,,,,,,131.5243,18.946884,1.0000001e-07,131.5243,18.946884,7.0,,,,,,,
131.5243,18.886925,0.00062472105,131.5243,18.886925,0.0007139669,,,,,,,,,,,,,,,,,,,,,,,,,,,,,,,,,,,,,,,,,,,,,,,,,,,,,,,,,,,,,131.5243,18.886925,0.26014817,131.5243,18.886925,0.6713444,,,,,,,,,,,,,,,,,131.5243,18.976862,0.014208702,131.5243,18.976862,-0.0003346862,,,,,,,,,,,,,,,,,,,,,,,,,,,,,131.5243,18.976862,1.0000001e-07,131.5243,18.976862,7.0,,,,,,,
131.5243,18.916904,0.0007883385,131.5243,18.916904,0.00055034953,,,,,,,,,,,,,,,,,,,,,,,,,,,,,,,,,,,,,,,,,,,,,,,,,,,,,,,,,,,,,131.5243,18.916904,0.87368625,131.5243,18.916904,0.034645524,,,,,,,,,,,,,,,,,131.5243,19.006842,0.0059076007,131.5243,19.006842,0.010475981,,,,,,,,,,,,,,,,,,,,,,,,,,,,,131.5243,19.006842,1.0000001e-07,131.5243,19.006842,7.0,,,,,,,
131.5243,18.946884,0.00053547515,131.5243,18.946884,0.00038673208,,,,,,,,,,,,,,,,,,,,,,,,,,,,,,,,,,,,,,,,,,,,,,,,,,,,,,,,,,,,,131.5243,18.946884,-0.0798029,131.5243,18.946884,-0.58357215,,,,,,,,,,,,,,,,,131.5243,19.036821,0.014043881,131.5243,19.036821,-0.005404562,,,,,,,,,,,,,,,,,,,,,,,,,,,,,131.5243,19.036821,1.0000001e-07,131.5243,19.036821,7.0,,,,,,,
131.5243,18.976862,0.00069909263,131.5243,18.976862,0.0005949724,,,,,,,,,,,,,,,,,,,,,,,,,,,,,,,,,,,,,,,,,,,,,,,,,,,,,,,,,,,,,131.5243,18.976862,0.5002973,131.5243,18.976862,0.23377395,,,,,,,,,,,,,,,,,131.5243,19.066801,0.003576885,131.5243,19.066801,0.0043383753,,,,,,,,,,,,,,,,,,,,,,,,,,,,,131.5243,19.066801,1.0000001e-07,131.5243,19.066801,7.0,,,,,,,
131.5243,19.006842,0.00069909263,131.5243,19.006842,0.0006395953,,,,,,,,,,,,,,,,,,,,,,,,,,,,,,,,,,,,,,,,,,,,,,,,,,,,,,,,,,,,,131.5243,19.006842,0.5028633,131.5243,19.006842,0.41587812,,,,,,,,,,,,,,,,,131.5243,19.096779,0.016384274,131.5243,19.096779,-0.012763109,,,,,,,,,,,,,,,,,,,,,,,,,,,,,131.5243,19.096779,1.0000001e-07,131.5243,19.096779,7.0,,,,,,,
131.5243,19.036821,0.0007585899,131.5243,19.036821,0.0005503495,,,,,,,,,,,,,,,,,,,,,,,,,,,,,,,,,,,,,,,,,,,,,,,,,,,,,,,,,,,,,131.5243,19.036821,0.7606641,131.5243,19.036821,0.072609924,,,,,,,,,,,,,,,,,131.5243,19.126759,0.003482985,131.5243,19.126759,0.0017171957,,,,,,,,,,,,,,,,,,,,,,,,,,,,,131.5243,19.126759,1.0000001e-07,131.5243,19.126759,7.0,,,,,,,
131.5243,19.066801,0.0006395954,131.5243,19.066801,0.00059497246,,,,,,,,,,,,,,,,,,,,,,,,,,,,,,,,,,,,,,,,,,,,,,,,,,,,,,,,,,,,,131.5243,19.066801,0.33518913,131.5243,19.066801,0.23503405,,,,,,,,,,,,,,,,,131.5243,19.156738,0.012106905,131.5243,19.156738,-0.0029773656,,,,,,,,,,,,,,,,,,,,,,,,,,,,,131.5243,19.156738,1.0000001e-07,131.5243,19.156738,7.0,,,,,,,
131.5243,19.096779,0.00075858994,131.5243,19.096779,0.00047597795,,,,,,,,,,,,,,,,,,,,,,,,,,,,,,,,,,,,,,,,,,,,,,,,,,,,,,,,,,,,,131.5243,19.096779,0.7901415,131.5243,19.096779,-0.19758637,,,,,,,,,,,,,,,,,131.5243,19.186718,0.015703933,131.5243,19.186718,0.00761465,,,,,,,,,,,,,,,,,,,,,,,,,,,,,131.5243,19.186718,1.0000001e-07,131.5243,19.186718,7.0,,,,,,,
131.5243,19.126759,0.00065446965,131.5243,19.126759,0.0005206008,,,,,,,,,,,,,,,,,,,,,,,,,,,,,,,,,,,,,,,,,,,,,,,,,,,,,,,,,,,,,131.5243,19.126759,0.34363258,131.5243,19.126759,-0.030098459,,,,,,,,,,,,,,,,,131.5243,19.216698,0.0053815376,131.5243,19.216698,0.0019028865,,,,,,,,,,,,,,,,,,,,,,,,,,,,,131.5243,19.216698,1.0000001e-07,131.5243,19.216698,7.0,,,,,,,
131.5243,19.156738,0.0007139669,131.5243,19.156738,0.0005949724,,,,,,,,,,,,,,,,,,,,,,,,,,,,,,,,,,,,,,,,,,,,,,,,,,,,,,,,,,,,,131.5243,19.156738,0.5903671,131.5243,19.156738,0.20914555,,,,,,,,,,,,,,,,,131.5243,19.246675,-0.0050907326,131.5243,19.246675,0.00049419573,,,,,,,,,,,,,,,,,,,,,,,,,,,,,131.5243,19.246675,1.0000001e-07,131.5243,19.246675,7.0,,,,,,,
131.5243,19.186718,0.00074371556,131.5243,19.186718,0.000669344,,,,,,,,,,,,,,,,,,,,,,,,,,,,,,,,,,,,,,,,,,,,,,,,,,,,,,,,,,,,,131.5243,19.186718,0.7081489,131.5243,19.186718,0.527622,,,,,,,,,,,,,,,,,131.5243,19.276655,0.009355546,131.5243,19.276655,-0.0009152646,,,,,,,,,,,,,,,,,,,,,,,,,,,,,131.5243,19.276655,1.0000001e-07,131.5243,19.276655,7.0,,,,,,,
131.5243,19.216696,0.0006842183,131.5243,19.216696,0.0006247212,,,,,,,,,,,,,,,,,,,,,,,,,,,,,,,,,,,,,,,,,,,,,,,,,,,,,,,,,,,,,131.5243,19.216696,0.43311733,131.5243,19.216696,0.3595503,,,,,,,,,,,,,,,,,131.5243,19.306635,0.0072678975,131.5243,19.306635,0.009003413,,,,,,,,,,,,,,,,,,,,,,,,,,,,,131.5243,19.306635,1.0000001e-07,131.5243,19.306635,7.0,,,,,,,
131.5243,19.246675,0.00053547515,131.5243,19.246675,0.00060984667,,,,,,,,,,,,,,,,,,,,,,,,,,,,,,,,,,,,,,,,,,,,,,,,,,,,,,,,,,,,,131.5243,19.246675,-0.085979044,131.5243,19.246675,0.23621686,,,,,,,,,,,,,,,,,131.5243,19.336615,0.02344864,131.5243,19.336615,-0.009435422,,,,,,,,,,,,,,,,,,,,,,,,,,,,,131.5243,19.336615,1.0000001e-07,131.5243,19.336615,7.0,,,,,,,
131.5243,19.276655,0.00074371556,131.5243,19.276655,0.00059497246,,,,,,,,,,,,,,,,,,,,,,,,,,,,,,,,,,,,,,,,,,,,,,,,,,,,,,,,,,,,,131.5243,19.276655,0.69117635,131.5243,19.276655,0.3021861,,,,,,,,,,,,,,,,,131.5243,19.366592,0.0070940307,131.5243,19.366592,0.009449931,,,,,,,,,,,,,,,,,,,,,,,,,,,,,131.5243,19.366592,1.0000001e-07,131.5243,19.366592,7.0,,,,,,,
131.5243,19.306635,0.000669344,131.5243,19.306635,0.00062472105,,,,,,,,,,,,,,,,,,,,,,,,,,,,,,,,,,,,,,,,,,,,,,,,,,,,,,,,,,,,,131.5243,19.306635,0.40996996,131.5243,19.306635,0.3082017,,,,,,,,,,,,,,,,,131.5243,19.396572,0.008692255,131.5243,19.396572,-0.010605698,,,,,,,,,,,,,,,,,,,,,,,,,,,,,131.5243,19.396572,1.0000001e-07,131.5243,19.396572,7.0,,,,,,,
131.5243,19.336613,0.0007437156,131.5243,19.336613,0.00047597795,,,,,,,,,,,,,,,,,,,,,,,,,,,,,,,,,,,,,,,,,,,,,,,,,,,,,,,,,,,,,131.5243,19.336613,0.71420425,131.5243,19.336613,-0.25547308,,,,,,,,,,,,,,,,,131.5243,19.426552,0.01440141,131.5243,19.426552,-0.008265411,,,,,,,,,,,,,,,,,,,,,,,,,,,,,131.5243,19.426552,1.0000001e-07,131.5243,19.426552,7.0,,,,,,,
131.5243,19.366592,0.00069909263,131.5243,19.366592,0.00062472105,,,,,,,,,,,,,,,,,,,,,,,,,,,,,,,,,,,,,,,,,,,,,,,,,,,,,,,,,,,,,131.5243,19.366592,0.5635644,131.5243,19.366592,0.3600513,,,,,,,,,,,,,,,,,131.5243,19.456532,0.02021176,131.5243,19.456532,0.0058060195,,,,,,,,,,,,,,,,,,,,,,,,,,,,,131.5243,19.456532,1.0000001e-07,131.5243,19.456532,7.0,,,,,,,
131.5243,19.396572,0.00066934404,131.5243,19.396572,0.0005206008,,,,,,,,,,,,,,,,,,,,,,,,,,,,,,,,,,,,,,,,,,,,,,,,,,,,,,,,,,,,,131.5243,19.396572,0.42902488,131.5243,19.396572,-0.042751417,,,,,,,,,,,,,,,,,131.5243,19.48651,0.0035373026,131.5243,19.48651,-0.0006742438,,,,,,,,,,,,,,,,,,,,,,,,,,,,,131.5243,19.48651,1.0000001e-07,131.5243,19.48651,7.0,,,,,,,
131.5243,19.426552,0.0007883385,131.5243,19.426552,0.0005652238,,,,,,,,,,,,,,,,,,,,,,,,,,,,,,,,,,,,,,,,,,,,,,,,,,,,,,,,,,,,,131.5243,19.426552,0.9116199,131.5243,19.426552,0.14745271,,,,,,,,,,,,,,,,,131.5243,19.516489,0.01075496,131.5243,19.516489,-0.020552807,,,,,,,,,,,,,,,,,,,,,,,,,,,,,131.5243,19.516489,1.0000001e-07,131.5243,19.516489,7.0,,,,,,,
131.5243,19.45653,0.0008478358,131.5243,19.45653,0.0006544697,,,,,,,,,,,,,,,,,,,,,,,,,,,,,,,,,,,,,,,,,,,,,,,,,,,,,,,,,,,,,131.5243,19.45653,1.091076,131.5243,19.45653,0.40039548,,,,,,,,,,,,,,,,,131.5243,19.546469,-0.0036012796,131.5243,19.546469,-0.0048371074,,,,,,,,,,,,,,,,,,,,,,,,,,,,,131.5243,19.546469,1.0000001e-07,131.5243,19.546469,7.0,,,,,,,
131.5243,19.48651,0.0006395954,131.5243,19.48651,0.0005354752,,,,,,,,,,,,,,,,,,,,,,,,,,,,,,,,,,,,,,,,,,,,,,,,,,,,,,,,,,,,,131.5243,19.48651,0.3408377,131.5243,19.48651,-0.010826283,,,,,,,,,,,,,,,,,131.5243,19.576448,-0.0019504459,131.5243,19.576448,0.011126297,,,,,,,,,,,,,,,,,,,,,,,,,,,,,131.5243,19.576448,1.0000001e-07,131.5243,19.576448,7.0,,,,,,,
131.5243,19.516489,0.000669344,131.5243,19.516489,0.00037185775,,,,,,,,,,,,,,,,,,,,,,,,,,,,,,,,,,,,,,,,,,,,,,,,,,,,,,,,,,,,,131.5243,19.516489,0.42388052,131.5243,19.516489,-0.64427066,,,,,,,,,,,,,,,,,131.5243,19.606426,0.007974167,131.5243,19.606426,0.000744857,,,,,,,,,,,,,,,,,,,,,,,,,,,,,131.5243,19.606426,1.0000001e-07,131.5243,19.606426,7.0,,,,,,,
131.5243,19.546469,0.0005503495,131.5243,19.546469,0.0005652238,,,,,,,,,,,,,,,,,,,,,,,,,,,,,,,,,,,,,,,,,,,,,,,,,,,,,,,,,,,,,131.5243,19.546469,-0.0285156,131.5243,19.546469,0.08895782,,,,,,,,,,,,,,,,,131.5243,19.636406,-0.01205037,131.5243,19.636406,-0.0091252,,,,,,,,,,,,,,,,,,,,,,,,,,,,,131.5243,19.636406,1.0000001e-07,131.5243,19.636406,7.0,,,,,,,
131.5243,19.576447,0.0005652238,131.5243,19.576447,0.00071396696,,,,,,,,,,,,,,,,,,,,,,,,,,,,,,,,,,,,,,,,,,,,,,,,,,,,,,,,,,,,,131.5243,19.576447,0.036532495,131.5243,19.576447,0.66314137,,,,,,,,,,,,,,,,,131.5243,19.666386,0.02306661,131.5243,19.666386,0.020298142,,,,,,,,,,,,,,,,,,,,,,,,,,,,,131.5243,19.666386,1.0000001e-07,131.5243,19.666386,7.0,,,,,,,
131.5243,19.606426,0.0006842183,131.5243,19.606426,0.0005800982,,,,,,,,,,,,,,,,,,,,,,,,,,,,,,,,,,,,,,,,,,,,,,,,,,,,,,,,,,,,,131.5243,19.606426,0.49517238,131.5243,19.606426,0.15718101,,,,,,,,,,,,,,,,,131.5243,19.696365,0.0060896897,131.5243,19.696365,-0.008941221,,,,,,,,,,,,,,,,,,,,,,,,,,,,,131.5243,19.696365,1.0000001e-07,131.5243,19.696365,7.0,,,,,,,
131.5243,19.636406,0.00046110366,131.5243,19.636406,0.0005503495,,,,,,,,,,,,,,,,,,,,,,,,,,,,,,,,,,,,,,,,,,,,,,,,,,,,,,,,,,,,,131.5243,19.636406,-0.35064527,131.5243,19.636406,0.010773685,,,,,,,,,,,,,,,,,131.5243,19.726343,6.19938e-05,131.5243,19.726343,0.016423985,,,,,,,,,,,,,,,,,,,,,,,,,,,,,131.5243,19.726343,1.0000001e-07,131.5243,19.726343,7.0,,,,,,,
131.5243,19.666386,0.0008180871,131.5243,19.666386,0.0007734642,,,,,,,,,,,,,,,,,,,,,,,,,,,,,,,,,,,,,,,,,,,,,,,,,,,,,,,,,,,,,131.5243,19.666386,0.9765843,131.5243,19.666386,0.9379132,,,,,,,,,,,,,,,,,131.5243,19.756323,0.022599705,131.5243,19.756323,0.011202936,,,,,,,,,,,,,,,,,,,,,,,,,,,,,131.5243,19.756323,1.0000001e-07,131.5243,19.756323,7.0,,,,,,,
131.5243,19.696365,0.00065446965,131.5243,19.696365,0.00052060094,,,,,,,,,,,,,,,,,,,,,,,,,,,,,,,,,,,,,,,,,,,,,,,,,,,,,,,,,,,,,131.5243,19.696365,0.3281116,131.5243,19.696365,-0.079594105,,,,,,,,,,,,,,,,,131.5243,19.786303,0.030199816,131.5243,19.786303,-0.018021952,,,,,,,,,,,,,,,,,,,,,,,,,,,,,131.5243,19.786303,1.0000001e-07,131.5243,19.786303,7.0,,,,,,,
131.5243,19.726343,0.0006098467,131.5243,19.726343,0.0007734642,,,,,,,,,,,,,,,,,,,,,,,,,,,,,,,,,,,,,,,,,,,,,,,,,,,,,,,,,,,,,131.5243,19.726343,0.195714,131.5243,19.726343,0.883709,,,,,,,,,,,,,,,,,131.5243,19.816282,0.006362037,131.5243,19.816282,-0.011519326,,,,,,,,,,,,,,,,,,,,,,,,,,,,,131.5243,19.816282,1.0000001e-07,131.5243,19.816282,7.0,,,,,,,
131.5243,19.756323,0.0008032128,131.5243,19.756323,0.00065446965,,,,,,,,,,,,,,,,,,,,,,,,,,,,,,,,,,,,,,,,,,,,,,,,,,,,,,,,,,,,,131.5243,19.756323,0.90589374,131.5243,19.756323,0.46154574,,,,,,,,,,,,,,,,,131.5243,19.84626,0.0008225541,131.5243,19.84626,-0.008142339,,,,,,,,,,,,,,,,,,,,,,,,,,,,,131.5243,19.84626,1.0000001e-07,131.5243,19.84626,7.0,,,,,,,
131.5243,19.786303,0.0008924587,131.5243,19.786303,0.00038673205,,,,,,,,,,,,,,,,,,,,,,,,,,,,,,,,,,,,,,,,,,,,,,,,,,,,,,,,,,,,,131.5243,19.786303,1.2694031,131.5243,19.786303,-0.58206934,,,,,,,,,,,,,,,,,131.5243,19.87624,0.027620226,131.5243,19.87624,-0.008490575,,,,,,,,,,,,,,,,,,,,,,,,,,,,,131.5243,19.87624,1.0000001e-07,131.5243,19.87624,7.0,,,,,,,
131.5243,19.816282,0.00065446965,131.5243,19.816282,0.00047597795,,,,,,,,,,,,,,,,,,,,,,,,,,,,,,,,,,,,,,,,,,,,,,,,,,,,,,,,,,,,,131.5243,19.816282,0.35615313,131.5243,19.816282,-0.22267158,,,,,,,,,,,,,,,,,131.5243,19.90622,0.026611783,131.5243,19.90622,0.0032297308,,,,,,,,,,,,,,,,,,,,,,,,,,,,,131.5243,19.90622,1.0000001e-07,131.5243,19.90622,7.0,,,,,,,
131.5243,19.84626,0.0005652238,131.5243,19.84626,0.00058009813,,,,,,,,,,,,,,,,,,,,,,,,,,,,,,,,,,,,,,,,,,,,,,,,,,,,,,,,,,,,,131.5243,19.84626,0.038723648,131.5243,19.84626,0.13062097,,,,,,,,,,,,,,,,,131.5243,19.9362,0.013975759,131.5243,19.9362,-0.0028717227,,,,,,,,,,,,,,,,,,,,,,,,,,,,,131.5243,19.9362,1.0000001e-07,131.5243,19.9362,7.0,,,,,,,
131.5243,19.87624,0.00081808714,131.5243,19.87624,0.00052060094,,,,,,,,,,,,,,,,,,,,,,,,,,,,,,,,,,,,,,,,,,,,,,,,,,,,,,,,,,,,,131.5243,19.87624,0.95812905,131.5243,19.87624,-0.030511988,,,,,,,,,,,,,,,,,131.5243,19.966177,0.023484694,131.5243,19.966177,0.009102555,,,,,,,,,,,,,,,,,,,,,,,,,,,,,131.5243,19.966177,1.0000001e-07,131.5243,19.966177,7.0,,,,,,,
131.5243,19.90622,0.00087758433,131.5243,19.90622,0.00065446965,,,,,,,,,,,,,,,,,,,,,,,,,,,,,,,,,,,,,,,,,,,,,,,,,,,,,,,,,,,,,131.5243,19.90622,1.2292235,131.5243,19.90622,0.42879233,,,,,,,,,,,,,,,,,131.5243,19.996157,0.0038890243,131.5243,19.996157,0.003206219,,,,,,,,,,,,,,,,,,,,,,,,,,,,,131.5243,19.996157,1.0000001e-07,131.5243,19.996157,7.0,,,,,,,
131.5243,19.9362,0.0007585899,131.5243,19.9362,0.0005503495,,,,,,,,,,,,,,,,,,,,,,,,,,,,,,,,,,,,,,,,,,,,,,,,,,,,,,,,,,,,,131.5243,19.9362,0.7758334,131.5243,19.9362,0.045126576,,,,,,,,,,,,,,,,,,,,,,,,,,,,,,,,,,,,,,,,,,,,,,,,,,,,,,,,,,,,,,,
131.5243,19.966177,0.0008032128,131.5243,19.966177,0.0006395953,,,,,,,,,,,,,,,,,,,,,,,,,,,,,,,,,,,,,,,,,,,,,,,,,,,,,,,,,,,,,131.5243,19.966177,0.94080377,131.5243,19.966177,0.3515454,,,,,,,,,,,,,,,,,,,,,,,,,,,,,,,,,,,,,,,,,,,,,,,,,,,,,,,,,,,,,,,
131.5243,19.996157,0.00059497246,131.5243,19.996157,0.0006098468,,,,,,,,,,,,,,,,,,,,,,,,,,,,,,,,,,,,,,,,,,,,,,,,,,,,,,,,,,,,,131.5243,19.996157,0.13250305,131.5243,19.996157,0.2898815,,,,,,,,,,,,,,,,,,,,,,,,,,,,,,,,,,,,,,,,,,,,,,,,,,,,,,,,,,,,,,,
131.5243,20.026136,0.0006098467,131.5243,20.026136,0.00062472105,,,,,,,,,,,,,,,,,,,,,,,,,,,,,,,,,,,,,,,,,,,,,,,,,,,,,,,,,,,,,131.5243,20.026136,0.16812074,131.5243,20.026136,0.33511195,,,,,,,,,,,,,,,,,,,,,,,,,,,,,,,,,,,,,,,,,,,,,,,,,,,,,,,,,,,,,,,
131.5243,20.056116,0.00050572655,131.5243,20.056116,0.0007139669,,,,,,,,,,,,,,,,,,,,,,,,,,,,,,,,,,,,,,,,,,,,,,,,,,,,,,,,,,,,,131.5243,20.056116,-0.1687116,131.5243,20.056116,0.6485092,,,,,,,,,,,,,,,,,,,,,,,,,,,,,,,,,,,,,,,,,,,,,,,,,,,,,,,,,,,,,,,
131.5243,20.086094,0.00066934404,131.5243,20.086094,0.0005949724,,,,,,,,,,,,,,,,,,,,,,,,,,,,,,,,,,,,,,,,,,,,,,,,,,,,,,,,,,,,,131.5243,20.086094,0.41014937,131.5243,20.086094,0.18845469,,,,,,,,,,,,,,,,,,,,,,,,,,,,,,,,,,,,,,,,,,,,,,,,,,,,,,,,,,,,,,,
131.5243,20.116074,0.0005652238,131.5243,20.116074,0.0003718578,,,,,,,,,,,,,,,,,,,,,,,,,,,,,,,,,,,,,,,,,,,,,,,,,,,,,,,,,,,,,131.5243,20.116074,-0.0070665414,131.5243,20.116074,-0.59912544,,,,,,,,,,,,,,,,,,,,,,,,,,,,,,,,,,,,,,,,,,,,,,,,,,,,,,,,,,,,,,,
131.5243,20.146053,0.00050572655,131.5243,20.146053,0.00062472105,,,,,,,,,,,,,,,,,,,,,,,,,,,,,,,,,,,,,,,,,,,,,,,,,,,,,,,,,,,,,131.5243,20.146053,-0.19688202,131.5243,20.146053,0.30753598,,,,,,,,,,,,,,,,,,,,,,,,,,,,,,,,,,,,,,,,,,,,,,,,,,,,,,,,,,,,,,,
131.5243,20.176033,0.0007437156,131.5243,20.176033,0.00044622936,,,,,,,,,,,,,,,,,,,,,,,,,,,,,,,,,,,,,,,,,,,,,,,,,,,,,,,,,,,,,131.5243,20.176033,0.7182925,131.5243,20.176033,-0.3422099,,,,,,,,,,,,,,,,,,,,,,,,,,,,,,,,,,,,,,,,,,,,,,,,,,,,,,,,,,,,,,,
131.5243,20.20601,0.0006395954,131.5243,20.20601,0.0004611036,,,,,,,,,,,,,,,,,,,,,,,,,,,,,,,,,,,,,,,,,,,,,,,,,,,,,,,,,,,,,131.5243,20.20601,0.34005377,131.5243,20.20601,-0.2807668,,,,,,,,,,,,,,,,,,,,,,,,,,,,,,,,,,,,,,,,,,,,,,,,,,,,,,,,,,,,,,,
131.5243,20.23599,0.0006395954,131.5243,20.23599,0.0005652238,,,,,,,,,,,,,,,,,,,,,,,,,,,,,,,,,,,,,,,,,,,,,,,,,,,,,,,,,,,,,131.5243,20.23599,0.3022858,131.5243,20.23599,0.17463721,,,,,,,,,,,,,,,,,,,,,,,,,,,,,,,,,,,,,,,,,,,,,,,,,,,,,,,,,,,,,,,
131.5243,20.26597,0.0006544697,131.5243,20.26597,0.00044622936,,,,,,,,,,,,,,,,,,,,,,,,,,,,,,,,,,,,,,,,,,,,,,,,,,,,,,,,,,,,,131.5243,20.26597,0.36618137,131.5243,20.26597,-0.31561124,,,,,,,,,,,,,,,,,,,,,,,,,,,,,,,,,,,,,,,,,,,,,,,,,,,,,,,,,,,,,,,
131.5243,20.29595,0.00046110366,131.5243,20.29595,0.00058009813,,,,,,,,,,,,,,,,,,,,,,,,,,,,,,,,,,,,,,,,,,,,,,,,,,,,,,,,,,,,,131.5243,20.29595,-0.37610626,131.5243,20.29595,0.1774452,,,,,,,,,,,,,,,,,,,,,,,,,,,,,,,,,,,,,,,,,,,,,,,,,,,,,,,,,,,,,,,
131.5243,20.325928,0.0006395954,131.5243,20.325928,0.0006098467,,,,,,,,,,,,,,,,,,,,,,,,,,,,,,,,,,,,,,,,,,,,,,,,,,,,,,,,,,,,,131.5243,20.325928,0.33837405,131.5243,20.325928,0.2853399,,,,,,,,,,,,,,,,,,,,,,,,,,,,,,,,,,,,,,,,,,,,,,,,,,,,,,,,,,,,,,,
131.5243,20.355907,0.0006098468,131.5243,20.355907,0.0005949724,,,,,,,,,,,,,,,,,,,,,,,,,,,,,,,,,,,,,,,,,,,,,,,,,,,,,,,,,,,,,131.5243,20.355907,0.21771413,131.5243,20.355907,0.23241867,,,,,,,,,,,,,,,,,,,,,,,,,,,,,,,,,,,,,,,,,,,,,,,,,,,,,,,,,,,,,,,
131.5243,20.385887,0.00058009813,131.5243,20.385887,0.00052060094,,,,,,,,,,,,,,,,,,,,,,,,,,,,,,,,,,,,,,,,,,,,,,,,,,,,,,,,,,,,,131.5243,20.385887,0.07770118,131.5243,20.385887,-0.0895152,,,,,,,,,,,,,,,,,,,,,,,,,,,,,,,,,,,,,,,,,,,,,,,,,,,,,,,,,,,,,,,
131.5243,20.415867,0.0006098468,131.5243,20.415867,0.0005503495,,,,,,,,,,,,,,,,,,,,,,,,,,,,,,,,,,,,,,,,,,,,,,,,,,,,,,,,,,,,,131.5243,20.415867,0.16638516,131.5243,20.415867,0.110925645,,,,,,,,,,,,,,,,,,,,,,,,,,,,,,,,,,,,,,,,,,,,,,,,,,,,,,,,,,,,,,,
131.5243,20.445845,0.0006693441,131.5243,20.445845,0.0007883386,,,,,,,,,,,,,,,,,,,,,,,,,,,,,,,,,,,,,,,,,,,,,,,,,,,,,,,,,,,,,131.5243,20.445845,0.4236023,131.5243,20.445845,1.041844,,,,,,,,,,,,,,,,,,,,,,,,,,,,,,,,,,,,,,,,,,,,,,,,,,,,,,,,,,,,,,,
131.5243,20.475824,0.0005354752,131.5243,20.475824,0.0004908523,,,,,,,,,,,,,,,,,,,,,,,,,,,,,,,,,,,,,,,,,,,,,,,,,,,,,,,,,,,,,131.5243,20.475824,-0.11222715,131.5243,20.475824,-0.16695386,,,,,,,,,,,,,,,,,,,,,,,,,,,,,,,,,,,,,,,,,,,,,,,,,,,,,,,,,,,,,,,
131.5243,20.505804,0.00074371556,131.5243,20.505804,0.00059497246,,,,,,,,,,,,,,,,,,,,,,,,,,,,,,,,,,,,,,,,,,,,,,,,,,,,,,,,,,,,,131.5243,20.505804,0.69294983,131.5243,20.505804,0.16128619,,,,,,,,,,,,,,,,,,,,,,,,,,,,,,,,,,,,,,,,,,,,,,,,,,,,,,,,,,,,,,,
131.5243,20.535784,0.00065446977,131.5243,20.535784,0.00043135497,,,,,,,,,,,,,,,,,,,,,,,,,,,,,,,,,,,,,,,,,,,,,,,,,,,,,,,,,,,,,131.5243,20.535784,0.37908894,131.5243,20.535784,-0.42896435,,,,,,,,,,,,,,,,,,,,,,,,,,,,,,,,,,,,,,,,,,,,,,,,,,,,,,,,,,,,,,,
131.5243,20.565763,0.00083296146,131.5243,20.565763,0.0006247211,,,,,,,,,,,,,,,,,,,,,,,,,,,,,,,,,,,,,,,,,,,,,,,,,,,,,,,,,,,,,131.5243,20.565763,1.0419029,131.5243,20.565763,0.32016125,,,,,,,,,,,,,,,,,,,,,,,,,,,,,,,,,,,,,,,,,,,,,,,,,,,,,,,,,,,,,,,
131.5243,20.595741,0.00072884123,131.5243,20.595741,0.0004908523,,,,,,,,,,,,,,,,,,,,,,,,,,,,,,,,,,,,,,,,,,,,,,,,,,,,,,,,,,,,,131.5243,20.595741,0.5974279,131.5243,20.595741,-0.18692452,,,,,,,,,,,,,,,,,,,,,,,,,,,,,,,,,,,,,,,,,,,,,,,,,,,,,,,,,,,,,,,
131.5243,20.625721,0.00069909263,131.5243,20.625721,0.00050572655,,,,,,,,,,,,,,,,,,,,,,,,,,,,,,,,,,,,,,,,,,,,,,,,,,,,,,,,,,,,,131.5243,20.625721,0.5052001,131.5243,20.625721,-0.07877999,,,,,,,,,,,,,,,,,,,,,,,,,,,,,,,,,,,,,,,,,,,,,,,,,,,,,,,,,,,,,,,
131.5243,20.6557,0.0006842183,131.5243,20.6557,0.00047597795,,,,,,,,,,,,,,,,,,,,,,,,,,,,,,,,,,,,,,,,,,,,,,,,,,,,,,,,,,,,,131.5243,20.6557,0.46672645,131.5243,20.6557,-0.24875468,,,,,,,,,,,,,,,,,,,,,,,,,,,,,,,,,,,,,,,,,,,,,,,,,,,,,,,,,,,,,,,
131.5243,20.68568,0.0006395954,131.5243,20.68568,0.0006544697,,,,,,,,,,,,,,,,,,,,,,,,,,,,,,,,,,,,,,,,,,,,,,,,,,,,,,,,,,,,,131.5243,20.68568,0.31127468,131.5243,20.68568,0.47774976,,,,,,,,,,,,,,,,,,,,,,,,,,,,,,,,,,,,,,,,,,,,,,,,,,,,,,,,,,,,,,,
131.5243,20.715658,0.0005354752,131.5243,20.715658,0.0005949724,,,,,,,,,,,,,,,,,,,,,,,,,,,,,,,,,,,,,,,,,,,,,,,,,,,,,,,,,,,,,131.5243,20.715658,-0.10211834,131.5243,20.715658,0.16184181,,,,,,,,,,,,,,,,,,,,,,,,,,,,,,,,,,,,,,,,,,,,,,,,,,,,,,,,,,,,,,,
131.5243,20.745638,0.00065446965,131.5243,20.745638,0.0004908523,,,,,,,,,,,,,,,,,,,,,,,,,,,,,,,,,,,,,,,,,,,,,,,,,,,,,,,,,,,,,131.5243,20.745638,0.33733383,131.5243,20.745638,-0.22518227,,,,,,,,,,,,,,,,,,,,,,,,,,,,,,,,,,,,,,,,,,,,,,,,,,,,,,,,,,,,,,,
131.5243,20.775618,0.0006990927,131.5243,20.775618,0.00056522386,,,,,,,,,,,,,,,,,,,,,,,,,,,,,,,,,,,,,,,,,,,,,,,,,,,,,,,,,,,,,131.5243,20.775618,0.52714676,131.5243,20.775618,0.10440105,,,,,,,,,,,,,,,,,,,,,,,,,,,,,,,,,,,,,,,,,,,,,,,,,,,,,,,,,,,,,,,
131.5243,20.805597,0.0007437155,131.5243,20.805597,0.0006247212,,,,,,,,,,,,,,,,,,,,,,,,,,,,,,,,,,,,,,,,,,,,,,,,,,,,,,,,,,,,,131.5243,20.805597,0.7000209,131.5243,20.805597,0.33641085,,,,,,,,,,,,,,,,,,,,,,,,,,,,,,,,,,,,,,,,,,,,,,,,,,,,,,,,,,,,,,,
131.5243,20.835575,0.00072884123,131.5243,20.835575,0.00055034953,,,,,,,,,,,,,,,,,,,,,,,,,,,,,,,,,,,,,,,,,,,,,,,,,,,,,,,,,,,,,131.5243,20.835575,0.63745147,131.5243,20.835575,0.074448496,,,,,,,,,,,,,,,,,,,,,,,,,,,,,,,,,,,,,,,,,,,,,,,,,,,,,,,,,,,,,,,
131.5243,20.865555,0.0006395953,131.5243,20.865555,0.0006842183,,,,,,,,,,,,,,,,,,,,,,,,,,,,,,,,,,,,,,,,,,,,,,,,,,,,,,,,,,,,,131.5243,20.865555,0.2885392,131.5243,20.865555,0.5708962,,,,,,,,,,,,,,,,,,,,,,,,,,,,,,,,,,,,,,,,,,,,,,,,,,,,,,,,,,,,,,,
131.5243,20.895535,0.00071396696,131.5243,20.895535,0.0005949724,,,,,,,,,,,,,,,,,,,,,,,,,,,,,,,,,,,,,,,,,,,,,,,,,,,,,,,,,,,,,131.5243,20.895535,0.59253114,131.5243,20.895535,0.21440114,,,,,,,,,,,,,,,,,,,,,,,,,,,,,,,,,,,,,,,,,,,,,,,,,,,,,,,,,,,,,,,
131.5243,20.925514,0.00050572655,131.5243,20.925514,0.00050572655,,,,,,,,,,,,,,,,,,,,,,,,,,,,,,,,,,,,,,,,,,,,,,,,,,,,,,,,,,,,,131.5243,20.925514,-0.16741298,131.5243,20.925514,-0.14498353,,,,,,,,,,,,,,,,,,,,,,,,,,,,,,,,,,,,,,,,,,,,,,,,,,,,,,,,,,,,,,,
131.5243,20.955492,0.00069909263,131.5243,20.955492,0.00050572655,,,,,,,,,,,,,,,,,,,,,,,,,,,,,,,,,,,,,,,,,,,,,,,,,,,,,,,,,,,,,131.5243,20.955492,0.50982785,131.5243,20.955492,-0.12623458,,,,,,,,,,,,,,,,,,,,,,,,,,,,,,,,,,,,,,,,,,,,,,,,,,,,,,,,,,,,,,,
131.5243,20.985472,0.00047597795,131.5243,20.985472,0.00041648067,,,,,,,,,,,,,,,,,,,,,,,,,,,,,,,,,,,,,,,,,,,,,,,,,,,,,,,,,,,,,131.5243,20.985472,-0.3016627,131.5243,20.985472,-0.43574625,,,,,,,,,,,,,,,,,,,,,,,,,,,,,,,,,,,,,,,,,,,,,,,,,,,,,,,,,,,,,,,
131.5243,21.015451,0.0006395954,131.5243,21.015451,0.0004908523,,,,,,,,,,,,,,,,,,,,,,,,,,,,,,,,,,,,,,,,,,,,,,,,,,,,,,,,,,,,,131.5243,21.015451,0.30338484,131.5243,21.015451,-0.16222034,,,,,,,,,,,,,,,,,,,,,,,,,,,,,,,,,,,,,,,,,,,,,,,,,,,,,,,,,,,,,,,
131.5243,21.045431,0.0006395954,131.5243,21.045431,0.0005354752,,,,,,,,,,,,,,,,,,,,,,,,,,,,,,,,,,,,,,,,,,,,,,,,,,,,,,,,,,,,,131.5243,21.045431,0.3072324,131.5243,21.045431,-0.01747726,,,,,,,,,,,,,,,,,,,,,,,,,,,,,,,,,,,,,,,,,,,,,,,,,,,,,,,,,,,,,,,
131.5243,21.075409,0.0005949724,131.5243,21.075409,0.0007437156,,,,,,,,,,,,,,,,,,,,,,,,,,,,,,,,,,,,,,,,,,,,,,,,,,,,,,,,,,,,,131.5243,21.075409,0.15206958,131.5243,21.075409,0.7633733,,,,,,,,,,,,,,,,,,,,,,,,,,,,,,,,,,,,,,,,,,,,,,,,,,,,,,,,,,,,,,,
131.5243,21.105389,0.0006395954,131.5243,21.105389,0.00069909263,,,,,,,,,,,,,,,,,,,,,,,,,,,,,,,,,,,,,,,,,,,,,,,,,,,,,,,,,,,,,131.5243,21.105389,0.30855963,131.5243,21.105389,0.63482,,,,,,,,,,,,,,,,,,,,,,,,,,,,,,,,,,,,,,,,,,,,,,,,,,,,,,,,,,,,,,,
131.5243,21.135368,0.0005503495,131.5243,21.135368,0.00072884123,,,,,,,,,,,,,,,,,,,,,,,,,,,,,,,,,,,,,,,,,,,,,,,,,,,,,,,,,,,,,131.5243,21.135368,-0.050519817,131.5243,21.135368,0.7281726,,,,,,,,,,,,,,,,,,,,,,,,,,,,,,,,,,,,,,,,,,,,,,,,,,,,,,,,,,,,,,,
131.5243,21.165348,0.00062472105,131.5243,21.165348,0.00041648073,,,,,,,,,,,,,,,,,,,,,,,,,,,,,,,,,,,,,,,,,,,,,,,,,,,,,,,,,,,,,131.5243,21.165348,0.25307116,131.5243,21.165348,-0.42143705,,,,,,,,,,,,,,,,,,,,,,,,,,,,,,,,,,,,,,,,,,,,,,,,,,,,,,,,,,,,,,,
131.5243,21.195326,0.0006098467,131.5243,21.195326,0.00062472105,,,,,,,,,,,,,,,,,,,,,,,,,,,,,,,,,,,,,,,,,,,,,,,,,,,,,,,,,,,,,131.5243,21.195326,0.15220292,131.5243,21.195326,0.3337468,,,,,,,,,,,,,,,,,,,,,,,,,,,,,,,,,,,,,,,,,,,,,,,,,,,,,,,,,,,,,,,
131.5243,21.225306,0.00068421825,131.5243,21.225306,0.00059497246,,,,,,,,,,,,,,,,,,,,,,,,,,,,,,,,,,,,,,,,,,,,,,,,,,,,,,,,,,,,,131.5243,21.225306,0.46367475,131.5243,21.225306,0.23555711,,,,,,,,,,,,,,,,,,,,,,,,,,,,,,,,,,,,,,,,,,,,,,,,,,,,,,,,,,,,,,,
131.5243,21.255285,0.0007437155,131.5243,21.255285,0.00060984684,,,,,,,,,,,,,,,,,,,,,,,,,,,,,,,,,,,,,,,,,,,,,,,,,,,,,,,,,,,,,131.5243,21.255285,0.6836805,131.5243,21.255285,0.26780686,,,,,,,,,,,,,,,,,,,,,,,,,,,,,,,,,,,,,,,,,,,,,,,,,,,,,,,,,,,,,,,
131.5243,21.285265,0.00080321287,131.5243,21.285265,0.0005503495,,,,,,,,,,,,,,,,,,,,,,,,,,,,,,,,,,,,,,,,,,,,,,,,,,,,,,,,,,,,,131.5243,21.285265,0.9304368,131.5243,21.285265,0.048108954,,,,,,,,,,,,,,,,,,,,,,,,,,,,,,,,,,,,,,,,,,,,,,,,,,,,,,,,,,,,,,,
131.5243,21.315243,0.00069909263,131.5243,21.315243,0.0005503495,,,,,,,,,,,,,,,,,,,,,,,,,,,,,,,,,,,,,,,,,,,,,,,,,,,,,,,,,,,,,131.5243,21.315243,0.5228709,131.5243,21.315243,0.03958106,,,,,,,,,,,,,,,,,,,,,,,,,,,,,,,,,,,,,,,,,,,,,,,,,,,,,,,,,,,,,,,
131.5243,21.345222,0.00074371556,131.5243,21.345222,0.00063959544,,,,,,,,,,,,,,,,,,,,,,,,,,,,,,,,,,,,,,,,,,,,,,,,,,,,,,,,,,,,,131.5243,21.345222,0.7178333,131.5243,21.345222,0.43881088,,,,,,,,,,,,,,,,,,,,,,,,,,,,,,,,,,,,,,,,,,,,,,,,,,,,,,,,,,,,,,,
131.5243,21.375202,0.0005949724,131.5243,21.375202,0.00050572655,,,,,,,,,,,,,,,,,,,,,,,,,,,,,,,,,,,,,,,,,,,,,,,,,,,,,,,,,,,,,131.5243,21.375202,0.14975928,131.5243,21.375202,-0.13302253,,,,,,,,,,,,,,,,,,,,,,,,,,,,,,,,,,,,,,,,,,,,,,,,,,,,,,,,,,,,,,,
131.5243,21.405182,0.00071396696,131.5243,21.405182,0.0006395954,,,,,,,,,,,,,,,,,,,,,,,,,,,,,,,,,,,,,,,,,,,,,,,,,,,,,,,,,,,,,131.5243,21.405182,0.56093395,131.5243,21.405182,0.38497818,,,,,,,,,,,,,,,,,,,,,,,,,,,,,,,,,,,,,,,,,,,,,,,,,,,,,,,,,,,,,,,
131.5243,21.435162,0.0006544697,131.5243,21.435162,0.00053547526,,,,,,,,,,,,,,,,,,,,,,,,,,,,,,,,,,,,,,,,,,,,,,,,,,,,,,,,,,,,,131.5243,21.435162,0.3351651,131.5243,21.435162,0.006374227,,,,,,,,,,,,,,,,,,,,,,,,,,,,,,,,,,,,,,,,,,,,,,,,,,,,,,,,,,,,,,,
131.5243,21.46514,0.0005949724,131.5243,21.46514,0.0006098467,,,,,,,,,,,,,,,,,,,,,,,,,,,,,,,,,,,,,,,,,,,,,,,,,,,,,,,,,,,,,131.5243,21.46514,0.11816522,131.5243,21.46514,0.31257048,,,,,,,,,,,,,,,,,,,,,,,,,,,,,,,,,,,,,,,,,,,,,,,,,,,,,,,,,,,,,,,
131.5243,21.49512,0.00065446965,131.5243,21.49512,0.00059497246,,,,,,,,,,,,,,,,,,,,,,,,,,,,,,,,,,,,,,,,,,,,,,,,,,,,,,,,,,,,,131.5243,21.49512,0.33208555,131.5243,21.49512,0.20613363,,,,,,,,,,,,,,,,,,,,,,,,,,,,,,,,,,,,,,,,,,,,,,,,,,,,,,,,,,,,,,,
131.5243,21.525099,0.00062472105,131.5243,21.525099,0.0005354752,,,,,,,,,,,,,,,,,,,,,,,,,,,,,,,,,,,,,,,,,,,,,,,,,,,,,,,,,,,,,131.5243,21.525099,0.22645897,131.5243,21.525099,-0.044780776,,,,,,,,,,,,,,,,,,,,,,,,,,,,,,,,,,,,,,,,,,,,,,,,,,,,,,,,,,,,,,,
131.5243,21.555079,0.00069909263,131.5243,21.555079,0.00062472105,,,,,,,,,,,,,,,,,,,,,,,,,,,,,,,,,,,,,,,,,,,,,,,,,,,,,,,,,,,,,131.5243,21.555079,0.52862746,131.5243,21.555079,0.34607828,,,,,,,,,,,,,,,,,,,,,,,,,,,,,,,,,,,,,,,,,,,,,,,,,,,,,,,,,,,,,,,
131.5243,21.585056,0.00072884123,131.5243,21.585056,0.0006544697,,,,,,,,,,,,,,,,,,,,,,,,,,,,,,,,,,,,,,,,,,,,,,,,,,,,,,,,,,,,,131.5243,21.585056,0.618603,131.5243,21.585056,0.39033768,,,,,,,,,,,,,,,,,,,,,,,,,,,,,,,,,,,,,,,,,,,,,,,,,,,,,,,,,,,,,,,
131.5243,21.615036,0.0007585899,131.5243,21.615036,0.00059497246,,,,,,,,,,,,,,,,,,,,,,,,,,,,,,,,,,,,,,,,,,,,,,,,,,,,,,,,,,,,,131.5243,21.615036,0.77038544,131.5243,21.615036,0.2695142,,,,,,,,,,,,,,,,,,,,,,,,,,,,,,,,,,,,,,,,,,,,,,,,,,,,,,,,,,,,,,,
131.5243,21.645016,0.00074371556,131.5243,21.645016,0.00044622936,,,,,,,,,,,,,,,,,,,,,,,,,,,,,,,,,,,,,,,,,,,,,,,,,,,,,,,,,,,,,131.5243,21.645016,0.6907693,131.5243,21.645016,-0.3320507,,,,,,,,,,,,,,,,,,,,,,,,,,,,,,,,,,,,,,,,,,,,,,,,,,,,,,,,,,,,,,,
131.5243,21.674995,0.0005503495,131.5243,21.674995,0.00050572655,,,,,,,,,,,,,,,,,,,,,,,,,,,,,,,,,,,,,,,,,,,,,,,,,,,,,,,,,,,,,131.5243,21.674995,-0.0060802037,131.5243,21.674995,-0.14210163,,,,,,,,,,,,,,,,,,,,,,,,,,,,,,,,,,,,,,,,,,,,,,,,,,,,,,,,,,,,,,,
131.5243,21.704973,0.00069909263,131.5243,21.704973,0.0004462293,,,,,,,,,,,,,,,,,,,,,,,,,,,,,,,,,,,,,,,,,,,,,,,,,,,,,,,,,,,,,131.5243,21.704973,0.5479071,131.5243,21.704973,-0.37611413,,,,,,,,,,,,,,,,,,,,,,,,,,,,,,,,,,,,,,,,,,,,,,,,,,,,,,,,,,,,,,,
131.5243,21.734953,0.0007734642,131.5243,21.734953,0.0004908522,,,,,,,,,,,,,,,,,,,,,,,,,,,,,,,,,,,,,,,,,,,,,,,,,,,,,,,,,,,,,131.5243,21.734953,0.7919338,131.5243,21.734953,-0.17826714,,,,,,,,,,,,,,,,,,,,,,,,,,,,,,,,,,,,,,,,,,,,,,,,,,,,,,,,,,,,,,,
131.5243,21.764933,0.00044622936,131.5243,21.764933,0.00050572655,,,,,,,,,,,,,,,,,,,,,,,,,,,,,,,,,,,,,,,,,,,,,,,,,,,,,,,,,,,,,131.5243,21.764933,-0.43043798,131.5243,21.764933,-0.12308571,,,,,,,,,,,,,,,,,,,,,,,,,,,,,,,,,,,,,,,,,,,,,,,,,,,,,,,,,,,,,,,
131.5243,21.794912,0.00062472105,131.5243,21.794912,0.0006098468,,,,,,,,,,,,,,,,,,,,,,,,,,,,,,,,,,,,,,,,,,,,,,,,,,,,,,,,,,,,,131.5243,21.794912,0.2616561,131.5243,21.794912,0.22510499,,,,,,,,,,,,,,,,,,,,,,,,,,,,,,,,,,,,,,,,,,,,,,,,,,,,,,,,,,,,,,,
131.5243,21.82489,0.00065446965,131.5243,21.82489,0.00058009813,,,,,,,,,,,,,,,,,,,,,,,,,,,,,,,,,,,,,,,,,,,,,,,,,,,,,,,,,,,,,131.5243,21.82489,0.37533748,131.5243,21.82489,0.13363998,,,,,,,,,,,,,,,,,,,,,,,,,,,,,,,,,,,,,,,,,,,,,,,,,,,,,,,,,,,,,,,
131.5243,21.85487,0.0005652238,131.5243,21.85487,0.00072884123,,,,,,,,,,,,,,,,,,,,,,,,,,,,,,,,,,,,,,,,,,,,,,,,,,,,,,,,,,,,,131.5243,21.85487,0.014552116,131.5243,21.85487,0.77660984,,,,,,,,,,,,,,,,,,,,,,,,,,,,,,,,,,,,,,,,,,,,,,,,,,,,,,,,,,,,,,,
131.5243,21.88485,0.0005503495,131.5243,21.88485,0.00041648073,,,,,,,,,,,,,,,,,,,,,,,,,,,,,,,,,,,,,,,,,,,,,,,,,,,,,,,,,,,,,131.5243,21.88485,-0.058143575,131.5243,21.88485,-0.46350077,,,,,,,,,,,,,,,,,,,,,,,,,,,,,,,,,,,,,,,,,,,,,,,,,,,,,,,,,,,,,,,
131.5243,21.91483,0.0006693441,131.5243,21.91483,0.0004611036,,,,,,,,,,,,,,,,,,,,,,,,,,,,,,,,,,,,,,,,,,,,,,,,,,,,,,,,,,,,,131.5243,21.91483,0.4149099,131.5243,21.91483,-0.31782192,,,,,,,,,,,,,,,,,,,,,,,,,,,,,,,,,,,,,,,,,,,,,,,,,,,,,,,,,,,,,,,
131.5243,21.944807,0.00047597795,131.5243,21.944807,0.00035698345,,,,,,,,,,,,,,,,,,,,,,,,,,,,,,,,,,,,,,,,,,,,,,,,,,,,,,,,,,,,,131.5243,21.944807,-0.30594724,131.5243,21.944807,-0.7199675,,,,,,,,,,,,,,,,,,,,,,,,,,,,,,,,,,,,,,,,,,,,,,,,,,,,,,,,,,,,,,,
131.5243,21.974787,0.0005206009,131.5243,21.974787,0.00055034953,,,,,,,,,,,,,,,,,,,,,,,,,,,,,,,,,,,,,,,,,,,,,,,,,,,,,,,,,,,,,131.5243,21.974787,-0.123275556,131.5243,21.974787,0.14048146,,,,,,,,,,,,,,,,,,,,,,,,,,,,,,,,,,,,,,,,,,,,,,,,,,,,,,,,,,,,,,,
131.5243,22.004766,0.0007437156,131.5243,22.004766,0.0005949724,,,,,,,,,,,,,,,,,,,,,,,,,,,,,,,,,,,,,,,,,,,,,,,,,,,,,,,,,,,,,131.5243,22.004766,0.6920309,131.5243,22.004766,0.23613733,,,,,,,,,,,,,,,,,,,,,,,,,,,,,,,,,,,,,,,,,,,,,,,,,,,,,,,,,,,,,,,
131.5243,22.034746,0.0006098468,131.5243,22.034746,0.0004611036,,,,,,,,,,,,,,,,,,,,,,,,,,,,,,,,,,,,,,,,,,,,,,,,,,,,,,,,,,,,,131.5243,22.034746,0.22042353,131.5243,22.034746,-0.3294338,,,,,,,,,,,,,,,,,,,,,,,,,,,,,,,,,,,,,,,,,,,,,,,,,,,,,,,,,,,,,,,
131.5243,22.064724,0.00062472105,131.5243,22.064724,0.00058009813,,,,,,,,,,,,,,,,,,,,,,,,,,,,,,,,,,,,,,,,,,,,,,,,,,,,,,,,,,,,,131.5243,22.064724,0.22251984,131.5243,22.064724,0.14351127,,,,,,,,,,,,,,,,,,,,,,,,,,,,,,,,,,,,,,,,,,,,,,,,,,,,,,,,,,,,,,,
131.5243,22.094704,0.00050572655,131.5243,22.094704,0.0005949724,,,,,,,,,,,,,,,,,,,,,,,,,,,,,,,,,,,,,,,,,,,,,,,,,,,,,,,,,,,,,131.5243,22.094704,-0.19131213,131.5243,22.094704,0.22825652,,,,,,,,,,,,,,,,,,,,,,,,,,,,,,,,,,,,,,,,,,,,,,,,,,,,,,,,,,,,,,,
131.5243,22.124683,0.0007139669,131.5243,22.124683,0.0005949724,,,,,,,,,,,,,,,,,,,,,,,,,,,,,,,,,,,,,,,,,,,,,,,,,,,,,,,,,,,,,131.5243,22.124683,0.5815523,131.5243,22.124683,0.1829884,,,,,,,,,,,,,,,,,,,,,,,,,,,,,,,,,,,,,,,,,,,,,,,,,,,,,,,,,,,,,,,
131.5243,22.154663,0.00068421836,131.5243,22.154663,0.00052060094,,,,,,,,,,,,,,,,,,,,,,,,,,,,,,,,,,,,,,,,,,,,,,,,,,,,,,,,,,,,,131.5243,22.154663,0.47865403,131.5243,22.154663,-0.07689517,,,,,,,,,,,,,,,,,,,,,,,,,,,,,,,,,,,,,,,,,,,,,,,,,,,,,,,,,,,,,,,
131.5243,22.184643,0.000713967,131.5243,22.184643,0.00047597795,,,,,,,,,,,,,,,,,,,,,,,,,,,,,,,,,,,,,,,,,,,,,,,,,,,,,,,,,,,,,131.5243,22.184643,0.58605504,131.5243,22.184643,-0.22301954,,,,,,,,,,,,,,,,,,,,,,,,,,,,,,,,,,,,,,,,,,,,,,,,,,,,,,,,,,,,,,,
131.5243,22.21462,0.0005652238,131.5243,22.21462,0.00050572655,,,,,,,,,,,,,,,,,,,,,,,,,,,,,,,,,,,,,,,,,,,,,,,,,,,,,,,,,,,,,131.5243,22.21462,0.0146193765,131.5243,22.21462,-0.13448972,,,,,,,,,,,,,,,,,,,,,,,,,,,,,,,,,,,,,,,,,,,,,,,,,,,,,,,,,,,,,,,
131.5243,22.2446,0.0005949724,131.5243,22.2446,0.00069909263,,,,,,,,,,,,,,,,,,,,,,,,,,,,,,,,,,,,,,,,,,,,,,,,,,,,,,,,,,,,,131.5243,22.2446,0.14261037,131.5243,22.2446,0.6158016,,,,,,,,,,,,,,,,,,,,,,,,,,,,,,,,,,,,,,,,,,,,,,,,,,,,,,,,,,,,,,,
131.5243,22.27458,0.00074371556,131.5243,22.27458,0.0007734642,,,,,,,,,,,,,,,,,,,,,,,,,,,,,,,,,,,,,,,,,,,,,,,,,,,,,,,,,,,,,131.5243,22.27458,0.7230358,131.5243,22.27458,0.89397526,,,,,,,,,,,,,,,,,,,,,,,,,,,,,,,,,,,,,,,,,,,,,,,,,,,,,,,,,,,,,,,
131.5243,22.30456,0.0005206009,131.5243,22.30456,0.00038673208,,,,,,,,,,,,,,,,,,,,,,,,,,,,,,,,,,,,,,,,,,,,,,,,,,,,,,,,,,,,,131.5243,22.30456,-0.13374469,131.5243,22.30456,-0.54722565,,,,,,,,,,,,,,,,,,,,,,,,,,,,,,,,,,,,,,,,,,,,,,,,,,,,,,,,,,,,,,,
131.5243,22.334538,0.0008032128,131.5243,22.334538,0.00046110366,,,,,,,,,,,,,,,,,,,,,,,,,,,,,,,,,,,,,,,,,,,,,,,,,,,,,,,,,,,,,131.5243,22.334538,0.91967034,131.5243,22.334538,-0.27896166,,,,,,,,,,,,,,,,,,,,,,,,,,,,,,,,,,,,,,,,,,,,,,,,,,,,,,,,,,,,,,,
131.5243,22.364517,0.00086271006,131.5243,22.364517,0.0006098468,,,,,,,,,,,,,,,,,,,,,,,,,,,,,,,,,,,,,,,,,,,,,,,,,,,,,,,,,,,,,131.5243,22.364517,1.1708791,131.5243,22.364517,0.25675339,,,,,,,,,,,,,,,,,,,,,,,,,,,,,,,,,,,,,,,,,,,,,,,,,,,,,,,,,,,,,,,
131.5243,22.394497,0.0005949724,131.5243,22.394497,0.0005503495,,,,,,,,,,,,,,,,,,,,,,,,,,,,,,,,,,,,,,,,,,,,,,,,,,,,,,,,,,,,,131.5243,22.394497,0.15339607,131.5243,22.394497,0.080093786,,,,,,,,,,,,,,,,,,,,,,,,,,,,,,,,,,,,,,,,,,,,,,,,,,,,,,,,,,,,,,,
131.5243,22.424477,0.0006098468,131.5243,22.424477,0.00041648067,,,,,,,,,,,,,,,,,,,,,,,,,,,,,,,,,,,,,,,,,,,,,,,,,,,,,,,,,,,,,131.5243,22.424477,0.183981,131.5243,22.424477,-0.44645125,,,,,,,,,,,,,,,,,,,,,,,,,,,,,,,,,,,,,,,,,,,,,,,,,,,,,,,,,,,,,,,
131.5243,22.454454,0.0004908523,131.5243,22.454454,0.00038673205,,,,,,,,,,,,,,,,,,,,,,,,,,,,,,,,,,,,,,,,,,,,,,,,,,,,,,,,,,,,,131.5243,22.454454,-0.23154473,131.5243,22.454454,-0.5943626,,,,,,,,,,,,,,,,,,,,,,,,,,,,,,,,,,,,,,,,,,,,,,,,,,,,,,,,,,,,,,,
131.5243,22.484434,0.00062472105,131.5243,22.484434,0.0005354752,,,,,,,,,,,,,,,,,,,,,,,,,,,,,,,,,,,,,,,,,,,,,,,,,,,,,,,,,,,,,131.5243,22.484434,0.27411544,131.5243,22.484434,0.012307744,,,,,,,,,,,,,,,,,,,,,,,,,,,,,,,,,,,,,,,,,,,,,,,,,,,,,,,,,,,,,,,
131.5243,22.514414,0.0005503495,131.5243,22.514414,0.0004908523,,,,,,,,,,,,,,,,,,,,,,,,,,,,,,,,,,,,,,,,,,,,,,,,,,,,,,,,,,,,,131.5243,22.514414,-0.0538453,131.5243,22.514414,-0.21045467,,,,,,,,,,,,,,,,,,,,,,,,,,,,,,,,,,,,,,,,,,,,,,,,,,,,,,,,,,,,,,,
131.5243,22.544394,0.00072884123,131.5243,22.544394,0.00050572655,,,,,,,,,,,,,,,,,,,,,,,,,,,,,,,,,,,,,,,,,,,,,,,,,,,,,,,,,,,,,131.5243,22.544394,0.62300706,131.5243,22.544394,-0.11076387,,,,,,,,,,,,,,,,,,,,,,,,,,,,,,,,,,,,,,,,,,,,,,,,,,,,,,,,,,,,,,,
131.5243,22.574371,0.0004908523,131.5243,22.574371,0.00068421825,,,,,,,,,,,,,,,,,,,,,,,,,,,,,,,,,,,,,,,,,,,,,,,,,,,,,,,,,,,,,131.5243,22.574371,-0.2639166,131.5243,22.574371,0.542842,,,,,,,,,,,,,,,,,,,,,,,,,,,,,,,,,,,,,,,,,,,,,,,,,,,,,,,,,,,,,,,
131.5243,22.604351,0.00071396696,131.5243,22.604351,0.0005652238,,,,,,,,,,,,,,,,,,,,,,,,,,,,,,,,,,,,,,,,,,,,,,,,,,,,,,,,,,,,,131.5243,22.604351,0.60584474,131.5243,22.604351,0.116074,,,,,,,,,,,,,,,,,,,,,,,,,,,,,,,,,,,,,,,,,,,,,,,,,,,,,,,,,,,,,,,
131.5243,22.63433,0.00069909263,131.5243,22.63433,0.000713967,,,,,,,,,,,,,,,,,,,,,,,,,,,,,,,,,,,,,,,,,,,,,,,,,,,,,,,,,,,,,131.5243,22.63433,0.50986326,131.5243,22.63433,0.6748472,,,,,,,,,,,,,,,,,,,,,,,,,,,,,,,,,,,,,,,,,,,,,,,,,,,,,,,,,,,,,,,
131.5243,22.66431,0.0006544697,131.5243,22.66431,0.0005354752,,,,,,,,,,,,,,,,,,,,,,,,,,,,,,,,,,,,,,,,,,,,,,,,,,,,,,,,,,,,,131.5243,22.66431,0.36812305,131.5243,22.66431,-0.049197912,,,,,,,,,,,,,,,,,,,,,,,,,,,,,,,,,,,,,,,,,,,,,,,,,,,,,,,,,,,,,,,
131.5243,22.694288,0.0006395953,131.5243,22.694288,0.0005652238,,,,,,,,,,,,,,,,,,,,,,,,,,,,,,,,,,,,,,,,,,,,,,,,,,,,,,,,,,,,,131.5243,22.694288,0.3131421,131.5243,22.694288,0.058374796,,,,,,,,,,,,,,,,,,,,,,,,,,,,,,,,,,,,,,,,,,,,,,,,,,,,,,,,,,,,,,,
131.5243,22.724268,0.0005206008,131.5243,22.724268,0.0005503495,,,,,,,,,,,,,,,,,,,,,,,,,,,,,,,,,,,,,,,,,,,,,,,,,,,,,,,,,,,,,131.5243,22.724268,-0.1321051,131.5243,22.724268,0.025753604,,,,,,,,,,,,,,,,,,,,,,,,,,,,,,,,,,,,,,,,,,,,,,,,,,,,,,,,,,,,,,,
131.5243,22.754248,0.0005949724,131.5243,22.754248,0.00047597795,,,,,,,,,,,,,,,,,,,,,,,,,,,,,,,,,,,,,,,,,,,,,,,,,,,,,,,,,,,,,131.5243,22.754248,0.12490515,131.5243,22.754248,-0.20406474,,,,,,,,,,,,,,,,,,,,,,,,,,,,,,,,,,,,,,,,,,,,,,,,,,,,,,,,,,,,,,,
131.5243,22.784227,0.0005206008,131.5243,22.784227,0.0004908523,,,,,,,,,,,,,,,,,,,,,,,,,,,,,,,,,,,,,,,,,,,,,,,,,,,,,,,,,,,,,131.5243,22.784227,-0.15379149,131.5243,22.784227,-0.19736773,,,,,,,,,,,,,,,,,,,,,,,,,,,,,,,,,,,,,,,,,,,,,,,,,,,,,,,,,,,,,,,
131.5243,22.814205,0.0006395953,131.5243,22.814205,0.00068421836,,,,,,,,,,,,,,,,,,,,,,,,,,,,,,,,,,,,,,,,,,,,,,,,,,,,,,,,,,,,,131.5243,22.814205,0.3090654,131.5243,22.814205,0.6075236,,,,,,,,,,,,,,,,,,,,,,,,,,,,,,,,,,,,,,,,,,,,,,,,,,,,,,,,,,,,,,,
131.5243,22.844185,0.0005652238,131.5243,22.844185,0.0005949724,,,,,,,,,,,,,,,,,,,,,,,,,,,,,,,,,,,,,,,,,,,,,,,,,,,,,,,,,,,,,131.5243,22.844185,0.018439677,131.5243,22.844185,0.23249987,,,,,,,,,,,,,,,,,,,,,,,,,,,,,,,,,,,,,,,,,,,,,,,,,,,,,,,,,,,,,,,
131.5243,22.874165,0.0006395953,131.5243,22.874165,0.0005949724,,,,,,,,,,,,,,,,,,,,,,,,,,,,,,,,,,,,,,,,,,,,,,,,,,,,,,,,,,,,,131.5243,22.874165,0.32701147,131.5243,22.874165,0.19521207,,,,,,,,,,,,,,,,,,,,,,,,,,,,,,,,,,,,,,,,,,,,,,,,,,,,,,,,,,,,,,,
131.5243,22.904144,0.0006544697,131.5243,22.904144,0.00062472105,,,,,,,,,,,,,,,,,,,,,,,,,,,,,,,,,,,,,,,,,,,,,,,,,,,,,,,,,,,,,131.5243,22.904144,0.32113987,131.5243,22.904144,0.31056476,,,,,,,,,,,,,,,,,,,,,,,,,,,,,,,,,,,,,,,,,,,,,,,,,,,,,,,,,,,,,,,
131.5243,22.934122,0.00055034953,131.5243,22.934122,0.0006990926,,,,,,,,,,,,,,,,,,,,,,,,,,,,,,,,,,,,,,,,,,,,,,,,,,,,,,,,,,,,,131.5243,22.934122,0.0056196186,131.5243,22.934122,0.5877837,,,,,,,,,,,,,,,,,,,,,,,,,,,,,,,,,,,,,,,,,,,,,,,,,,,,,,,,,,,,,,,
131.5243,22.964102,0.0008329614,131.5243,22.964102,0.0005206009,,,,,,,,,,,,,,,,,,,,,,,,,,,,,,,,,,,,,,,,,,,,,,,,,,,,,,,,,,,,,131.5243,22.964102,1.0371876,131.5243,22.964102,-0.08246756,,,,,,,,,,,,,,,,,,,,,,,,,,,,,,,,,,,,,,,,,,,,,,,,,,,,,,,,,,,,,,,
131.5243,22.994081,0.00050572655,131.5243,22.994081,0.0006098468,,,,,,,,,,,,,,,,,,,,,,,,,,,,,,,,,,,,,,,,,,,,,,,,,,,,,,,,,,,,,131.5243,22.994081,-0.19261108,131.5243,22.994081,0.26012006,,,,,,,,,,,,,,,,,,,,,,,,,,,,,,,,,,,,,,,,,,,,,,,,,,,,,,,,,,,,,,,
131.5243,23.024061,0.0005949724,131.5243,23.024061,0.0006544697,,,,,,,,,,,,,,,,,,,,,,,,,,,,,,,,,,,,,,,,,,,,,,,,,,,,,,,,,,,,,131.5243,23.024061,0.1522555,131.5243,23.024061,0.49929464,,,,,,,,,,,,,,,,,,,,,,,,,,,,,,,,,,,,,,,,,,,,,,,,,,,,,,,,,,,,,,,
131.5243,23.05404,0.0006098468,131.5243,23.05404,0.00046110366,,,,,,,,,,,,,,,,,,,,,,,,,,,,,,,,,,,,,,,,,,,,,,,,,,,,,,,,,,,,,131.5243,23.05404,0.18675746,131.5243,23.05404,-0.2658298,,,,,,,,,,,,,,,,,,,,,,,,,,,,,,,,,,,,,,,,,,,,,,,,,,,,,,,,,,,,,,,
131.5243,23.084019,0.00044622936,131.5243,23.084019,0.00041648067,,,,,,,,,,,,,,,,,,,,,,,,,,,,,,,,,,,,,,,,,,,,,,,,,,,,,,,,,,,,,131.5243,23.084019,-0.4304606,131.5243,23.084019,-0.47608936,,,,,,,,,,,,,,,,,,,,,,,,,,,,,,,,,,,,,,,,,,,,,,,,,,,,,,,,,,,,,,,
131.5243,23.113998,0.00041648067,131.5243,23.113998,0.0005354752,,,,,,,,,,,,,,,,,,,,,,,,,,,,,,,,,,,,,,,,,,,,,,,,,,,,,,,,,,,,,131.5243,23.113998,-0.5192121,131.5243,23.113998,-0.031607375,,,,,,,,,,,,,,,,,,,,,,,,,,,,,,,,,,,,,,,,,,,,,,,,,,,,,,,,,,,,,,,
131.5243,23.143978,0.00065446965,131.5243,23.143978,0.00050572655,,,,,,,,,,,,,,,,,,,,,,,,,,,,,,,,,,,,,,,,,,,,,,,,,,,,,,,,,,,,,131.5243,23.143978,0.36528674,131.5243,23.143978,-0.09354372,,,,,,,,,,,,,,,,,,,,,,,,,,,,,,,,,,,,,,,,,,,,,,,,,,,,,,,,,,,,,,,
131.5243,23.173958,0.0007585898,131.5243,23.173958,0.0005206009,,,,,,,,,,,,,,,,,,,,,,,,,,,,,,,,,,,,,,,,,,,,,,,,,,,,,,,,,,,,,131.5243,23.173958,0.79896337,131.5243,23.173958,-0.058508582,,,,,,,,,,,,,,,,,,,,,,,,,,,,,,,,,,,,,,,,,,,,,,,,,,,,,,,,,,,,,,,
131.5243,23.203936,0.0006395954,131.5243,23.203936,0.00050572655,,,,,,,,,,,,,,,,,,,,,,,,,,,,,,,,,,,,,,,,,,,,,,,,,,,,,,,,,,,,,131.5243,23.203936,0.3452172,131.5243,23.203936,-0.12255278,,,,,,,,,,,,,,,,,,,,,,,,,,,,,,,,,,,,,,,,,,,,,,,,,,,,,,,,,,,,,,,
131.5243,23.233915,0.0006842183,131.5243,23.233915,0.00055034953,,,,,,,,,,,,,,,,,,,,,,,,,,,,,,,,,,,,,,,,,,,,,,,,,,,,,,,,,,,,,131.5243,23.233915,0.4877456,131.5243,23.233915,0.074121855,,,,,,,,,,,,,,,,,,,,,,,,,,,,,,,,,,,,,,,,,,,,,,,,,,,,,,,,,,,,,,,
131.5243,23.263895,0.0005652238,131.5243,23.263895,0.00046110366,,,,,,,,,,,,,,,,,,,,,,,,,,,,,,,,,,,,,,,,,,,,,,,,,,,,,,,,,,,,,131.5243,23.263895,0.009563287,131.5243,23.263895,-0.31053746,,,,,,,,,,,,,,,,,,,,,,,,,,,,,,,,,,,,,,,,,,,,,,,,,,,,,,,,,,,,,,,
131.5243,23.293875,0.0005652238,131.5243,23.293875,0.0005057266,,,,,,,,,,,,,,,,,,,,,,,,,,,,,,,,,,,,,,,,,,,,,,,,,,,,,,,,,,,,,131.5243,23.293875,0.049586058,131.5243,23.293875,-0.17072003,,,,,,,,,,,,,,,,,,,,,,,,,,,,,,,,,,,,,,,,,,,,,,,,,,,,,,,,,,,,,,,
131.5243,23.323853,0.00083296146,131.5243,23.323853,0.0006395954,,,,,,,,,,,,,,,,,,,,,,,,,,,,,,,,,,,,,,,,,,,,,,,,,,,,,,,,,,,,,131.5243,23.323853,1.064825,131.5243,23.323853,0.40096802,,,,,,,,,,,,,,,,,,,,,,,,,,,,,,,,,,,,,,,,,,,,,,,,,,,,,,,,,,,,,,,
131.5243,23.353832,0.0007437156,131.5243,23.353832,0.0006544697,,,,,,,,,,,,,,,,,,,,,,,,,,,,,,,,,,,,,,,,,,,,,,,,,,,,,,,,,,,,,131.5243,23.353832,0.7088326,131.5243,23.353832,0.44374055,,,,,,,,,,,,,,,,,,,,,,,,,,,,,,,,,,,,,,,,,,,,,,,,,,,,,,,,,,,,,,,
131.5243,23.383812,0.00050572655,131.5243,23.383812,0.00065446977,,,,,,,,,,,,,,,,,,,,,,,,,,,,,,,,,,,,,,,,,,,,,,,,,,,,,,,,,,,,,131.5243,23.383812,-0.20240644,131.5243,23.383812,0.4120034,,,,,,,,,,,,,,,,,,,,,,,,,,,,,,,,,,,,,,,,,,,,,,,,,,,,,,,,,,,,,,,
131.5243,23.413792,0.00062472105,131.5243,23.413792,0.0005354752,,,,,,,,,,,,,,,,,,,,,,,,,,,,,,,,,,,,,,,,,,,,,,,,,,,,,,,,,,,,,131.5243,23.413792,0.25803876,131.5243,23.413792,0.03239072,,,,,,,,,,,,,,,,,,,,,,,,,,,,,,,,,,,,,,,,,,,,,,,,,,,,,,,,,,,,,,,
131.5243,23.44377,0.0006544697,131.5243,23.44377,0.00058009813,,,,,,,,,,,,,,,,,,,,,,,,,,,,,,,,,,,,,,,,,,,,,,,,,,,,,,,,,,,,,131.5243,23.44377,0.35862854,131.5243,23.44377,0.15270363,,,,,,,,,,,,,,,,,,,,,,,,,,,,,,,,,,,,,,,,,,,,,,,,,,,,,,,,,,,,,,,
131.5243,23.47375,0.00040160638,131.5243,23.47375,0.00062472105,,,,,,,,,,,,,,,,,,,,,,,,,,,,,,,,,,,,,,,,,,,,,,,,,,,,,,,,,,,,,131.5243,23.47375,-0.61607814,131.5243,23.47375,0.3144293,,,,,,,,,,,,,,,,,,,,,,,,,,,,,,,,,,,,,,,,,,,,,,,,,,,,,,,,,,,,,,,
131.5243,23.503729,0.000713967,131.5243,23.503729,0.000669344,,,,,,,,,,,,,,,,,,,,,,,,,,,,,,,,,,,,,,,,,,,,,,,,,,,,,,,,,,,,,131.5243,23.503729,0.58863235,131.5243,23.503729,0.5064857,,,,,,,,,,,,,,,,,,,,,,,,,,,,,,,,,,,,,,,,,,,,,,,,,,,,,,,,,,,,,,,
131.5243,23.533709,0.0006395953,131.5243,23.533709,0.0004908523,,,,,,,,,,,,,,,,,,,,,,,,,,,,,,,,,,,,,,,,,,,,,,,,,,,,,,,,,,,,,131.5243,23.533709,0.3189051,131.5243,23.533709,-0.1966647,,,,,,,,,,,,,,,,,,,,,,,,,,,,,,,,,,,,,,,,,,,,,,,,,,,,,,,,,,,,,,,
131.5243,23.563686,0.0006395954,131.5243,23.563686,0.0004759779,,,,,,,,,,,,,,,,,,,,,,,,,,,,,,,,,,,,,,,,,,,,,,,,,,,,,,,,,,,,,131.5243,23.563686,0.28952897,131.5243,23.563686,-0.19686712,,,,,,,,,,,,,,,,,,,,,,,,,,,,,,,,,,,,,,,,,,,,,,,,,,,,,,,,,,,,,,,
131.5243,23.593666,0.00062472105,131.5243,23.593666,0.0005652238,,,,,,,,,,,,,,,,,,,,,,,,,,,,,,,,,,,,,,,,,,,,,,,,,,,,,,,,,,,,,131.5243,23.593666,0.23632796,131.5243,23.593666,0.07189188,,,,,,,,,,,,,,,,,,,,,,,,,,,,,,,,,,,,,,,,,,,,,,,,,,,,,,,,,,,,,,,
131.5243,23.623646,0.0005503495,131.5243,23.623646,0.0004611036,,,,,,,,,,,,,,,,,,,,,,,,,,,,,,,,,,,,,,,,,,,,,,,,,,,,,,,,,,,,,131.5243,23.623646,-0.04109637,131.5243,23.623646,-0.27810618,,,,,,,,,,,,,,,,,,,,,,,,,,,,,,,,,,,,,,,,,,,,,,,,,,,,,,,,,,,,,,,
131.5243,23.653625,0.0005800982,131.5243,23.653625,0.00065446965,,,,,,,,,,,,,,,,,,,,,,,,,,,,,,,,,,,,,,,,,,,,,,,,,,,,,,,,,,,,,131.5243,23.653625,0.0983064,131.5243,23.653625,0.3877411,,,,,,,,,,,,,,,,,,,,,,,,,,,,,,,,,,,,,,,,,,,,,,,,,,,,,,,,,,,,,,,
131.5243,23.683603,0.0009222073,131.5243,23.683603,0.0006395954,,,,,,,,,,,,,,,,,,,,,,,,,,,,,,,,,,,,,,,,,,,,,,,,,,,,,,,,,,,,,131.5243,23.683603,1.4303306,131.5243,23.683603,0.33504474,,,,,,,,,,,,,,,,,,,,,,,,,,,,,,,,,,,,,,,,,,,,,,,,,,,,,,,,,,,,,,,
131.5243,23.713583,0.0006098467,131.5243,23.713583,0.0006098468,,,,,,,,,,,,,,,,,,,,,,,,,,,,,,,,,,,,,,,,,,,,,,,,,,,,,,,,,,,,,131.5243,23.713583,0.18288888,131.5243,23.713583,0.26946244,,,,,,,,,,,,,,,,,,,,,,,,,,,,,,,,,,,,,,,,,,,,,,,,,,,,,,,,,,,,,,,
131.5243,23.743563,0.000713967,131.5243,23.743563,0.0004016064,,,,,,,,,,,,,,,,,,,,,,,,,,,,,,,,,,,,,,,,,,,,,,,,,,,,,,,,,,,,,131.5243,23.743563,0.5410788,131.5243,23.743563,-0.5135126,,,,,,,,,,,,,,,,,,,,,,,,,,,,,,,,,,,,,,,,,,,,,,,,,,,,,,,,,,,,,,,
131.5243,23.773542,0.00041648076,131.5243,23.773542,0.00058009813,,,,,,,,,,,,,,,,,,,,,,,,,,,,,,,,,,,,,,,,,,,,,,,,,,,,,,,,,,,,,131.5243,23.773542,-0.5692604,131.5243,23.773542,0.12419404,,,,,,,,,,,,,,,,,,,,,,,,,,,,,,,,,,,,,,,,,,,,,,,,,,,,,,,,,,,,,,,
131.5243,23.80352,0.000669344,131.5243,23.80352,0.0003718578,,,,,,,,,,,,,,,,,,,,,,,,,,,,,,,,,,,,,,,,,,,,,,,,,,,,,,,,,,,,,131.5243,23.80352,0.40623772,131.5243,23.80352,-0.6016412,,,,,,,,,,,,,,,,,,,,,,,,,,,,,,,,,,,,,,,,,,,,,,,,,,,,,,,,,,,,,,,
131.5243,23.8335,0.0006098467,131.5243,23.8335,0.00041648073,,,,,,,,,,,,,,,,,,,,,,,,,,,,,,,,,,,,,,,,,,,,,,,,,,,,,,,,,,,,,131.5243,23.8335,0.17836004,131.5243,23.8335,-0.46964753,,,,,,,,,,,,,,,,,,,,,,,,,,,,,,,,,,,,,,,,,,,,,,,,,,,,,,,,,,,,,,,
131.5243,23.86348,0.000624721,131.5243,23.86348,0.0004908523,,,,,,,,,,,,,,,,,,,,,,,,,,,,,,,,,,,,,,,,,,,,,,,,,,,,,,,,,,,,,131.5243,23.86348,0.21649532,131.5243,23.86348,-0.13591522,,,,,,,,,,,,,,,,,,,,,,,,,,,,,,,,,,,,,,,,,,,,,,,,,,,,,,,,,,,,,,,
131.5243,23.89346,0.0006098468,131.5243,23.89346,0.0004611036,,,,,,,,,,,,,,,,,,,,,,,,,,,,,,,,,,,,,,,,,,,,,,,,,,,,,,,,,,,,,131.5243,23.89346,0.19297081,131.5243,23.89346,-0.29237258,,,,,,,,,,,,,,,,,,,,,,,,,,,,,,,,,,,,,,,,,,,,,,,,,,,,,,,,,,,,,,,
131.5243,23.923439,0.0007437156,131.5243,23.923439,0.0005652238,,,,,,,,,,,,,,,,,,,,,,,,,,,,,,,,,,,,,,,,,,,,,,,,,,,,,,,,,,,,,131.5243,23.923439,0.66824204,131.5243,23.923439,0.105826624,,,,,,,,,,,,,,,,,,,,,,,,,,,,,,,,,,,,,,,,,,,,,,,,,,,,,,,,,,,,,,,
131.5243,23.953417,0.0006098467,131.5243,23.953417,0.00046110366,,,,,,,,,,,,,,,,,,,,,,,,,,,,,,,,,,,,,,,,,,,,,,,,,,,,,,,,,,,,,131.5243,23.953417,0.19078402,131.5243,23.953417,-0.31231892,,,,,,,,,,,,,,,,,,,,,,,,,,,,,,,,,,,,,,,,,,,,,,,,,,,,,,,,,,,,,,,
131.5243,23.983397,0.00066934404,131.5243,23.983397,0.0005949724,,,,,,,,,,,,,,,,,,,,,,,,,,,,,,,,,,,,,,,,,,,,,,,,,,,,,,,,,,,,,131.5243,23.983397,0.40713462,131.5243,23.983397,0.19022557,,,,,,,,,,,,,,,,,,,,,,,,,,,,,,,,,,,,,,,,,,,,,,,,,,,,,,,,,,,,,,,
131.5243,24.013376,0.0005206009,131.5243,24.013376,0.0006098468,,,,,,,,,,,,,,,,,,,,,,,,,,,,,,,,,,,,,,,,,,,,,,,,,,,,,,,,,,,,,131.5243,24.013376,-0.15928642,131.5243,24.013376,0.30589056,,,,,,,,,,,,,,,,,,,,,,,,,,,,,,,,,,,,,,,,,,,,,,,,,,,,,,,,,,,,,,,
131.5243,24.043356,0.00069909263,131.5243,24.043356,0.0006544697,,,,,,,,,,,,,,,,,,,,,,,,,,,,,,,,,,,,,,,,,,,,,,,,,,,,,,,,,,,,,131.5243,24.043356,0.5261094,131.5243,24.043356,0.41787857,,,,,,,,,,,,,,,,,,,,,,,,,,,,,,,,,,,,,,,,,,,,,,,,,,,,,,,,,,,,,,,
131.5243,24.073334,0.0006842183,131.5243,24.073334,0.0004611036,,,,,,,,,,,,,,,,,,,,,,,,,,,,,,,,,,,,,,,,,,,,,,,,,,,,,,,,,,,,,131.5243,24.073334,0.4847337,131.5243,24.073334,-0.34200686,,,,,,,,,,,,,,,,,,,,,,,,,,,,,,,,,,,,,,,,,,,,,,,,,,,,,,,,,,,,,,,
131.5243,24.103313,0.0006693441,131.5243,24.103313,0.00047597795,,,,,,,,,,,,,,,,,,,,,,,,,,,,,,,,,,,,,,,,,,,,,,,,,,,,,,,,,,,,,131.5243,24.103313,0.41855723,131.5243,24.103313,-0.24637341,,,,,,,,,,,,,,,,,,,,,,,,,,,,,,,,,,,,,,,,,,,,,,,,,,,,,,,,,,,,,,,
131.5243,24.133293,0.0006395954,131.5243,24.133293,0.00047597795,,,,,,,,,,,,,,,,,,,,,,,,,,,,,,,,,,,,,,,,,,,,,,,,,,,,,,,,,,,,,131.5243,24.133293,0.31866154,131.5243,24.133293,-0.26672584,,,,,,,,,,,,,,,,,,,,,,,,,,,,,,,,,,,,,,,,,,,,,,,,,,,,,,,,,,,,,,,
131.5243,24.163273,0.0004611036,131.5243,24.163273,0.0004908522,,,,,,,,,,,,,,,,,,,,,,,,,,,,,,,,,,,,,,,,,,,,,,,,,,,,,,,,,,,,,131.5243,24.163273,-0.3620163,131.5243,24.163273,-0.17913532,,,,,,,,,,,,,,,,,,,,,,,,,,,,,,,,,,,,,,,,,,,,,,,,,,,,,,,,,,,,,,,
131.5243,24.19325,0.0005206009,131.5243,24.19325,0.0005652238,,,,,,,,,,,,,,,,,,,,,,,,,,,,,,,,,,,,,,,,,,,,,,,,,,,,,,,,,,,,,131.5243,24.19325,-0.14714319,131.5243,24.19325,0.09780791,,,,,,,,,,,,,,,,,,,,,,,,,,,,,,,,,,,,,,,,,,,,,,,,,,,,,,,,,,,,,,,
131.5243,24.22323,0.00044622936,131.5243,24.22323,0.00031236053,,,,,,,,,,,,,,,,,,,,,,,,,,,,,,,,,,,,,,,,,,,,,,,,,,,,,,,,,,,,,131.5243,24.22323,-0.4330073,131.5243,24.22323,-0.87919486,,,,,,,,,,,,,,,,,,,,,,,,,,,,,,,,,,,,,,,,,,,,,,,,,,,,,,,,,,,,,,,
131.5243,24.25321,0.000713967,131.5243,24.25321,0.0006098468,,,,,,,,,,,,,,,,,,,,,,,,,,,,,,,,,,,,,,,,,,,,,,,,,,,,,,,,,,,,,131.5243,24.25321,0.5894021,131.5243,24.25321,0.28365433,,,,,,,,,,,,,,,,,,,,,,,,,,,,,,,,,,,,,,,,,,,,,,,,,,,,,,,,,,,,,,,
131.5243,24.28319,0.0005949724,131.5243,24.28319,0.00040160638,,,,,,,,,,,,,,,,,,,,,,,,,,,,,,,,,,,,,,,,,,,,,,,,,,,,,,,,,,,,,131.5243,24.28319,0.17800102,131.5243,24.28319,-0.50236213,,,,,,,,,,,,,,,,,,,,,,,,,,,,,,,,,,,,,,,,,,,,,,,,,,,,,,,,,,,,,,,
131.5243,24.313168,0.0005800982,131.5243,24.313168,0.0005354752,,,,,,,,,,,,,,,,,,,,,,,,,,,,,,,,,,,,,,,,,,,,,,,,,,,,,,,,,,,,,131.5243,24.313168,0.0809141,131.5243,24.313168,0.020095667,,,,,,,,,,,,,,,,,,,,,,,,,,,,,,,,,,,,,,,,,,,,,,,,,,,,,,,,,,,,,,,
131.5243,24.343147,0.0006395954,131.5243,24.343147,0.00046110366,,,,,,,,,,,,,,,,,,,,,,,,,,,,,,,,,,,,,,,,,,,,,,,,,,,,,,,,,,,,,131.5243,24.343147,0.30556795,131.5243,24.343147,-0.27574575,,,,,,,,,,,,,,,,,,,,,,,,,,,,,,,,,,,,,,,,,,,,,,,,,,,,,,,,,,,,,,,
131.5243,24.373127,0.00062472105,131.5243,24.373127,0.0004462293,,,,,,,,,,,,,,,,,,,,,,,,,,,,,,,,,,,,,,,,,,,,,,,,,,,,,,,,,,,,,131.5243,24.373127,0.22014755,131.5243,24.373127,-0.33217907,,,,,,,,,,,,,,,,,,,,,,,,,,,,,,,,,,,,,,,,,,,,,,,,,,,,,,,,,,,,,,,
131.5243,24.403107,0.00037185775,131.5243,24.403107,0.0005652238,,,,,,,,,,,,,,,,,,,,,,,,,,,,,,,,,,,,,,,,,,,,,,,,,,,,,,,,,,,,,131.5243,24.403107,-0.70959294,131.5243,24.403107,0.12686509,,,,,,,,,,,,,,,,,,,,,,,,,,,,,,,,,,,,,,,,,,,,,,,,,,,,,,,,,,,,,,,
131.5243,24.433084,0.0005503495,131.5243,24.433084,0.0005503495,,,,,,,,,,,,,,,,,,,,,,,,,,,,,,,,,,,,,,,,,,,,,,,,,,,,,,,,,,,,,131.5243,24.433084,-0.014574822,131.5243,24.433084,0.08675971,,,,,,,,,,,,,,,,,,,,,,,,,,,,,,,,,,,,,,,,,,,,,,,,,,,,,,,,,,,,,,,
131.5243,24.463064,0.0006098468,131.5243,24.463064,0.0005354752,,,,,,,,,,,,,,,,,,,,,,,,,,,,,,,,,,,,,,,,,,,,,,,,,,,,,,,,,,,,,131.5243,24.463064,0.23127243,131.5243,24.463064,-0.023319231,,,,,,,,,,,,,,,,,,,,,,,,,,,,,,,,,,,,,,,,,,,,,,,,,,,,,,,,,,,,,,,
131.5243,24.493044,0.00080321287,131.5243,24.493044,0.00043135503,,,,,,,,,,,,,,,,,,,,,,,,,,,,,,,,,,,,,,,,,,,,,,,,,,,,,,,,,,,,,131.5243,24.493044,0.9348805,131.5243,24.493044,-0.41503894,,,,,,,,,,,,,,,,,,,,,,,,,,,,,,,,,,,,,,,,,,,,,,,,,,,,,,,,,,,,,,,
131.5243,24.523024,0.00074371556,131.5243,24.523024,0.0005354752,,,,,,,,,,,,,,,,,,,,,,,,,,,,,,,,,,,,,,,,,,,,,,,,,,,,,,,,,,,,,131.5243,24.523024,0.667673,131.5243,24.523024,0.017920792,,,,,,,,,,,,,,,,,,,,,,,,,,,,,,,,,,,,,,,,,,,,,,,,,,,,,,,,,,,,,,,
131.5243,24.553001,0.0005800982,131.5243,24.553001,0.00062472105,,,,,,,,,,,,,,,,,,,,,,,,,,,,,,,,,,,,,,,,,,,,,,,,,,,,,,,,,,,,,131.5243,24.553001,0.0961596,131.5243,24.553001,0.32348558,,,,,,,,,,,,,,,,,,,,,,,,,,,,,,,,,,,,,,,,,,,,,,,,,,,,,,,,,,,,,,,
131.5243,24.582981,0.0005800981,131.5243,24.582981,0.0005354752,,,,,,,,,,,,,,,,,,,,,,,,,,,,,,,,,,,,,,,,,,,,,,,,,,,,,,,,,,,,,131.5243,24.582981,0.099480845,131.5243,24.582981,-0.035798445,,,,,,,,,,,,,,,,,,,,,,,,,,,,,,,,,,,,,,,,,,,,,,,,,,,,,,,,,,,,,,,
131.5243,24.61296,0.00052060094,131.5243,24.61296,0.0005800982,,,,,,,,,,,,,,,,,,,,,,,,,,,,,,,,,,,,,,,,,,,,,,,,,,,,,,,,,,,,,131.5243,24.61296,-0.16389322,131.5243,24.61296,0.16612881,,,,,,,,,,,,,,,,,,,,,,,,,,,,,,,,,,,,,,,,,,,,,,,,,,,,,,,,,,,,,,,
131.5243,24.64294,0.0006098468,131.5243,24.64294,0.000669344,,,,,,,,,,,,,,,,,,,,,,,,,,,,,,,,,,,,,,,,,,,,,,,,,,,,,,,,,,,,,131.5243,24.64294,0.21771908,131.5243,24.64294,0.5040581,,,,,,,,,,,,,,,,,,,,,,,,,,,,,,,,,,,,,,,,,,,,,,,,,,,,,,,,,,,,,,,
131.5243,24.672918,0.0006098467,131.5243,24.672918,0.00040160643,,,,,,,,,,,,,,,,,,,,,,,,,,,,,,,,,,,,,,,,,,,,,,,,,,,,,,,,,,,,,131.5243,24.672918,0.1912862,131.5243,24.672918,-0.49884278,,,,,,,,,,,,,,,,,,,,,,,,,,,,,,,,,,,,,,,,,,,,,,,,,,,,,,,,,,,,,,,
131.5243,24.702898,0.00059497246,131.5243,24.702898,0.00050572655,,,,,,,,,,,,,,,,,,,,,,,,,,,,,,,,,,,,,,,,,,,,,,,,,,,,,,,,,,,,,131.5243,24.702898,0.12476226,131.5243,24.702898,-0.14741442,,,,,,,,,,,,,,,,,,,,,,,,,,,,,,,,,,,,,,,,,,,,,,,,,,,,,,,,,,,,,,,
131.5243,24.732878,0.0006098467,131.5243,24.732878,0.00040160638,,,,,,,,,,,,,,,,,,,,,,,,,,,,,,,,,,,,,,,,,,,,,,,,,,,,,,,,,,,,,131.5243,24.732878,0.1844613,131.5243,24.732878,-0.51661676,,,,,,,,,,,,,,,,,,,,,,,,,,,,,,,,,,,,,,,,,,,,,,,,,,,,,,,,,,,,,,,
131.5243,24.762857,0.00062472105,131.5243,24.762857,0.00043135497,,,,,,,,,,,,,,,,,,,,,,,,,,,,,,,,,,,,,,,,,,,,,,,,,,,,,,,,,,,,,131.5243,24.762857,0.26795477,131.5243,24.762857,-0.40442747,,,,,,,,,,,,,,,,,,,,,,,,,,,,,,,,,,,,,,,,,,,,,,,,,,,,,,,,,,,,,,,
131.5243,24.792837,0.00066934404,131.5243,24.792837,0.00055034953,,,,,,,,,,,,,,,,,,,,,,,,,,,,,,,,,,,,,,,,,,,,,,,,,,,,,,,,,,,,,131.5243,24.792837,0.4326753,131.5243,24.792837,0.029232316,,,,,,,,,,,,,,,,,,,,,,,,,,,,,,,,,,,,,,,,,,,,,,,,,,,,,,,,,,,,,,,
131.5243,24.822815,0.00047597795,131.5243,24.822815,0.000431355,,,,,,,,,,,,,,,,,,,,,,,,,,,,,,,,,,,,,,,,,,,,,,,,,,,,,,,,,,,,,131.5243,24.822815,-0.31344154,131.5243,24.822815,-0.40392074,,,,,,,,,,,,,,,,,,,,,,,,,,,,,,,,,,,,,,,,,,,,,,,,,,,,,,,,,,,,,,,
131.5243,24.852795,0.0007437155,131.5243,24.852795,0.00043135503,,,,,,,,,,,,,,,,,,,,,,,,,,,,,,,,,,,,,,,,,,,,,,,,,,,,,,,,,,,,,131.5243,24.852795,0.7090428,131.5243,24.852795,-0.44418108,,,,,,,,,,,,,,,,,,,,,,,,,,,,,,,,,,,,,,,,,,,,,,,,,,,,,,,,,,,,,,,
131.5243,24.882774,0.0005652238,131.5243,24.882774,0.00059497246,,,,,,,,,,,,,,,,,,,,,,,,,,,,,,,,,,,,,,,,,,,,,,,,,,,,,,,,,,,,,131.5243,24.882774,0.034250677,131.5243,24.882774,0.23303488,,,,,,,,,,,,,,,,,,,,,,,,,,,,,,,,,,,,,,,,,,,,,,,,,,,,,,,,,,,,,,,
131.5243,24.912754,0.00059497246,131.5243,24.912754,0.0004908523,,,,,,,,,,,,,,,,,,,,,,,,,,,,,,,,,,,,,,,,,,,,,,,,,,,,,,,,,,,,,131.5243,24.912754,0.11771941,131.5243,24.912754,-0.20904876,,,,,,,,,,,,,,,,,,,,,,,,,,,,,,,,,,,,,,,,,,,,,,,,,,,,,,,,,,,,,,,
131.5243,24.942732,0.0006693441,131.5243,24.942732,0.0004164807,,,,,,,,,,,,,,,,,,,,,,,,,,,,,,,,,,,,,,,,,,,,,,,,,,,,,,,,,,,,,131.5243,24.942732,0.43330285,131.5243,24.942732,-0.44464356,,,,,,,,,,,,,,,,,,,,,,,,,,,,,,,,,,,,,,,,,,,,,,,,,,,,,,,,,,,,,,,
131.5243,24.972712,0.00068421825,131.5243,24.972712,0.0005949724,,,,,,,,,,,,,,,,,,,,,,,,,,,,,,,,,,,,,,,,,,,,,,,,,,,,,,,,,,,,,131.5243,24.972712,0.49053833,131.5243,24.972712,0.19965842,,,,,,,,,,,,,,,,,,,,,,,,,,,,,,,,,,,,,,,,,,,,,,,,,,,,,,,,,,,,,,,
131.5243,25.002691,0.0006247212,131.5243,25.002691,0.00053547526,,,,,,,,,,,,,,,,,,,,,,,,,,,,,,,,,,,,,,,,,,,,,,,,,,,,,,,,,,,,,131.5243,25.002691,0.2843551,131.5243,25.002691,0.000963072,,,,,,,,,,,,,,,,,,,,,,,,,,,,,,,,,,,,,,,,,,,,,,,,,,,,,,,,,,,,,,,
131.5243,25.032671,0.00050572655,131.5243,25.032671,0.00047597795,,,,,,,,,,,,,,,,,,,,,,,,,,,,,,,,,,,,,,,,,,,,,,,,,,,,,,,,,,,,,131.5243,25.032671,-0.20152667,131.5243,25.032671,-0.2672385,,,,,,,,,,,,,,,,,,,,,,,,,,,,,,,,,,,,,,,,,,,,,,,,,,,,,,,,,,,,,,,
131.5243,25.062649,0.0005354752,131.5243,25.062649,0.0005949724,,,,,,,,,,,,,,,,,,,,,,,,,,,,,,,,,,,,,,,,,,,,,,,,,,,,,,,,,,,,,131.5243,25.062649,-0.098306805,131.5243,25.062649,0.21777473,,,,,,,,,,,,,,,,,,,,,,,,,,,,,,,,,,,,,,,,,,,,,,,,,,,,,,,,,,,,,,,
131.5243,25.092628,0.0004908523,131.5243,25.092628,0.00047597795,,,,,,,,,,,,,,,,,,,,,,,,,,,,,,,,,,,,,,,,,,,,,,,,,,,,,,,,,,,,,131.5243,25.092628,-0.28313512,131.5243,25.092628,-0.21260898,,,,,,,,,,,,,,,,,,,,,,,,,,,,,,,,,,,,,,,,,,,,,,,,,,,,,,,,,,,,,,,
131.5243,25.122608,0.00044622936,131.5243,25.122608,0.00062472105,,,,,,,,,,,,,,,,,,,,,,,,,,,,,,,,,,,,,,,,,,,,,,,,,,,,,,,,,,,,,131.5243,25.122608,-0.44305727,131.5243,25.122608,0.2665785,,,,,,,,,,,,,,,,,,,,,,,,,,,,,,,,,,,,,,,,,,,,,,,,,,,,,,,,,,,,,,,
131.5243,25.152588,0.0005206009,131.5243,25.152588,0.0005354752,,,,,,,,,,,,,,,,,,,,,,,,,,,,,,,,,,,,,,,,,,,,,,,,,,,,,,,,,,,,,131.5243,25.152588,-0.1329483,131.5243,25.152588,-0.04561436,,,,,,,,,,,,,,,,,,,,,,,,,,,,,,,,,,,,,,,,,,,,,,,,,,,,,,,,,,,,,,,
131.5243,25.182566,0.0006990926,131.5243,25.182566,0.00066934404,,,,,,,,,,,,,,,,,,,,,,,,,,,,,,,,,,,,,,,,,,,,,,,,,,,,,,,,,,,,,131.5243,25.182566,0.5573865,131.5243,25.182566,0.4797926,,,,,,,,,,,,,,,,,,,,,,,,,,,,,,,,,,,,,,,,,,,,,,,,,,,,,,,,,,,,,,,
131.5243,25.212545,0.0005800982,131.5243,25.212545,0.0006395954,,,,,,,,,,,,,,,,,,,,,,,,,,,,,,,,,,,,,,,,,,,,,,,,,,,,,,,,,,,,,131.5243,25.212545,0.08106397,131.5243,25.212545,0.40263757,,,,,,,,,,,,,,,,,,,,,,,,,,,,,,,,,,,,,,,,,,,,,,,,,,,,,,,,,,,,,,,
131.5243,25.242525,0.0006842183,131.5243,25.242525,0.00083296135,,,,,,,,,,,,,,,,,,,,,,,,,,,,,,,,,,,,,,,,,,,,,,,,,,,,,,,,,,,,,131.5243,25.242525,0.46753863,131.5243,25.242525,1.161013,,,,,,,,,,,,,,,,,,,,,,,,,,,,,,,,,,,,,,,,,,,,,,,,,,,,,,,,,,,,,,,
131.5243,25.272505,0.00068421825,131.5243,25.272505,0.00044622936,,,,,,,,,,,,,,,,,,,,,,,,,,,,,,,,,,,,,,,,,,,,,,,,,,,,,,,,,,,,,131.5243,25.272505,0.49198872,131.5243,25.272505,-0.35627636,,,,,,,,,,,,,,,,,,,,,,,,,,,,,,,,,,,,,,,,,,,,,,,,,,,,,,,,,,,,,,,
131.5243,25.302483,0.0006098467,131.5243,25.302483,0.00058009813,,,,,,,,,,,,,,,,,,,,,,,,,,,,,,,,,,,,,,,,,,,,,,,,,,,,,,,,,,,,,131.5243,25.302483,0.20195906,131.5243,25.302483,0.16682628,,,,,,,,,,,,,,,,,,,,,,,,,,,,,,,,,,,,,,,,,,,,,,,,,,,,,,,,,,,,,,,
131.5243,25.332462,0.0006544697,131.5243,25.332462,0.0004908523,,,,,,,,,,,,,,,,,,,,,,,,,,,,,,,,,,,,,,,,,,,,,,,,,,,,,,,,,,,,,131.5243,25.332462,0.4018552,131.5243,25.332462,-0.15293302,,,,,,,,,,,,,,,,,,,,,,,,,,,,,,,,,,,,,,,,,,,,,,,,,,,,,,,,,,,,,,,
131.5243,25.362442,0.0006693441,131.5243,25.362442,0.00055034953,,,,,,,,,,,,,,,,,,,,,,,,,,,,,,,,,,,,,,,,,,,,,,,,,,,,,,,,,,,,,131.5243,25.362442,0.3943205,131.5243,25.362442,0.015969025,,,,,,,,,,,,,,,,,,,,,,,,,,,,,,,,,,,,,,,,,,,,,,,,,,,,,,,,,,,,,,,
131.5243,25.392422,0.00072884135,131.5243,25.392422,0.0005800982,,,,,,,,,,,,,,,,,,,,,,,,,,,,,,,,,,,,,,,,,,,,,,,,,,,,,,,,,,,,,131.5243,25.392422,0.64863956,131.5243,25.392422,0.18148543,,,,,,,,,,,,,,,,,,,,,,,,,,,,,,,,,,,,,,,,,,,,,,,,,,,,,,,,,,,,,,,
131.5243,25.4224,0.000669344,131.5243,25.4224,0.00044622936,,,,,,,,,,,,,,,,,,,,,,,,,,,,,,,,,,,,,,,,,,,,,,,,,,,,,,,,,,,,,131.5243,25.4224,0.40812036,131.5243,25.4224,-0.37362477,,,,,,,,,,,,,,,,,,,,,,,,,,,,,,,,,,,,,,,,,,,,,,,,,,,,,,,,,,,,,,,
131.5243,25.45238,0.0005206008,131.5243,25.45238,0.0005057266,,,,,,,,,,,,,,,,,,,,,,,,,,,,,,,,,,,,,,,,,,,,,,,,,,,,,,,,,,,,,131.5243,25.45238,-0.11571479,131.5243,25.45238,-0.126858,,,,,,,,,,,,,,,,,,,,,,,,,,,,,,,,,,,,,,,,,,,,,,,,,,,,,,,,,,,,,,,
131.5243,25.482359,0.000669344,131.5243,25.482359,0.0004908523,,,,,,,,,,,,,,,,,,,,,,,,,,,,,,,,,,,,,,,,,,,,,,,,,,,,,,,,,,,,,131.5243,25.482359,0.4597623,131.5243,25.482359,-0.21752654,,,,,,,,,,,,,,,,,,,,,,,,,,,,,,,,,,,,,,,,,,,,,,,,,,,,,,,,,,,,,,,
131.5243,25.512339,0.00053547526,131.5243,25.512339,0.00046110366,,,,,,,,,,,,,,,,,,,,,,,,,,,,,,,,,,,,,,,,,,,,,,,,,,,,,,,,,,,,,131.5243,25.512339,-0.09630819,131.5243,25.512339,-0.24722679,,,,,,,,,,,,,,,,,,,,,,,,,,,,,,,,,,,,,,,,,,,,,,,,,,,,,,,,,,,,,,,
131.5243,25.542316,0.0005652238,131.5243,25.542316,0.0006395954,,,,,,,,,,,,,,,,,,,,,,,,,,,,,,,,,,,,,,,,,,,,,,,,,,,,,,,,,,,,,131.5243,25.542316,0.034135837,131.5243,25.542316,0.43177012,,,,,,,,,,,,,,,,,,,,,,,,,,,,,,,,,,,,,,,,,,,,,,,,,,,,,,,,,,,,,,,
131.5243,25.572296,0.0006247211,131.5243,25.572296,0.0006544697,,,,,,,,,,,,,,,,,,,,,,,,,,,,,,,,,,,,,,,,,,,,,,,,,,,,,,,,,,,,,131.5243,25.572296,0.22273691,131.5243,25.572296,0.45663255,,,,,,,,,,,,,,,,,,,,,,,,,,,,,,,,,,,,,,,,,,,,,,,,,,,,,,,,,,,,,,,
131.5243,25.602276,0.0006247211,131.5243,25.602276,0.0004908523,,,,,,,,,,,,,,,,,,,,,,,,,,,,,,,,,,,,,,,,,,,,,,,,,,,,,,,,,,,,,131.5243,25.602276,0.26492313,131.5243,25.602276,-0.22006175,,,,,,,,,,,,,,,,,,,,,,,,,,,,,,,,,,,,,,,,,,,,,,,,,,,,,,,,,,,,,,,
131.5243,25.632256,0.00050572655,131.5243,25.632256,0.00040160638,,,,,,,,,,,,,,,,,,,,,,,,,,,,,,,,,,,,,,,,,,,,,,,,,,,,,,,,,,,,,131.5243,25.632256,-0.21170814,131.5243,25.632256,-0.5263943,,,,,,,,,,,,,,,,,,,,,,,,,,,,,,,,,,,,,,,,,,,,,,,,,,,,,,,,,,,,,,,
131.5243,25.662235,0.00053547515,131.5243,25.662235,0.00065446965,,,,,,,,,,,,,,,,,,,,,,,,,,,,,,,,,,,,,,,,,,,,,,,,,,,,,,,,,,,,,131.5243,25.662235,-0.081905395,131.5243,25.662235,0.3780712,,,,,,,,,,,,,,,,,,,,,,,,,,,,,,,,,,,,,,,,,,,,,,,,,,,,,,,,,,,,,,,
131.5243,25.692213,0.00080321275,131.5243,25.692213,0.00056522386,,,,,,,,,,,,,,,,,,,,,,,,,,,,,,,,,,,,,,,,,,,,,,,,,,,,,,,,,,,,,131.5243,25.692213,0.93069607,131.5243,25.692213,0.13157617,,,,,,,,,,,,,,,,,,,,,,,,,,,,,,,,,,,,,,,,,,,,,,,,,,,,,,,,,,,,,,,
131.5243,25.722193,0.000669344,131.5243,25.722193,0.0005800981,,,,,,,,,,,,,,,,,,,,,,,,,,,,,,,,,,,,,,,,,,,,,,,,,,,,,,,,,,,,,131.5243,25.722193,0.42875698,131.5243,25.722193,0.14983466,,,,,,,,,,,,,,,,,,,,,,,,,,,,,,,,,,,,,,,,,,,,,,,,,,,,,,,,,,,,,,,
131.5243,25.752172,0.0006544697,131.5243,25.752172,0.00058009813,,,,,,,,,,,,,,,,,,,,,,,,,,,,,,,,,,,,,,,,,,,,,,,,,,,,,,,,,,,,,131.5243,25.752172,0.35715452,131.5243,25.752172,0.16242987,,,,,,,,,,,,,,,,,,,,,,,,,,,,,,,,,,,,,,,,,,,,,,,,,,,,,,,,,,,,,,,
131.5243,25.782152,0.00062472105,131.5243,25.782152,0.0005949724,,,,,,,,,,,,,,,,,,,,,,,,,,,,,,,,,,,,,,,,,,,,,,,,,,,,,,,,,,,,,131.5243,25.782152,0.27691242,131.5243,25.782152,0.22816986,,,,,,,,,,,,,,,,,,,,,,,,,,,,,,,,,,,,,,,,,,,,,,,,,,,,,,,,,,,,,,,
131.5243,25.81213,0.0005949725,131.5243,25.81213,0.00056522386,,,,,,,,,,,,,,,,,,,,,,,,,,,,,,,,,,,,,,,,,,,,,,,,,,,,,,,,,,,,,131.5243,25.81213,0.14057548,131.5243,25.81213,0.12776822,,,,,,,,,,,,,,,,,,,,,,,,,,,,,,,,,,,,,,,,,,,,,,,,,,,,,,,,,,,,,,,
131.5243,25.84211,0.0006098467,131.5243,25.84211,0.0007139669,,,,,,,,,,,,,,,,,,,,,,,,,,,,,,,,,,,,,,,,,,,,,,,,,,,,,,,,,,,,,131.5243,25.84211,0.18485032,131.5243,25.84211,0.6983433,,,,,,,,,,,,,,,,,,,,,,,,,,,,,,,,,,,,,,,,,,,,,,,,,,,,,,,,,,,,,,,
131.5243,25.87209,0.0004908523,131.5243,25.87209,0.0005652238,,,,,,,,,,,,,,,,,,,,,,,,,,,,,,,,,,,,,,,,,,,,,,,,,,,,,,,,,,,,,131.5243,25.87209,-0.27166805,131.5243,25.87209,0.123638,,,,,,,,,,,,,,,,,,,,,,,,,,,,,,,,,,,,,,,,,,,,,,,,,,,,,,,,,,,,,,,
131.5243,25.90207,0.00080321287,131.5243,25.90207,0.00046110366,,,,,,,,,,,,,,,,,,,,,,,,,,,,,,,,,,,,,,,,,,,,,,,,,,,,,,,,,,,,,131.5243,25.90207,0.91517437,131.5243,25.90207,-0.27490684,,,,,,,,,,,,,,,,,,,,,,,,,,,,,,,,,,,,,,,,,,,,,,,,,,,,,,,,,,,,,,,
131.5243,25.932047,0.000713967,131.5243,25.932047,0.00043135503,,,,,,,,,,,,,,,,,,,,,,,,,,,,,,,,,,,,,,,,,,,,,,,,,,,,,,,,,,,,,131.5243,25.932047,0.59708494,131.5243,25.932047,-0.41280165,,,,,,,,,,,,,,,,,,,,,,,,,,,,,,,,,,,,,,,,,,,,,,,,,,,,,,,,,,,,,,,
131.5243,25.962027,0.00072884123,131.5243,25.962027,0.0005503495,,,,,,,,,,,,,,,,,,,,,,,,,,,,,,,,,,,,,,,,,,,,,,,,,,,,,,,,,,,,,131.5243,25.962027,0.6256316,131.5243,25.962027,0.052911676,,,,,,,,,,,,,,,,,,,,,,,,,,,,,,,,,,,,,,,,,,,,,,,,,,,,,,,,,,,,,,,
131.5243,25.992006,0.0005949724,131.5243,25.992006,0.00043135503,,,,,,,,,,,,,,,,,,,,,,,,,,,,,,,,,,,,,,,,,,,,,,,,,,,,,,,,,,,,,131.5243,25.992006,0.14917904,131.5243,25.992006,-0.4204653,,,,,,,,,,,,,,,,,,,,,,,,,,,,,,,,,,,,,,,,,,,,,,,,,,,,,,,,,,,,,,,
131.5243,26.021986,0.0005206009,131.5243,26.021986,0.0004908523,,,,,,,,,,,,,,,,,,,,,,,,,,,,,,,,,,,,,,,,,,,,,,,,,,,,,,,,,,,,,131.5243,26.021986,-0.12339369,131.5243,26.021986,-0.19577397,,,,,,,,,,,,,,,,,,,,,,,,,,,,,,,,,,,,,,,,,,,,,,,,,,,,,,,,,,,,,,,
131.5243,26.051964,0.0006098468,131.5243,26.051964,0.00058009813,,,,,,,,,,,,,,,,,,,,,,,,,,,,,,,,,,,,,,,,,,,,,,,,,,,,,,,,,,,,,131.5243,26.051964,0.19412678,131.5243,26.051964,0.1599577,,,,,,,,,,,,,,,,,,,,,,,,,,,,,,,,,,,,,,,,,,,,,,,,,,,,,,,,,,,,,,,
131.5243,26.081944,0.00055034953,131.5243,26.081944,0.0004908523,,,,,,,,,,,,,,,,,,,,,,,,,,,,,,,,,,,,,,,,,,,,,,,,,,,,,,,,,,,,,131.5243,26.081944,-0.040693685,131.5243,26.081944,-0.17171131,,,,,,,,,,,,,,,,,,,,,,,,,,,,,,,,,,,,,,,,,,,,,,,,,,,,,,,,,,,,,,,
131.5243,26.111923,0.00069909263,131.5243,26.111923,0.0006098468,,,,,,,,,,,,,,,,,,,,,,,,,,,,,,,,,,,,,,,,,,,,,,,,,,,,,,,,,,,,,131.5243,26.111923,0.54701656,131.5243,26.111923,0.22065431,,,,,,,,,,,,,,,,,,,,,,,,,,,,,,,,,,,,,,,,,,,,,,,,,,,,,,,,,,,,,,,
131.5243,26.141903,0.00058009813,131.5243,26.141903,0.00047597795,,,,,,,,,,,,,,,,,,,,,,,,,,,,,,,,,,,,,,,,,,,,,,,,,,,,,,,,,,,,,131.5243,26.141903,0.08545206,131.5243,26.141903,-0.23447439,,,,,,,,,,,,,,,,,,,,,,,,,,,,,,,,,,,,,,,,,,,,,,,,,,,,,,,,,,,,,,,
131.5243,26.17188,0.0005949724,131.5243,26.17188,0.00069909263,,,,,,,,,,,,,,,,,,,,,,,,,,,,,,,,,,,,,,,,,,,,,,,,,,,,,,,,,,,,,131.5243,26.17188,0.1399054,131.5243,26.17188,0.60363156,,,,,,,,,,,,,,,,,,,,,,,,,,,,,,,,,,,,,,,,,,,,,,,,,,,,,,,,,,,,,,,
131.5243,26.20186,0.0006990926,131.5243,26.20186,0.0006098468,,,,,,,,,,,,,,,,,,,,,,,,,,,,,,,,,,,,,,,,,,,,,,,,,,,,,,,,,,,,,131.5243,26.20186,0.5062463,131.5243,26.20186,0.27795017,,,,,,,,,,,,,,,,,,,,,,,,,,,,,,,,,,,,,,,,,,,,,,,,,,,,,,,,,,,,,,,
131.5243,26.23184,0.000713967,131.5243,26.23184,0.00037185778,,,,,,,,,,,,,,,,,,,,,,,,,,,,,,,,,,,,,,,,,,,,,,,,,,,,,,,,,,,,,131.5243,26.23184,0.5810969,131.5243,26.23184,-0.6508057,,,,,,,,,,,,,,,,,,,,,,,,,,,,,,,,,,,,,,,,,,,,,,,,,,,,,,,,,,,,,,,
131.5243,26.26182,0.00065446965,131.5243,26.26182,0.00050572655,,,,,,,,,,,,,,,,,,,,,,,,,,,,,,,,,,,,,,,,,,,,,,,,,,,,,,,,,,,,,131.5243,26.26182,0.33788872,131.5243,26.26182,-0.0767961,,,,,,,,,,,,,,,,,,,,,,,,,,,,,,,,,,,,,,,,,,,,,,,,,,,,,,,,,,,,,,,
131.5243,26.291798,0.00069909263,131.5243,26.291798,0.00059497246,,,,,,,,,,,,,,,,,,,,,,,,,,,,,,,,,,,,,,,,,,,,,,,,,,,,,,,,,,,,,131.5243,26.291798,0.5145949,131.5243,26.291798,0.22186694,,,,,,,,,,,,,,,,,,,,,,,,,,,,,,,,,,,,,,,,,,,,,,,,,,,,,,,,,,,,,,,
131.5243,26.321777,0.00050572655,131.5243,26.321777,0.0004908523,,,,,,,,,,,,,,,,,,,,,,,,,,,,,,,,,,,,,,,,,,,,,,,,,,,,,,,,,,,,,131.5243,26.321777,-0.19498505,131.5243,26.321777,-0.20779166,,,,,,,,,,,,,,,,,,,,,,,,,,,,,,,,,,,,,,,,,,,,,,,,,,,,,,,,,,,,,,,
131.5243,26.351757,0.0005354752,131.5243,26.351757,0.00055034953,,,,,,,,,,,,,,,,,,,,,,,,,,,,,,,,,,,,,,,,,,,,,,,,,,,,,,,,,,,,,131.5243,26.351757,-0.07822239,131.5243,26.351757,0.045825746,,,,,,,,,,,,,,,,,,,,,,,,,,,,,,,,,,,,,,,,,,,,,,,,,,,,,,,,,,,,,,,
131.5243,26.381737,0.0006842183,131.5243,26.381737,0.0005800982,,,,,,,,,,,,,,,,,,,,,,,,,,,,,,,,,,,,,,,,,,,,,,,,,,,,,,,,,,,,,131.5243,26.381737,0.49033064,131.5243,26.381737,0.17984806,,,,,,,,,,,,,,,,,,,,,,,,,,,,,,,,,,,,,,,,,,,,,,,,,,,,,,,,,,,,,,,
131.5243,26.411715,0.0006395954,131.5243,26.411715,0.0006098468,,,,,,,,,,,,,,,,,,,,,,,,,,,,,,,,,,,,,,,,,,,,,,,,,,,,,,,,,,,,,131.5243,26.411715,0.35271788,131.5243,26.411715,0.29459986,,,,,,,,,,,,,,,,,,,,,,,,,,,,,,,,,,,,,,,,,,,,,,,,,,,,,,,,,,,,,,,
131.5243,26.441694,0.00068421836,131.5243,26.441694,0.00065446965,,,,,,,,,,,,,,,,,,,,,,,,,,,,,,,,,,,,,,,,,,,,,,,,,,,,,,,,,,,,,131.5243,26.441694,0.4445221,131.5243,26.441694,0.408224,,,,,,,,,,,,,,,,,,,,,,,,,,,,,,,,,,,,,,,,,,,,,,,,,,,,,,,,,,,,,,,
131.5243,26.471674,0.00050572655,131.5243,26.471674,0.00047597795,,,,,,,,,,,,,,,,,,,,,,,,,,,,,,,,,,,,,,,,,,,,,,,,,,,,,,,,,,,,,131.5243,26.471674,-0.18707125,131.5243,26.471674,-0.24778138,,,,,,,,,,,,,,,,,,,,,,,,,,,,,,,,,,,,,,,,,,,,,,,,,,,,,,,,,,,,,,,
131.5243,26.501654,0.0006395954,131.5243,26.501654,0.00043135503,,,,,,,,,,,,,,,,,,,,,,,,,,,,,,,,,,,,,,,,,,,,,,,,,,,,,,,,,,,,,131.5243,26.501654,0.3008398,131.5243,26.501654,-0.38720796,,,,,,,,,,,,,,,,,,,,,,,,,,,,,,,,,,,,,,,,,,,,,,,,,,,,,,,,,,,,,,,
131.5243,26.531633,0.0004908523,131.5243,26.531633,0.0005206009,,,,,,,,,,,,,,,,,,,,,,,,,,,,,,,,,,,,,,,,,,,,,,,,,,,,,,,,,,,,,131.5243,26.531633,-0.26074788,131.5243,26.531633,-0.11240535,,,,,,,,,,,,,,,,,,,,,,,,,,,,,,,,,,,,,,,,,,,,,,,,,,,,,,,,,,,,,,,
131.5243,26.561611,0.0005206009,131.5243,26.561611,0.0005949724,,,,,,,,,,,,,,,,,,,,,,,,,,,,,,,,,,,,,,,,,,,,,,,,,,,,,,,,,,,,,131.5243,26.561611,-0.13446504,131.5243,26.561611,0.18120807,,,,,,,,,,,,,,,,,,,,,,,,,,,,,,,,,,,,,,,,,,,,,,,,,,,,,,,,,,,,,,,
131.5243,26.59159,0.0004908523,131.5243,26.59159,0.0005503495,,,,,,,,,,,,,,,,,,,,,,,,,,,,,,,,,,,,,,,,,,,,,,,,,,,,,,,,,,,,,131.5243,26.59159,-0.26453093,131.5243,26.59159,0.05814124,,,,,,,,,,,,,,,,,,,,,,,,,,,,,,,,,,,,,,,,,,,,,,,,,,,,,,,,,,,,,,,
131.5243,26.62157,0.0006395953,131.5243,26.62157,0.00050572655,,,,,,,,,,,,,,,,,,,,,,,,,,,,,,,,,,,,,,,,,,,,,,,,,,,,,,,,,,,,,131.5243,26.62157,0.32547003,131.5243,26.62157,-0.09896108,,,,,,,,,,,,,,,,,,,,,,,,,,,,,,,,,,,,,,,,,,,,,,,,,,,,,,,,,,,,,,,
131.5243,26.65155,0.00058009813,131.5243,26.65155,0.00038673205,,,,,,,,,,,,,,,,,,,,,,,,,,,,,,,,,,,,,,,,,,,,,,,,,,,,,,,,,,,,,131.5243,26.65155,0.11094955,131.5243,26.65155,-0.55541563,,,,,,,,,,,,,,,,,,,,,,,,,,,,,,,,,,,,,,,,,,,,,,,,,,,,,,,,,,,,,,,
131.5243,26.681528,0.0006395954,131.5243,26.681528,0.0005800982,,,,,,,,,,,,,,,,,,,,,,,,,,,,,,,,,,,,,,,,,,,,,,,,,,,,,,,,,,,,,131.5243,26.681528,0.31163496,131.5243,26.681528,0.12385253,,,,,,,,,,,,,,,,,,,,,,,,,,,,,,,,,,,,,,,,,,,,,,,,,,,,,,,,,,,,,,,
131.5243,26.711508,0.00050572655,131.5243,26.711508,0.00050572655,,,,,,,,,,,,,,,,,,,,,,,,,,,,,,,,,,,,,,,,,,,,,,,,,,,,,,,,,,,,,131.5243,26.711508,-0.21872869,131.5243,26.711508,-0.085787416,,,,,,,,,,,,,,,,,,,,,,,,,,,,,,,,,,,,,,,,,,,,,,,,,,,,,,,,,,,,,,,
131.5243,26.741488,0.00068421836,131.5243,26.741488,0.0006395954,,,,,,,,,,,,,,,,,,,,,,,,,,,,,,,,,,,,,,,,,,,,,,,,,,,,,,,,,,,,,131.5243,26.741488,0.47299182,131.5243,26.741488,0.4174101,,,,,,,,,,,,,,,,,,,,,,,,,,,,,,,,,,,,,,,,,,,,,,,,,,,,,,,,,,,,,,,
131.5243,26.771467,0.00068421836,131.5243,26.771467,0.00050572655,,,,,,,,,,,,,,,,,,,,,,,,,,,,,,,,,,,,,,,,,,,,,,,,,,,,,,,,,,,,,131.5243,26.771467,0.44467682,131.5243,26.771467,-0.11415674,,,,,,,,,,,,,,,,,,,,,,,,,,,,,,,,,,,,,,,,,,,,,,,,,,,,,,,,,,,,,,,
131.5243,26.801445,0.00062472105,131.5243,26.801445,0.00046110366,,,,,,,,,,,,,,,,,,,,,,,,,,,,,,,,,,,,,,,,,,,,,,,,,,,,,,,,,,,,,131.5243,26.801445,0.25389346,131.5243,26.801445,-0.27162698,,,,,,,,,,,,,,,,,,,,,,,,,,,,,,,,,,,,,,,,,,,,,,,,,,,,,,,,,,,,,,,
131.5243,26.831425,0.000669344,131.5243,26.831425,0.00050572655,,,,,,,,,,,,,,,,,,,,,,,,,,,,,,,,,,,,,,,,,,,,,,,,,,,,,,,,,,,,,131.5243,26.831425,0.38934252,131.5243,26.831425,-0.11215176,,,,,,,,,,,,,,,,,,,,,,,,,,,,,,,,,,,,,,,,,,,,,,,,,,,,,,,,,,,,,,,
131.5243,26.861404,0.0006247211,131.5243,26.861404,0.00065446965,,,,,,,,,,,,,,,,,,,,,,,,,,,,,,,,,,,,,,,,,,,,,,,,,,,,,,,,,,,,,131.5243,26.861404,0.27097458,131.5243,26.861404,0.4748766,,,,,,,,,,,,,,,,,,,,,,,,,,,,,,,,,,,,,,,,,,,,,,,,,,,,,,,,,,,,,,,
131.5243,26.891384,0.0005800982,131.5243,26.891384,0.0005354752,,,,,,,,,,,,,,,,,,,,,,,,,,,,,,,,,,,,,,,,,,,,,,,,,,,,,,,,,,,,,131.5243,26.891384,0.10553034,131.5243,26.891384,-0.017219212,,,,,,,,,,,,,,,,,,,,,,,,,,,,,,,,,,,,,,,,,,,,,,,,,,,,,,,,,,,,,,,
131.5243,26.921362,0.00068421836,131.5243,26.921362,0.00068421825,,,,,,,,,,,,,,,,,,,,,,,,,,,,,,,,,,,,,,,,,,,,,,,,,,,,,,,,,,,,,131.5243,26.921362,0.451096,131.5243,26.921362,0.5145969,,,,,,,,,,,,,,,,,,,,,,,,,,,,,,,,,,,,,,,,,,,,,,,,,,,,,,,,,,,,,,,
131.5243,26.951342,0.0006098467,131.5243,26.951342,0.00041648067,,,,,,,,,,,,,,,,,,,,,,,,,,,,,,,,,,,,,,,,,,,,,,,,,,,,,,,,,,,,,131.5243,26.951342,0.20797019,131.5243,26.951342,-0.4665583,,,,,,,,,,,,,,,,,,,,,,,,,,,,,,,,,,,,,,,,,,,,,,,,,,,,,,,,,,,,,,,
131.5243,26.981321,0.0006247212,131.5243,26.981321,0.00046110366,,,,,,,,,,,,,,,,,,,,,,,,,,,,,,,,,,,,,,,,,,,,,,,,,,,,,,,,,,,,,131.5243,26.981321,0.23519108,131.5243,26.981321,-0.31359208,,,,,,,,,,,,,,,,,,,,,,,,,,,,,,,,,,,,,,,,,,,,,,,,,,,,,,,,,,,,,,,
131.5243,27.011301,0.00050572655,131.5243,27.011301,0.00069909263,,,,,,,,,,,,,,,,,,,,,,,,,,,,,,,,,,,,,,,,,,,,,,,,,,,,,,,,,,,,,131.5243,27.011301,-0.16729742,131.5243,27.011301,0.6087918,,,,,,,,,,,,,,,,,,,,,,,,,,,,,,,,,,,,,,,,,,,,,,,,,,,,,,,,,,,,,,,
131.5243,27.041279,0.00058009813,131.5243,27.041279,0.0005057266,,,,,,,,,,,,,,,,,,,,,,,,,,,,,,,,,,,,,,,,,,,,,,,,,,,,,,,,,,,,,131.5243,27.041279,0.09438831,131.5243,27.041279,-0.10540425,,,,,,,,,,,,,,,,,,,,,,,,,,,,,,,,,,,,,,,,,,,,,,,,,,,,,,,,,,,,,,,
131.5243,27.071259,0.0004908523,131.5243,27.071259,0.00062472105,,,,,,,,,,,,,,,,,,,,,,,,,,,,,,,,,,,,,,,,,,,,,,,,,,,,,,,,,,,,,131.5243,27.071259,-0.23137611,131.5243,27.071259,0.32119814,,,,,,,,,,,,,,,,,,,,,,,,,,,,,,,,,,,,,,,,,,,,,,,,,,,,,,,,,,,,,,,
131.5243,27.101238,0.00053547526,131.5243,27.101238,0.0007288412,,,,,,,,,,,,,,,,,,,,,,,,,,,,,,,,,,,,,,,,,,,,,,,,,,,,,,,,,,,,,131.5243,27.101238,-0.078196086,131.5243,27.101238,0.74380326,,,,,,,,,,,,,,,,,,,,,,,,,,,,,,,,,,,,,,,,,,,,,,,,,,,,,,,,,,,,,,,
131.5243,27.131218,0.00068421825,131.5243,27.131218,0.0006247211,,,,,,,,,,,,,,,,,,,,,,,,,,,,,,,,,,,,,,,,,,,,,,,,,,,,,,,,,,,,,131.5243,27.131218,0.46230343,131.5243,27.131218,0.2989164,,,,,,,,,,,,,,,,,,,,,,,,,,,,,,,,,,,,,,,,,,,,,,,,,,,,,,,,,,,,,,,
131.5243,27.161196,0.00047597795,131.5243,27.161196,0.0004462294,,,,,,,,,,,,,,,,,,,,,,,,,,,,,,,,,,,,,,,,,,,,,,,,,,,,,,,,,,,,,131.5243,27.161196,-0.3206054,131.5243,27.161196,-0.32706815,,,,,,,,,,,,,,,,,,,,,,,,,,,,,,,,,,,,,,,,,,,,,,,,,,,,,,,,,,,,,,,
131.5243,27.191175,0.00043135497,131.5243,27.191175,0.0005354752,,,,,,,,,,,,,,,,,,,,,,,,,,,,,,,,,,,,,,,,,,,,,,,,,,,,,,,,,,,,,131.5243,27.191175,-0.47874275,131.5243,27.191175,-0.022449048,,,,,,,,,,,,,,,,,,,,,,,,,,,,,,,,,,,,,,,,,,,,,,,,,,,,,,,,,,,,,,,
131.5243,27.221155,0.00041648067,131.5243,27.221155,0.00044622936,,,,,,,,,,,,,,,,,,,,,,,,,,,,,,,,,,,,,,,,,,,,,,,,,,,,,,,,,,,,,131.5243,27.221155,-0.5417076,131.5243,27.221155,-0.33742452,,,,,,,,,,,,,,,,,,,,,,,,,,,,,,,,,,,,,,,,,,,,,,,,,,,,,,,,,,,,,,,
131.5243,27.251135,0.0005949724,131.5243,27.251135,0.0004462294,,,,,,,,,,,,,,,,,,,,,,,,,,,,,,,,,,,,,,,,,,,,,,,,,,,,,,,,,,,,,131.5243,27.251135,0.14102295,131.5243,27.251135,-0.36461318,,,,,,,,,,,,,,,,,,,,,,,,,,,,,,,,,,,,,,,,,,,,,,,,,,,,,,,,,,,,,,,
131.5243,27.281113,0.00052060094,131.5243,27.281113,0.0005206008,,,,,,,,,,,,,,,,,,,,,,,,,,,,,,,,,,,,,,,,,,,,,,,,,,,,,,,,,,,,,131.5243,27.281113,-0.13883655,131.5243,27.281113,-0.075484306,,,,,,,,,,,,,,,,,,,,,,,,,,,,,,,,,,,,,,,,,,,,,,,,,,,,,,,,,,,,,,,
131.5243,27.311092,0.0005354752,131.5243,27.311092,0.00055034953,,,,,,,,,,,,,,,,,,,,,,,,,,,,,,,,,,,,,,,,,,,,,,,,,,,,,,,,,,,,,131.5243,27.311092,-0.06650729,131.5243,27.311092,0.081231624,,,,,,,,,,,,,,,,,,,,,,,,,,,,,,,,,,,,,,,,,,,,,,,,,,,,,,,,,,,,,,,
131.5243,27.341072,0.0005652238,131.5243,27.341072,0.0006098468,,,,,,,,,,,,,,,,,,,,,,,,,,,,,,,,,,,,,,,,,,,,,,,,,,,,,,,,,,,,,131.5243,27.341072,0.01615612,131.5243,27.341072,0.2504568,,,,,,,,,,,,,,,,,,,,,,,,,,,,,,,,,,,,,,,,,,,,,,,,,,,,,,,,,,,,,,,
131.5243,27.371052,0.0005503495,131.5243,27.371052,0.00046110366,,,,,,,,,,,,,,,,,,,,,,,,,,,,,,,,,,,,,,,,,,,,,,,,,,,,,,,,,,,,,131.5243,27.371052,-0.023495521,131.5243,27.371052,-0.27818137,,,,,,,,,,,,,,,,,,,,,,,,,,,,,,,,,,,,,,,,,,,,,,,,,,,,,,,,,,,,,,,
131.5243,27.401031,0.0005949724,131.5243,27.401031,0.0005206009,,,,,,,,,,,,,,,,,,,,,,,,,,,,,,,,,,,,,,,,,,,,,,,,,,,,,,,,,,,,,131.5243,27.401031,0.13217264,131.5243,27.401031,-0.047209807,,,,,,,,,,,,,,,,,,,,,,,,,,,,,,,,,,,,,,,,,,,,,,,,,,,,,,,,,,,,,,,
131.5243,27.43101,0.00050572655,131.5243,27.43101,0.0005206009,,,,,,,,,,,,,,,,,,,,,,,,,,,,,,,,,,,,,,,,,,,,,,,,,,,,,,,,,,,,,131.5243,27.43101,-0.21479338,131.5243,27.43101,-0.09978793,,,,,,,,,,,,,,,,,,,,,,,,,,,,,,,,,,,,,,,,,,,,,,,,,,,,,,,,,,,,,,,
131.5243,27.460989,0.00058009813,131.5243,27.460989,0.0007139669,,,,,,,,,,,,,,,,,,,,,,,,,,,,,,,,,,,,,,,,,,,,,,,,,,,,,,,,,,,,,131.5243,27.460989,0.0784169,131.5243,27.460989,0.6383798,,,,,,,,,,,,,,,,,,,,,,,,,,,,,,,,,,,,,,,,,,,,,,,,,,,,,,,,,,,,,,,
131.5243,27.490969,0.0005949725,131.5243,27.490969,0.0005800982,,,,,,,,,,,,,,,,,,,,,,,,,,,,,,,,,,,,,,,,,,,,,,,,,,,,,,,,,,,,,131.5243,27.490969,0.13079436,131.5243,27.490969,0.16601849,,,,,,,,,,,,,,,,,,,,,,,,,,,,,,,,,,,,,,,,,,,,,,,,,,,,,,,,,,,,,,,
131.5243,27.520948,0.0006247211,131.5243,27.520948,0.0006098467,,,,,,,,,,,,,,,,,,,,,,,,,,,,,,,,,,,,,,,,,,,,,,,,,,,,,,,,,,,,,131.5243,27.520948,0.24150324,131.5243,27.520948,0.27549058,,,,,,,,,,,,,,,,,,,,,,,,,,,,,,,,,,,,,,,,,,,,,,,,,,,,,,,,,,,,,,,
131.5243,27.550926,0.00055034953,131.5243,27.550926,0.0004908523,,,,,,,,,,,,,,,,,,,,,,,,,,,,,,,,,,,,,,,,,,,,,,,,,,,,,,,,,,,,,131.5243,27.550926,-0.045118853,131.5243,27.550926,-0.18719569,,,,,,,,,,,,,,,,,,,,,,,,,,,,,,,,,,,,,,,,,,,,,,,,,,,,,,,,,,,,,,,
131.5243,27.580906,0.00047597795,131.5243,27.580906,0.00046110371,,,,,,,,,,,,,,,,,,,,,,,,,,,,,,,,,,,,,,,,,,,,,,,,,,,,,,,,,,,,,131.5243,27.580906,-0.3082535,131.5243,27.580906,-0.28899905,,,,,,,,,,,,,,,,,,,,,,,,,,,,,,,,,,,,,,,,,,,,,,,,,,,,,,,,,,,,,,,
131.5243,27.610886,0.0005949724,131.5243,27.610886,0.000713967,,,,,,,,,,,,,,,,,,,,,,,,,,,,,,,,,,,,,,,,,,,,,,,,,,,,,,,,,,,,,131.5243,27.610886,0.12887277,131.5243,27.610886,0.69662094,,,,,,,,,,,,,,,,,,,,,,,,,,,,,,,,,,,,,,,,,,,,,,,,,,,,,,,,,,,,,,,
131.5243,27.640865,0.0007288413,131.5243,27.640865,0.00046110366,,,,,,,,,,,,,,,,,,,,,,,,,,,,,,,,,,,,,,,,,,,,,,,,,,,,,,,,,,,,,131.5243,27.640865,0.63629806,131.5243,27.640865,-0.27862915,,,,,,,,,,,,,,,,,,,,,,,,,,,,,,,,,,,,,,,,,,,,,,,,,,,,,,,,,,,,,,,
131.5243,27.670843,0.00065446965,131.5243,27.670843,0.00055034953,,,,,,,,,,,,,,,,,,,,,,,,,,,,,,,,,,,,,,,,,,,,,,,,,,,,,,,,,,,,,131.5243,27.670843,0.3852956,131.5243,27.670843,0.07795283,,,,,,,,,,,,,,,,,,,,,,,,,,,,,,,,,,,,,,,,,,,,,,,,,,,,,,,,,,,,,,,
131.5243,27.700823,0.0005652238,131.5243,27.700823,0.00052060094,,,,,,,,,,,,,,,,,,,,,,,,,,,,,,,,,,,,,,,,,,,,,,,,,,,,,,,,,,,,,131.5243,27.700823,0.0016332832,131.5243,27.700823,-0.10131028,,,,,,,,,,,,,,,,,,,,,,,,,,,,,,,,,,,,,,,,,,,,,,,,,,,,,,,,,,,,,,,
131.5243,27.730803,0.000669344,131.5243,27.730803,0.0005503495,,,,,,,,,,,,,,,,,,,,,,,,,,,,,,,,,,,,,,,,,,,,,,,,,,,,,,,,,,,,,131.5243,27.730803,0.41554996,131.5243,27.730803,0.009011309,,,,,,,,,,,,,,,,,,,,,,,,,,,,,,,,,,,,,,,,,,,,,,,,,,,,,,,,,,,,,,,
131.5243,27.760782,0.00043135497,131.5243,27.760782,0.00038673205,,,,,,,,,,,,,,,,,,,,,,,,,,,,,,,,,,,,,,,,,,,,,,,,,,,,,,,,,,,,,131.5243,27.760782,-0.49997985,131.5243,27.760782,-0.6051362,,,,,,,,,,,,,,,,,,,,,,,,,,,,,,,,,,,,,,,,,,,,,,,,,,,,,,,,,,,,,,,
131.5243,27.79076,0.0006395954,131.5243,27.79076,0.00066934404,,,,,,,,,,,,,,,,,,,,,,,,,,,,,,,,,,,,,,,,,,,,,,,,,,,,,,,,,,,,,131.5243,27.79076,0.3037582,131.5243,27.79076,0.4411823,,,,,,,,,,,,,,,,,,,,,,,,,,,,,,,,,,,,,,,,,,,,,,,,,,,,,,,,,,,,,,,
131.5243,27.82074,0.0006395954,131.5243,27.82074,0.0006098467,,,,,,,,,,,,,,,,,,,,,,,,,,,,,,,,,,,,,,,,,,,,,,,,,,,,,,,,,,,,,131.5243,27.82074,0.30550602,131.5243,27.82074,0.2547018,,,,,,,,,,,,,,,,,,,,,,,,,,,,,,,,,,,,,,,,,,,,,,,,,,,,,,,,,,,,,,,
131.5243,27.85072,0.00066934404,131.5243,27.85072,0.0004908523,,,,,,,,,,,,,,,,,,,,,,,,,,,,,,,,,,,,,,,,,,,,,,,,,,,,,,,,,,,,,131.5243,27.85072,0.43410844,131.5243,27.85072,-0.19049978,,,,,,,,,,,,,,,,,,,,,,,,,,,,,,,,,,,,,,,,,,,,,,,,,,,,,,,,,,,,,,,
131.5243,27.8807,0.00034210915,131.5243,27.8807,0.0005949724,,,,,,,,,,,,,,,,,,,,,,,,,,,,,,,,,,,,,,,,,,,,,,,,,,,,,,,,,,,,,131.5243,27.8807,-0.7989384,131.5243,27.8807,0.22016372,,,,,,,,,,,,,,,,,,,,,,,,,,,,,,,,,,,,,,,,,,,,,,,,,,,,,,,,,,,,,,,
131.5243,27.910677,0.00043135503,131.5243,27.910677,0.000669344,,,,,,,,,,,,,,,,,,,,,,,,,,,,,,,,,,,,,,,,,,,,,,,,,,,,,,,,,,,,,131.5243,27.910677,-0.45979267,131.5243,27.910677,0.45663732,,,,,,,,,,,,,,,,,,,,,,,,,,,,,,,,,,,,,,,,,,,,,,,,,,,,,,,,,,,,,,,
131.5243,27.940657,0.00069909263,131.5243,27.940657,0.00058009813,,,,,,,,,,,,,,,,,,,,,,,,,,,,,,,,,,,,,,,,,,,,,,,,,,,,,,,,,,,,,131.5243,27.940657,0.5220075,131.5243,27.940657,0.13505861,,,,,,,,,,,,,,,,,,,,,,,,,,,,,,,,,,,,,,,,,,,,,,,,,,,,,,,,,,,,,,,
131.5243,27.970636,0.00041648076,131.5243,27.970636,0.00038673205,,,,,,,,,,,,,,,,,,,,,,,,,,,,,,,,,,,,,,,,,,,,,,,,,,,,,,,,,,,,,131.5243,27.970636,-0.55167305,131.5243,27.970636,-0.5897547,,,,,,,,,,,,,,,,,,,,,,,,,,,,,,,,,,,,,,,,,,,,,,,,,,,,,,,,,,,,,,,
131.5243,28.000616,0.00040160643,131.5243,28.000616,0.00038673208,,,,,,,,,,,,,,,,,,,,,,,,,,,,,,,,,,,,,,,,,,,,,,,,,,,,,,,,,,,,,131.5243,28.000616,-0.5863655,131.5243,28.000616,-0.58417255,,,,,,,,,,,,,,,,,,,,,,,,,,,,,,,,,,,,,,,,,,,,,,,,,,,,,,,,,,,,,,,
131.5243,28.030594,0.0006098468,131.5243,28.030594,0.00034210912,,,,,,,,,,,,,,,,,,,,,,,,,,,,,,,,,,,,,,,,,,,,,,,,,,,,,,,,,,,,,131.5243,28.030594,0.22230461,131.5243,28.030594,-0.7238058,,,,,,,,,,,,,,,,,,,,,,,,,,,,,,,,,,,,,,,,,,,,,,,,,,,,,,,,,,,,,,,
131.5243,28.060574,0.00066934404,131.5243,28.060574,0.00040160643,,,,,,,,,,,,,,,,,,,,,,,,,,,,,,,,,,,,,,,,,,,,,,,,,,,,,,,,,,,,,131.5243,28.060574,0.41017333,131.5243,28.060574,-0.521715,,,,,,,,,,,,,,,,,,,,,,,,,,,,,,,,,,,,,,,,,,,,,,,,,,,,,,,,,,,,,,,
131.5243,28.090553,0.0005503495,131.5243,28.090553,0.0005949724,,,,,,,,,,,,,,,,,,,,,,,,,,,,,,,,,,,,,,,,,,,,,,,,,,,,,,,,,,,,,131.5243,28.090553,-0.040691335,131.5243,28.090553,0.19703549,,,,,,,,,,,,,,,,,,,,,,,,,,,,,,,,,,,,,,,,,,,,,,,,,,,,,,,,,,,,,,,
131.5243,28.120533,0.00069909263,131.5243,28.120533,0.00040160643,,,,,,,,,,,,,,,,,,,,,,,,,,,,,,,,,,,,,,,,,,,,,,,,,,,,,,,,,,,,,131.5243,28.120533,0.5232901,131.5243,28.120533,-0.4532059,,,,,,,,,,,,,,,,,,,,,,,,,,,,,,,,,,,,,,,,,,,,,,,,,,,,,,,,,,,,,,,
131.5243,28.150513,0.00059497246,131.5243,28.150513,0.0006395953,,,,,,,,,,,,,,,,,,,,,,,,,,,,,,,,,,,,,,,,,,,,,,,,,,,,,,,,,,,,,131.5243,28.150513,0.122338295,131.5243,28.150513,0.3873459,,,,,,,,,,,,,,,,,,,,,,,,,,,,,,,,,,,,,,,,,,,,,,,,,,,,,,,,,,,,,,,
131.5243,28.18049,0.0006098467,131.5243,28.18049,0.0004759779,,,,,,,,,,,,,,,,,,,,,,,,,,,,,,,,,,,,,,,,,,,,,,,,,,,,,,,,,,,,,131.5243,28.18049,0.23956068,131.5243,28.18049,-0.21596146,,,,,,,,,,,,,,,,,,,,,,,,,,,,,,,,,,,,,,,,,,,,,,,,,,,,,,,,,,,,,,,
131.5243,28.21047,0.0008180872,131.5243,28.21047,0.00043135503,,,,,,,,,,,,,,,,,,,,,,,,,,,,,,,,,,,,,,,,,,,,,,,,,,,,,,,,,,,,,131.5243,28.21047,0.9482478,131.5243,28.21047,-0.36562607,,,,,,,,,,,,,,,,,,,,,,,,,,,,,,,,,,,,,,,,,,,,,,,,,,,,,,,,,,,,,,,
131.5243,28.24045,0.00043135506,131.5243,28.24045,0.0005206009,,,,,,,,,,,,,,,,,,,,,,,,,,,,,,,,,,,,,,,,,,,,,,,,,,,,,,,,,,,,,131.5243,28.24045,-0.4666607,131.5243,28.24045,-0.115411945,,,,,,,,,,,,,,,,,,,,,,,,,,,,,,,,,,,,,,,,,,,,,,,,,,,,,,,,,,,,,,,
131.5243,28.27043,0.00040160643,131.5243,28.27043,0.00062472105,,,,,,,,,,,,,,,,,,,,,,,,,,,,,,,,,,,,,,,,,,,,,,,,,,,,,,,,,,,,,131.5243,28.27043,-0.5863383,131.5243,28.27043,0.30164745,,,,,,,,,,,,,,,,,,,,,,,,,,,,,,,,,,,,,,,,,,,,,,,,,,,,,,,,,,,,,,,
131.5243,28.300407,0.0004759779,131.5243,28.300407,0.0006395954,,,,,,,,,,,,,,,,,,,,,,,,,,,,,,,,,,,,,,,,,,,,,,,,,,,,,,,,,,,,,131.5243,28.300407,-0.3119362,131.5243,28.300407,0.3388565,,,,,,,,,,,,,,,,,,,,,,,,,,,,,,,,,,,,,,,,,,,,,,,,,,,,,,,,,,,,,,,
131.5243,28.330387,0.0004908523,131.5243,28.330387,0.0005206008,,,,,,,,,,,,,,,,,,,,,,,,,,,,,,,,,,,,,,,,,,,,,,,,,,,,,,,,,,,,,131.5243,28.330387,-0.275059,131.5243,28.330387,-0.09480119,,,,,,,,,,,,,,,,,,,,,,,,,,,,,,,,,,,,,,,,,,,,,,,,,,,,,,,,,,,,,,,
131.5243,28.360367,0.00053547526,131.5243,28.360367,0.00072884123,,,,,,,,,,,,,,,,,,,,,,,,,,,,,,,,,,,,,,,,,,,,,,,,,,,,,,,,,,,,,131.5243,28.360367,-0.1196591,131.5243,28.360367,0.7348848,,,,,,,,,,,,,,,,,,,,,,,,,,,,,,,,,,,,,,,,,,,,,,,,,,,,,,,,,,,,,,,
131.5243,28.390347,0.0004462293,131.5243,28.390347,0.0006098467,,,,,,,,,,,,,,,,,,,,,,,,,,,,,,,,,,,,,,,,,,,,,,,,,,,,,,,,,,,,,131.5243,28.390347,-0.44675875,131.5243,28.390347,0.23958927,,,,,,,,,,,,,,,,,,,,,,,,,,,,,,,,,,,,,,,,,,,,,,,,,,,,,,,,,,,,,,,
131.5243,28.420324,0.0006842183,131.5243,28.420324,0.00052060094,,,,,,,,,,,,,,,,,,,,,,,,,,,,,,,,,,,,,,,,,,,,,,,,,,,,,,,,,,,,,131.5243,28.420324,0.46425152,131.5243,28.420324,-0.033802252,,,,,,,,,,,,,,,,,,,,,,,,,,,,,,,,,,,,,,,,,,,,,,,,,,,,,,,,,,,,,,,
131.5243,28.450304,0.00062472105,131.5243,28.450304,0.0004016064,,,,,,,,,,,,,,,,,,,,,,,,,,,,,,,,,,,,,,,,,,,,,,,,,,,,,,,,,,,,,131.5243,28.450304,0.2841514,131.5243,28.450304,-0.51816404,,,,,,,,,,,,,,,,,,,,,,,,,,,,,,,,,,,,,,,,,,,,,,,,,,,,,,,,,,,,,,,
131.5243,28.480284,0.0004908523,131.5243,28.480284,0.00040160643,,,,,,,,,,,,,,,,,,,,,,,,,,,,,,,,,,,,,,,,,,,,,,,,,,,,,,,,,,,,,131.5243,28.480284,-0.278786,131.5243,28.480284,-0.5109184,,,,,,,,,,,,,,,,,,,,,,,,,,,,,,,,,,,,,,,,,,,,,,,,,,,,,,,,,,,,,,,
131.5243,28.510263,0.00059497246,131.5243,28.510263,0.00069909263,,,,,,,,,,,,,,,,,,,,,,,,,,,,,,,,,,,,,,,,,,,,,,,,,,,,,,,,,,,,,131.5243,28.510263,0.13629028,131.5243,28.510263,0.60098666,,,,,,,,,,,,,,,,,,,,,,,,,,,,,,,,,,,,,,,,,,,,,,,,,,,,,,,,,,,,,,,
131.5243,28.540241,0.00062472105,131.5243,28.540241,0.0007734642,,,,,,,,,,,,,,,,,,,,,,,,,,,,,,,,,,,,,,,,,,,,,,,,,,,,,,,,,,,,,131.5243,28.540241,0.26661056,131.5243,28.540241,0.88689595,,,,,,,,,,,,,,,,,,,,,,,,,,,,,,,,,,,,,,,,,,,,,,,,,,,,,,,,,,,,,,,
131.5243,28.57022,0.0006395954,131.5243,28.57022,0.00068421825,,,,,,,,,,,,,,,,,,,,,,,,,,,,,,,,,,,,,,,,,,,,,,,,,,,,,,,,,,,,,131.5243,28.57022,0.31197786,131.5243,28.57022,0.5409268,,,,,,,,,,,,,,,,,,,,,,,,,,,,,,,,,,,,,,,,,,,,,,,,,,,,,,,,,,,,,,,
131.5243,28.6002,0.0005800982,131.5243,28.6002,0.00050572655,,,,,,,,,,,,,,,,,,,,,,,,,,,,,,,,,,,,,,,,,,,,,,,,,,,,,,,,,,,,,131.5243,28.6002,0.09455308,131.5243,28.6002,-0.10859757,,,,,,,,,,,,,,,,,,,,,,,,,,,,,,,,,,,,,,,,,,,,,,,,,,,,,,,,,,,,,,,
131.5243,28.63018,0.00062472105,131.5243,28.63018,0.00044622936,,,,,,,,,,,,,,,,,,,,,,,,,,,,,,,,,,,,,,,,,,,,,,,,,,,,,,,,,,,,,131.5243,28.63018,0.25138855,131.5243,28.63018,-0.351163,,,,,,,,,,,,,,,,,,,,,,,,,,,,,,,,,,,,,,,,,,,,,,,,,,,,,,,,,,,,,,,
131.5243,28.660158,0.0006395953,131.5243,28.660158,0.0005354752,,,,,,,,,,,,,,,,,,,,,,,,,,,,,,,,,,,,,,,,,,,,,,,,,,,,,,,,,,,,,131.5243,28.660158,0.2702894,131.5243,28.660158,-0.02955348,,,,,,,,,,,,,,,,,,,,,,,,,,,,,,,,,,,,,,,,,,,,,,,,,,,,,,,,,,,,,,,
131.5243,28.690138,0.0005206009,131.5243,28.690138,0.0006098468,,,,,,,,,,,,,,,,,,,,,,,,,,,,,,,,,,,,,,,,,,,,,,,,,,,,,,,,,,,,,131.5243,28.690138,-0.122192994,131.5243,28.690138,0.28772935,,,,,,,,,,,,,,,,,,,,,,,,,,,,,,,,,,,,,,,,,,,,,,,,,,,,,,,,,,,,,,,
131.5243,28.720118,0.00062472105,131.5243,28.720118,0.00047597795,,,,,,,,,,,,,,,,,,,,,,,,,,,,,,,,,,,,,,,,,,,,,,,,,,,,,,,,,,,,,131.5243,28.720118,0.21280299,131.5243,28.720118,-0.23109272,,,,,,,,,,,,,,,,,,,,,,,,,,,,,,,,,,,,,,,,,,,,,,,,,,,,,,,,,,,,,,,
131.5243,28.750097,0.0005949724,131.5243,28.750097,0.0006395954,,,,,,,,,,,,,,,,,,,,,,,,,,,,,,,,,,,,,,,,,,,,,,,,,,,,,,,,,,,,,131.5243,28.750097,0.142625,131.5243,28.750097,0.41136286,,,,,,,,,,,,,,,,,,,,,,,,,,,,,,,,,,,,,,,,,,,,,,,,,,,,,,,,,,,,,,,
131.5243,28.780075,0.00047597795,131.5243,28.780075,0.0005503495,,,,,,,,,,,,,,,,,,,,,,,,,,,,,,,,,,,,,,,,,,,,,,,,,,,,,,,,,,,,,131.5243,28.780075,-0.31566703,131.5243,28.780075,0.0332817,,,,,,,,,,,,,,,,,,,,,,,,,,,,,,,,,,,,,,,,,,,,,,,,,,,,,,,,,,,,,,,
131.5243,28.810055,0.00053547515,131.5243,28.810055,0.00058009813,,,,,,,,,,,,,,,,,,,,,,,,,,,,,,,,,,,,,,,,,,,,,,,,,,,,,,,,,,,,,131.5243,28.810055,-0.068698734,131.5243,28.810055,0.12607521,,,,,,,,,,,,,,,,,,,,,,,,,,,,,,,,,,,,,,,,,,,,,,,,,,,,,,,,,,,,,,,
131.5243,28.840034,0.0005503495,131.5243,28.840034,0.0006693439,,,,,,,,,,,,,,,,,,,,,,,,,,,,,,,,,,,,,,,,,,,,,,,,,,,,,,,,,,,,,131.5243,28.840034,-0.03120453,131.5243,28.840034,0.4922942,,,,,,,,,,,,,,,,,,,,,,,,,,,,,,,,,,,,,,,,,,,,,,,,,,,,,,,,,,,,,,,
131.5243,28.870014,0.0005652238,131.5243,28.870014,0.00068421825,,,,,,,,,,,,,,,,,,,,,,,,,,,,,,,,,,,,,,,,,,,,,,,,,,,,,,,,,,,,,131.5243,28.870014,0.04932058,131.5243,28.870014,0.51563245,,,,,,,,,,,,,,,,,,,,,,,,,,,,,,,,,,,,,,,,,,,,,,,,,,,,,,,,,,,,,,,
131.5243,28.899992,0.0006098467,131.5243,28.899992,0.00046110366,,,,,,,,,,,,,,,,,,,,,,,,,,,,,,,,,,,,,,,,,,,,,,,,,,,,,,,,,,,,,131.5243,28.899992,0.18088916,131.5243,28.899992,-0.3000727,,,,,,,,,,,,,,,,,,,,,,,,,,,,,,,,,,,,,,,,,,,,,,,,,,,,,,,,,,,,,,,
131.5243,28.929972,0.00062472105,131.5243,28.929972,0.00044622936,,,,,,,,,,,,,,,,,,,,,,,,,,,,,,,,,,,,,,,,,,,,,,,,,,,,,,,,,,,,,131.5243,28.929972,0.24677266,131.5243,28.929972,-0.35910878,,,,,,,,,,,,,,,,,,,,,,,,,,,,,,,,,,,,,,,,,,,,,,,,,,,,,,,,,,,,,,,
131.5243,28.959951,0.0005206009,131.5243,28.959951,0.0005206009,,,,,,,,,,,,,,,,,,,,,,,,,,,,,,,,,,,,,,,,,,,,,,,,,,,,,,,,,,,,,131.5243,28.959951,-0.14892164,131.5243,28.959951,-0.046108194,,,,,,,,,,,,,,,,,,,,,,,,,,,,,,,,,,,,,,,,,,,,,,,,,,,,,,,,,,,,,,,
131.5243,28.989931,0.0006247212,131.5243,28.989931,0.00065446965,,,,,,,,,,,,,,,,,,,,,,,,,,,,,,,,,,,,,,,,,,,,,,,,,,,,,,,,,,,,,131.5243,28.989931,0.25600523,131.5243,28.989931,0.42030337,,,,,,,,,,,,,,,,,,,,,,,,,,,,,,,,,,,,,,,,,,,,,,,,,,,,,,,,,,,,,,,
131.5243,29.01991,0.00041648073,131.5243,29.01991,0.0005354752,,,,,,,,,,,,,,,,,,,,,,,,,,,,,,,,,,,,,,,,,,,,,,,,,,,,,,,,,,,,,131.5243,29.01991,-0.51289815,131.5243,29.01991,-0.04721923,,,,,,,,,,,,,,,,,,,,,,,,,,,,,,,,,,,,,,,,,,,,,,,,,,,,,,,,,,,,,,,
131.5243,29.049889,0.00058009813,131.5243,29.049889,0.00031236053,,,,,,,,,,,,,,,,,,,,,,,,,,,,,,,,,,,,,,,,,,,,,,,,,,,,,,,,,,,,,131.5243,29.049889,0.082658336,131.5243,29.049889,-0.8491863,,,,,,,,,,,,,,,,,,,,,,,,,,,,,,,,,,,,,,,,,,,,,,,,,,,,,,,,,,,,,,,
131.5243,29.079868,0.0005354752,131.5243,29.079868,0.00043135503,,,,,,,,,,,,,,,,,,,,,,,,,,,,,,,,,,,,,,,,,,,,,,,,,,,,,,,,,,,,,131.5243,29.079868,-0.063401185,131.5243,29.079868,-0.4096818,,,,,,,,,,,,,,,,,,,,,,,,,,,,,,,,,,,,,,,,,,,,,,,,,,,,,,,,,,,,,,,
131.5243,29.109848,0.0006395954,131.5243,29.109848,0.0006395954,,,,,,,,,,,,,,,,,,,,,,,,,,,,,,,,,,,,,,,,,,,,,,,,,,,,,,,,,,,,,131.5243,29.109848,0.29963514,131.5243,29.109848,0.4122456,,,,,,,,,,,,,,,,,,,,,,,,,,,,,,,,,,,,,,,,,,,,,,,,,,,,,,,,,,,,,,,
131.5243,29.139828,0.0006395954,131.5243,29.139828,0.0007734642,,,,,,,,,,,,,,,,,,,,,,,,,,,,,,,,,,,,,,,,,,,,,,,,,,,,,,,,,,,,,131.5243,29.139828,0.32681644,131.5243,29.139828,0.8645927,,,,,,,,,,,,,,,,,,,,,,,,,,,,,,,,,,,,,,,,,,,,,,,,,,,,,,,,,,,,,,,
131.5243,29.169806,0.00050572655,131.5243,29.169806,0.0005354752,,,,,,,,,,,,,,,,,,,,,,,,,,,,,,,,,,,,,,,,,,,,,,,,,,,,,,,,,,,,,131.5243,29.169806,-0.19301666,131.5243,29.169806,0.0034648974,,,,,,,,,,,,,,,,,,,,,,,,,,,,,,,,,,,,,,,,,,,,,,,,,,,,,,,,,,,,,,,
131.5243,29.199785,0.0006098467,131.5243,29.199785,0.0005949724,,,,,,,,,,,,,,,,,,,,,,,,,,,,,,,,,,,,,,,,,,,,,,,,,,,,,,,,,,,,,131.5243,29.199785,0.19148125,131.5243,29.199785,0.19252536,,,,,,,,,,,,,,,,,,,,,,,,,,,,,,,,,,,,,,,,,,,,,,,,,,,,,,,,,,,,,,,
131.5243,29.229765,0.00041648067,131.5243,29.229765,0.00049085234,,,,,,,,,,,,,,,,,,,,,,,,,,,,,,,,,,,,,,,,,,,,,,,,,,,,,,,,,,,,,131.5243,29.229765,-0.5312459,131.5243,29.229765,-0.16513401,,,,,,,,,,,,,,,,,,,,,,,,,,,,,,,,,,,,,,,,,,,,,,,,,,,,,,,,,,,,,,,
131.5243,29.259745,0.00050572655,131.5243,29.259745,0.00062472105,,,,,,,,,,,,,,,,,,,,,,,,,,,,,,,,,,,,,,,,,,,,,,,,,,,,,,,,,,,,,131.5243,29.259745,-0.18298334,131.5243,29.259745,0.30548435,,,,,,,,,,,,,,,,,,,,,,,,,,,,,,,,,,,,,,,,,,,,,,,,,,,,,,,,,,,,,,,
131.5243,29.289722,0.00047597795,131.5243,29.289722,0.0004016064,,,,,,,,,,,,,,,,,,,,,,,,,,,,,,,,,,,,,,,,,,,,,,,,,,,,,,,,,,,,,131.5243,29.289722,-0.32018387,131.5243,29.289722,-0.5199157,,,,,,,,,,,,,,,,,,,,,,,,,,,,,,,,,,,,,,,,,,,,,,,,,,,,,,,,,,,,,,,
131.5243,29.319702,0.0005206009,131.5243,29.319702,0.0005206009,,,,,,,,,,,,,,,,,,,,,,,,,,,,,,,,,,,,,,,,,,,,,,,,,,,,,,,,,,,,,131.5243,29.319702,-0.13742806,131.5243,29.319702,-0.093663484,,,,,,,,,,,,,,,,,,,,,,,,,,,,,,,,,,,,,,,,,,,,,,,,,,,,,,,,,,,,,,,
131.5243,29.349682,0.00043135503,131.5243,29.349682,0.0005206009,,,,,,,,,,,,,,,,,,,,,,,,,,,,,,,,,,,,,,,,,,,,,,,,,,,,,,,,,,,,,131.5243,29.349682,-0.48302352,131.5243,29.349682,-0.061490647,,,,,,,,,,,,,,,,,,,,,,,,,,,,,,,,,,,,,,,,,,,,,,,,,,,,,,,,,,,,,,,
131.5243,29.379662,0.00047597795,131.5243,29.379662,0.00043135503,,,,,,,,,,,,,,,,,,,,,,,,,,,,,,,,,,,,,,,,,,,,,,,,,,,,,,,,,,,,,131.5243,29.379662,-0.32150203,131.5243,29.379662,-0.42364314,,,,,,,,,,,,,,,,,,,,,,,,,,,,,,,,,,,,,,,,,,,,,,,,,,,,,,,,,,,,,,,
131.5243,29.40964,0.00056522386,131.5243,29.40964,0.0004759779,,,,,,,,,,,,,,,,,,,,,,,,,,,,,,,,,,,,,,,,,,,,,,,,,,,,,,,,,,,,,131.5243,29.40964,0.022773338,131.5243,29.40964,-0.25788844,,,,,,,,,,,,,,,,,,,,,,,,,,,,,,,,,,,,,,,,,,,,,,,,,,,,,,,,,,,,,,,
131.5243,29.43962,0.00059497246,131.5243,29.43962,0.0005652238,,,,,,,,,,,,,,,,,,,,,,,,,,,,,,,,,,,,,,,,,,,,,,,,,,,,,,,,,,,,,131.5243,29.43962,0.13014388,131.5243,29.43962,0.1526211,,,,,,,,,,,,,,,,,,,,,,,,,,,,,,,,,,,,,,,,,,,,,,,,,,,,,,,,,,,,,,,
131.5243,29.469599,0.0005206009,131.5243,29.469599,0.00047597795,,,,,,,,,,,,,,,,,,,,,,,,,,,,,,,,,,,,,,,,,,,,,,,,,,,,,,,,,,,,,131.5243,29.469599,-0.17256242,131.5243,29.469599,-0.20615172,,,,,,,,,,,,,,,,,,,,,,,,,,,,,,,,,,,,,,,,,,,,,,,,,,,,,,,,,,,,,,,
131.5243,29.499578,0.0006098467,131.5243,29.499578,0.00043135503,,,,,,,,,,,,,,,,,,,,,,,,,,,,,,,,,,,,,,,,,,,,,,,,,,,,,,,,,,,,,131.5243,29.499578,0.19898501,131.5243,29.499578,-0.38673088,,,,,,,,,,,,,,,,,,,,,,,,,,,,,,,,,,,,,,,,,,,,,,,,,,,,,,,,,,,,,,,
131.5243,29.529556,0.00065446965,131.5243,29.529556,0.0006990926,,,,,,,,,,,,,,,,,,,,,,,,,,,,,,,,,,,,,,,,,,,,,,,,,,,,,,,,,,,,,131.5243,29.529556,0.37937492,131.5243,29.529556,0.60460293,,,,,,,,,,,,,,,,,,,,,,,,,,,,,,,,,,,,,,,,,,,,,,,,,,,,,,,,,,,,,,,
131.5243,29.559536,0.0005652238,131.5243,29.559536,0.00040160643,,,,,,,,,,,,,,,,,,,,,,,,,,,,,,,,,,,,,,,,,,,,,,,,,,,,,,,,,,,,,131.5243,29.559536,0.026542637,131.5243,29.559536,-0.5037684,,,,,,,,,,,,,,,,,,,,,,,,,,,,,,,,,,,,,,,,,,,,,,,,,,,,,,,,,,,,,,,
131.5243,29.589516,0.00046110366,131.5243,29.589516,0.0005354752,,,,,,,,,,,,,,,,,,,,,,,,,,,,,,,,,,,,,,,,,,,,,,,,,,,,,,,,,,,,,131.5243,29.589516,-0.34858572,131.5243,29.589516,0.0015566084,,,,,,,,,,,,,,,,,,,,,,,,,,,,,,,,,,,,,,,,,,,,,,,,,,,,,,,,,,,,,,,
131.5243,29.619495,0.00041648073,131.5243,29.619495,0.00040160643,,,,,,,,,,,,,,,,,,,,,,,,,,,,,,,,,,,,,,,,,,,,,,,,,,,,,,,,,,,,,131.5243,29.619495,-0.5300243,131.5243,29.619495,-0.5331667,,,,,,,,,,,,,,,,,,,,,,,,,,,,,,,,,,,,,,,,,,,,,,,,,,,,,,,,,,,,,,,
131.5243,29.649473,0.0005354752,131.5243,29.649473,0.00034210915,,,,,,,,,,,,,,,,,,,,,,,,,,,,,,,,,,,,,,,,,,,,,,,,,,,,,,,,,,,,,131.5243,29.649473,-0.0966253,131.5243,29.649473,-0.76760936,,,,,,,,,,,,,,,,,,,,,,,,,,,,,,,,,,,,,,,,,,,,,,,,,,,,,,,,,,,,,,,
131.5243,29.679453,0.00058009813,131.5243,29.679453,0.0005354752,,,,,,,,,,,,,,,,,,,,,,,,,,,,,,,,,,,,,,,,,,,,,,,,,,,,,,,,,,,,,131.5243,29.679453,0.08631797,131.5243,29.679453,-0.021656327,,,,,,,,,,,,,,,,,,,,,,,,,,,,,,,,,,,,,,,,,,,,,,,,,,,,,,,,,,,,,,,
131.5243,29.709433,0.0005949724,131.5243,29.709433,0.00043135503,,,,,,,,,,,,,,,,,,,,,,,,,,,,,,,,,,,,,,,,,,,,,,,,,,,,,,,,,,,,,131.5243,29.709433,0.11924561,131.5243,29.709433,-0.39096755,,,,,,,,,,,,,,,,,,,,,,,,,,,,,,,,,,,,,,,,,,,,,,,,,,,,,,,,,,,,,,,
131.5243,29.739412,0.0004908523,131.5243,29.739412,0.00050572655,,,,,,,,,,,,,,,,,,,,,,,,,,,,,,,,,,,,,,,,,,,,,,,,,,,,,,,,,,,,,131.5243,29.739412,-0.23346859,131.5243,29.739412,-0.09625599,,,,,,,,,,,,,,,,,,,,,,,,,,,,,,,,,,,,,,,,,,,,,,,,,,,,,,,,,,,,,,,
131.5243,29.76939,0.0005800982,131.5243,29.76939,0.0005949724,,,,,,,,,,,,,,,,,,,,,,,,,,,,,,,,,,,,,,,,,,,,,,,,,,,,,,,,,,,,,131.5243,29.76939,0.0926288,131.5243,29.76939,0.18491562,,,,,,,,,,,,,,,,,,,,,,,,,,,,,,,,,,,,,,,,,,,,,,,,,,,,,,,,,,,,,,,
131.5243,29.79937,0.0007734642,131.5243,29.79937,0.00044622936,,,,,,,,,,,,,,,,,,,,,,,,,,,,,,,,,,,,,,,,,,,,,,,,,,,,,,,,,,,,,131.5243,29.79937,0.8154681,131.5243,29.79937,-0.340635,,,,,,,,,,,,,,,,,,,,,,,,,,,,,,,,,,,,,,,,,,,,,,,,,,,,,,,,,,,,,,,
131.5243,29.82935,0.0005652238,131.5243,29.82935,0.00069909263,,,,,,,,,,,,,,,,,,,,,,,,,,,,,,,,,,,,,,,,,,,,,,,,,,,,,,,,,,,,,131.5243,29.82935,0.015497103,131.5243,29.82935,0.62472165,,,,,,,,,,,,,,,,,,,,,,,,,,,,,,,,,,,,,,,,,,,,,,,,,,,,,,,,,,,,,,,
131.5243,29.85933,0.00050572655,131.5243,29.85933,0.00043135503,,,,,,,,,,,,,,,,,,,,,,,,,,,,,,,,,,,,,,,,,,,,,,,,,,,,,,,,,,,,,131.5243,29.85933,-0.19289207,131.5243,29.85933,-0.36679816,,,,,,,,,,,,,,,,,,,,,,,,,,,,,,,,,,,,,,,,,,,,,,,,,,,,,,,,,,,,,,,
131.5243,29.889309,0.0004908523,131.5243,29.889309,0.0005652238,,,,,,,,,,,,,,,,,,,,,,,,,,,,,,,,,,,,,,,,,,,,,,,,,,,,,,,,,,,,,131.5243,29.889309,-0.25902003,131.5243,29.889309,0.08473576,,,,,,,,,,,,,,,,,,,,,,,,,,,,,,,,,,,,,,,,,,,,,,,,,,,,,,,,,,,,,,,
131.5243,29.919287,0.00062472105,131.5243,29.919287,0.00058009813,,,,,,,,,,,,,,,,,,,,,,,,,,,,,,,,,,,,,,,,,,,,,,,,,,,,,,,,,,,,,131.5243,29.919287,0.253507,131.5243,29.919287,0.13284948,,,,,,,,,,,,,,,,,,,,,,,,,,,,,,,,,,,,,,,,,,,,,,,,,,,,,,,,,,,,,,,
131.5243,29.949266,0.0006842183,131.5243,29.949266,0.00046110366,,,,,,,,,,,,,,,,,,,,,,,,,,,,,,,,,,,,,,,,,,,,,,,,,,,,,,,,,,,,,131.5243,29.949266,0.48890746,131.5243,29.949266,-0.30786052,,,,,,,,,,,,,,,,,,,,,,,,,,,,,,,,,,,,,,,,,,,,,,,,,,,,,,,,,,,,,,,
131.5243,29.979246,0.0005949724,131.5243,29.979246,0.00066934404,,,,,,,,,,,,,,,,,,,,,,,,,,,,,,,,,,,,,,,,,,,,,,,,,,,,,,,,,,,,,131.5243,29.979246,0.14221476,131.5243,29.979246,0.49763095,,,,,,,,,,,,,,,,,,,,,,,,,,,,,,,,,,,,,,,,,,,,,,,,,,,,,,,,,,,,,,,
