time,range_raw,copol_raw,time,range_raw,crosspol_raw,time,weather_inside_temperature,time,weather_outside_temperature,time,weather_inside_humidity,time,weather_outside_humidity,time,weather_wind_speed,time,weather_wind_direction,time,weather_barometric_pressure,time,weather_dew_point,time,weather_rain_rate,time,elevation_angle,time,azimuth_angle,time,copol_background,time,crosspol_background,time,telescope_temperature,time,detector_temperature,time,laser_temperature,time,date_yyyyMMdd,time,time_hhmmss,time,year,time,month,time,day,time,hour,time,minute,time,second,time,aod_age_secs,time,latitude,time,longitude,time,altitude,time,laser_energy,time,syncpulse,time,range_raw,copol_snr,time,range_raw,crosspol_snr,time,aeronet_aod,time,sda_aod_totals,time,sda_aod_fines,time,sda_aod_coarses,time,sda_ae_totals,time,sda_ae_fines,time,sda_dae_totals,time,sda_dae_fines,time,range_nrb,copol_nrb,time,range_nrb,crosspol_nrb,time,range_radiometer,radiometer_temperature,time,range_radiometer,radiometer_vaporDensity,time,range_radiometer,radiometer_liquid,time,range_radiometer,radiometer_relativeHumidity,time,number_of_clouds,number_of_cloud_outlines,clouds,time,number_of_clouds,pbls,time,range_vbp,extinction_coefficient,time,range_vbp,mass_concentration,time,range_vbp,VBP,time,range_nrb,depolarization_ratio,time,range_nrb,particle_type,time,number_of_particle_type,particle_type_mapping,time,lidar_ratio,time,aod
135.55208,0.029979246,23.53543,135.55208,0.029979246,17.849205,135.55208,32.679012,135.55208,32.820984,135.55208,22.0,135.55208,63.555557,135.55208,0.357632,135.55208,191.22223,135.55208,967.05804,135.55208,24.993488,135.55208,0.0,135.55208,0.0,135.55208,0.0,135.55208,0.0006043668,135.55208,0.00054737466,135.55208,27.857779,135.55208,28.273335,135.55208,28.035555,135.55208,20240514,135.55208,131500,135.55208,2024.0,135.55208,5.0,135.55208,14.0,135.55208,13.0,135.55208,15.0,135.55208,0.0,135.55208,-1.0,135.55208,-999.0,135.55208,-999.0,135.55208,-999.0,135.55208,4.005556,135.55208,2500.0,135.55208,0.029979246,83762.59,135.55208,0.029979246,65272.68,135.55208,,135.55208,,135.55208,,135.55208,,135.55208,,135.55208,,135.55208,,135.55208,,135.55208,0.11991698,0.24043775,135.55208,0.11991698,0.010973172,,,,,,,,,,,,,135.55208,0.0,0.0,,135.55208,0.0,2.3383813,135.55208,0.11991698,0.030567693,135.55208,0.11991698,27.634497,135.55208,0.11991698,0.0010189232,135.55208,0.11991698,0.04363924,135.55208,0.11991698,5.0,135.55208,0.0,WaterCloud,135.55208,30.0,135.55208,
135.55208,0.05995849,10.637141,135.55208,0.05995849,1.0730923,,,,,,,,,,,,,,,,,,,,,,,,,,,,,,,,,,,,,,,,,,,,,,,,,,,,,,,,,,,,,135.55208,0.05995849,37853.195,135.55208,0.05995849,3920.251,,,,,,,,,,,,,,,,,135.55208,0.14989623,0.2248838,135.55208,0.14989623,0.009365481,,,,,,,,,,,,,135.55208,0.0,1.0,,135.55208,1.0,,135.55208,0.14989623,0.025972692,135.55208,0.14989623,27.614279,135.55208,0.14989623,0.0008657564,135.55208,0.14989623,0.039965555,135.55208,0.14989623,5.0,135.55208,1.0,MixedCloud,,,,
135.55208,0.08993774,9.348163,135.55208,0.08993774,0.6790867,,,,,,,,,,,,,,,,,,,,,,,,,,,,,,,,,,,,,,,,,,,,,,,,,,,,,,,,,,,,,135.55208,0.08993774,33270.516,135.55208,0.08993774,2479.8984,,,,,,,,,,,,,,,,,135.55208,0.17987548,0.20984587,135.55208,0.17987548,0.0080971485,,,,,,,,,,,,,135.55208,0.0,2.0,,135.55208,2.0,,135.55208,0.17987548,0.021497583,135.55208,0.17987548,27.59459,135.55208,0.17987548,0.00071658613,135.55208,0.17987548,0.037132442,135.55208,0.17987548,5.0,135.55208,2.0,Ice/dust/ash,,,,
135.55208,0.11991698,8.41294,135.55208,0.11991698,0.49214634,,,,,,,,,,,,,,,,,,,,,,,,,,,,,,,,,,,,,,,,,,,,,,,,,,,,,,,,,,,,,135.55208,0.11991698,29945.21,135.55208,0.11991698,1794.778,,,,,,,,,,,,,,,,,135.55208,0.20985472,0.19756274,135.55208,0.20985472,0.007148385,,,,,,,,,,,,,135.55208,1.0,0.0,,135.55208,3.0,,135.55208,0.20985472,0.0178603,135.55208,0.20985472,27.578585,135.55208,0.20985472,0.0005953434,135.55208,0.20985472,0.034913227,135.55208,0.20985472,5.0,135.55208,3.0,Rain/Dust,,,,
135.55208,0.14989623,7.553384,135.55208,0.14989623,0.3768109,,,,,,,,,,,,,,,,,,,,,,,,,,,,,,,,,,,,,,,,,,,,,,,,,,,,,,,,,,,,,135.55208,0.14989623,26885.793,135.55208,0.14989623,1377.9269,,,,,,,,,,,,,,,,,135.55208,0.23983397,0.18951285,135.55208,0.23983397,0.006726302,,,,,,,,,,,,,135.55208,1.0,1.0,,135.55208,4.0,,135.55208,0.23983397,0.015538095,135.55208,0.23983397,27.568369,135.55208,0.23983397,0.00051793654,135.55208,0.23983397,0.034273386,135.55208,0.23983397,5.0,135.55208,4.0,Molecular,,,,
135.55208,0.17987548,6.7594376,135.55208,0.17987548,0.2983192,,,,,,,,,,,,,,,,,,,,,,,,,,,,,,,,,,,,,,,,,,,,,,,,,,,,,,,,,,,,,135.55208,0.17987548,24059.42,135.55208,0.17987548,1089.5768,,,,,,,,,,,,,,,,,135.55208,0.2698132,0.18733619,135.55208,0.2698132,0.006449684,,,,,,,,,,,,,135.55208,1.0,2.0,,135.55208,5.0,,135.55208,0.2698132,0.015062477,135.55208,0.2698132,27.566275,135.55208,0.2698132,0.00050208264,135.55208,0.2698132,0.033282697,135.55208,0.2698132,5.0,135.55208,5.0,CleanAerosol,,,,
135.55208,0.20985472,6.0810947,135.55208,0.20985472,0.24448906,,,,,,,,,,,,,,,,,,,,,,,,,,,,,,,,,,,,,,,,,,,,,,,,,,,,,,,,,,,,,135.55208,0.20985472,21641.703,135.55208,0.20985472,892.4454,,,,,,,,,,,,,,,,,135.55208,0.29979247,0.1864175,135.55208,0.29979247,0.006446621,,,,,,,,,,,,,135.55208,2.0,0.0,,135.55208,6.0,,135.55208,0.29979247,0.014987502,135.55208,0.29979247,27.565945,135.55208,0.29979247,0.00049958343,135.55208,0.29979247,0.033425454,135.55208,0.29979247,5.0,135.55208,6.0,PollutedAerosol,,,,
135.55208,0.23983397,5.554083,135.55208,0.23983397,0.21405624,,,,,,,,,,,,,,,,,,,,,,,,,,,,,,,,,,,,,,,,,,,,,,,,,,,,,,,,,,,,,135.55208,0.23983397,19762.41,135.55208,0.23983397,782.2172,,,,,,,,,,,,,,,,,135.55208,0.3297717,0.18624191,135.55208,0.3297717,0.0061871926,,,,,,,,,,,,,135.55208,2.0,1.0,,135.55208,7.0,,135.55208,0.3297717,0.015153531,135.55208,0.3297717,27.566673,135.55208,0.3297717,0.0005051176,135.55208,0.3297717,0.032149035,135.55208,0.3297717,5.0,135.55208,7.0,Undetected,,,,
135.55208,0.2698132,5.124304,135.55208,0.2698132,0.18878476,,,,,,,,,,,,,,,,,,,,,,,,,,,,,,,,,,,,,,,,,,,,,,,,,,,,,,,,,,,,,135.55208,0.2698132,18233.562,135.55208,0.2698132,689.07904,,,,,,,,,,,,,,,,,135.55208,0.35975096,0.18981855,135.55208,0.35975096,0.0062274914,,,,,,,,,,,,,135.55208,2.0,2.0,,135.55208,8.0,,135.55208,0.35975096,0.016515069,135.55208,0.35975096,27.572666,135.55208,0.35975096,0.0005505022,135.55208,0.35975096,0.031742886,135.55208,0.35975096,5.0,,,,,,,
135.55208,0.29979247,4.7367544,135.55208,0.29979247,0.17346422,,,,,,,,,,,,,,,,,,,,,,,,,,,,,,,,,,,,,,,,,,,,,,,,,,,,,,,,,,,,,135.55208,0.29979247,16857.77,135.55208,0.29979247,632.0744,,,,,,,,,,,,,,,,,135.55208,0.3897302,0.19200388,135.55208,0.3897302,0.006225308,,,,,,,,,,,,,135.55208,3.0,0.0,,135.55208,9.0,,135.55208,0.3897302,0.017435502,135.55208,0.3897302,27.576715,135.55208,0.3897302,0.00058118347,135.55208,0.3897302,0.03136648,135.55208,0.3897302,5.0,,,,,,,
135.55208,0.3297717,4.339551,135.55208,0.3297717,0.15197085,,,,,,,,,,,,,,,,,,,,,,,,,,,,,,,,,,,,,,,,,,,,,,,,,,,,,,,,,,,,,135.55208,0.3297717,15443.786,135.55208,0.3297717,554.079,,,,,,,,,,,,,,,,,135.55208,0.41970944,0.19301067,135.55208,0.41970944,0.0060214885,,,,,,,,,,,,,135.55208,3.0,1.0,,,,,135.55208,0.41970944,0.01798755,135.55208,0.41970944,27.579147,135.55208,0.41970944,0.000599585,135.55208,0.41970944,0.030230748,135.55208,0.41970944,5.0,,,,,,,
135.55208,0.35975096,3.9894392,135.55208,0.35975096,0.13766176,,,,,,,,,,,,,,,,,,,,,,,,,,,,,,,,,,,,,,,,,,,,,,,,,,,,,,,,,,,,,135.55208,0.35975096,14202.018,135.55208,0.35975096,499.77756,,,,,,,,,,,,,,,,,135.55208,0.4496887,0.19453092,135.55208,0.4496887,0.005711823,,,,,,,,,,,,,135.55208,3.0,2.0,,,,,135.55208,0.4496887,0.018703941,135.55208,0.4496887,27.582298,135.55208,0.4496887,0.0006234647,135.55208,0.4496887,0.028498134,135.55208,0.4496887,5.0,,,,,,,
135.55208,0.3897302,3.6499624,135.55208,0.3897302,0.124646746,,,,,,,,,,,,,,,,,,,,,,,,,,,,,,,,,,,,,,,,,,,,,,,,,,,,,,,,,,,,,135.55208,0.3897302,12995.857,135.55208,0.3897302,451.70813,,,,,,,,,,,,,,,,,135.55208,0.47966793,0.19591874,135.55208,0.47966793,0.0055657537,,,,,,,,,,,,,135.55208,4.0,0.0,,,,,135.55208,0.47966793,0.019382622,135.55208,0.47966793,27.585285,135.55208,0.47966793,0.0006460874,135.55208,0.47966793,0.02762357,135.55208,0.47966793,5.0,,,,,,,
135.55208,0.41970944,3.310531,135.55208,0.41970944,0.108865105,,,,,,,,,,,,,,,,,,,,,,,,,,,,,,,,,,,,,,,,,,,,,,,,,,,,,,,,,,,,,135.55208,0.41970944,11787.705,135.55208,0.41970944,395.4137,,,,,,,,,,,,,,,,,135.55208,0.5096472,0.20220202,135.55208,0.5096472,0.005667516,,,,,,,,,,,,,135.55208,4.0,1.0,,,,,135.55208,0.5096472,0.021650352,135.55208,0.5096472,27.59526,135.55208,0.5096472,0.00072167837,135.55208,0.5096472,0.027264245,135.55208,0.5096472,5.0,,,,,,,
135.55208,0.44968867,2.990897,135.55208,0.44968867,0.09324706,,,,,,,,,,,,,,,,,,,,,,,,,,,,,,,,,,,,,,,,,,,,,,,,,,,,,,,,,,,,,135.55208,0.44968867,10649.766,135.55208,0.44968867,338.4343,,,,,,,,,,,,,,,,,135.55208,0.5396264,0.20930627,135.55208,0.5396264,0.0058221314,,,,,,,,,,,,,135.55208,4.0,2.0,,,,,135.55208,0.5396264,0.024202878,135.55208,0.5396264,27.606493,135.55208,0.5396264,0.0008067626,135.55208,0.5396264,0.027063798,135.55208,0.5396264,5.0,,,,,,,
135.55208,0.47966793,2.7158856,135.55208,0.47966793,0.08213595,,,,,,,,,,,,,,,,,,,,,,,,,,,,,,,,,,,,,,,,,,,,,,,,,,,,,,,,,,,,,135.55208,0.47966793,9671.319,135.55208,0.47966793,298.3971,,,,,,,,,,,,,,,,,135.55208,0.56960565,0.21569072,135.55208,0.56960565,0.005991852,,,,,,,,,,,,,135.55208,5.0,0.0,,,,,135.55208,0.56960565,0.026537905,135.55208,0.56960565,27.616764,135.55208,0.56960565,0.0008845969,135.55208,0.56960565,0.027033357,135.55208,0.56960565,5.0,,,,,,,
135.55208,0.5096472,2.5119886,135.55208,0.5096472,0.07524914,,,,,,,,,,,,,,,,,,,,,,,,,,,,,,,,,,,,,,,,,,,,,,,,,,,,,,,,,,,,,135.55208,0.5096472,8941.547,135.55208,0.5096472,272.53198,,,,,,,,,,,,,,,,,135.55208,0.59958494,0.22027442,135.55208,0.59958494,0.0063128676,,,,,,,,,,,,,135.55208,5.0,1.0,,,,,135.55208,0.59958494,0.028307803,135.55208,0.59958494,27.624554,135.55208,0.59958494,0.00094359345,135.55208,0.59958494,0.027852744,135.55208,0.59958494,5.0,,,,,,,
135.55208,0.5396264,2.3424067,135.55208,0.5396264,0.06984977,,,,,,,,,,,,,,,,,,,,,,,,,,,,,,,,,,,,,,,,,,,,,,,,,,,,,,,,,,,,,135.55208,0.5396264,8335.261,135.55208,0.5396264,254.0823,,,,,,,,,,,,,,,,,135.55208,0.62956417,0.22509731,135.55208,0.62956417,0.0061076307,,,,,,,,,,,,,135.55208,5.0,2.0,,,,,135.55208,0.62956417,0.030173205,135.55208,0.62956417,27.632761,135.55208,0.62956417,0.0010057734,135.55208,0.62956417,0.026414912,135.55208,0.62956417,5.0,,,,,,,
135.55208,0.56960565,2.1913283,135.55208,0.56960565,0.06517923,,,,,,,,,,,,,,,,,,,,,,,,,,,,,,,,,,,,,,,,,,,,,,,,,,,,,,,,,,,,,135.55208,0.56960565,7797.666,135.55208,0.56960565,237.36046,,,,,,,,,,,,,,,,,135.55208,0.6595434,0.22655058,135.55208,0.6595434,0.005992815,,,,,,,,,,,,,135.55208,6.0,0.0,,,,,135.55208,0.6595434,0.030947693,135.55208,0.6595434,27.63617,135.55208,0.6595434,0.0010315897,135.55208,0.6595434,0.025761165,135.55208,0.6595434,5.0,,,,,,,
135.55208,0.59958494,2.0348802,135.55208,0.59958494,0.06266548,,,,,,,,,,,,,,,,,,,,,,,,,,,,,,,,,,,,,,,,,,,,,,,,,,,,,,,,,,,,,135.55208,0.59958494,7241.381,135.55208,0.59958494,227.50565,,,,,,,,,,,,,,,,,135.55208,0.6895227,0.23035894,135.55208,0.6895227,0.006317357,,,,,,,,,,,,,135.55208,6.0,1.0,,,,,135.55208,0.6895227,0.03250227,135.55208,0.6895227,27.643011,135.55208,0.6895227,0.001083409,135.55208,0.6895227,0.0266889,135.55208,0.6895227,5.0,,,,,,,
135.55208,0.62956417,1.8965045,135.55208,0.62956417,0.055659678,,,,,,,,,,,,,,,,,,,,,,,,,,,,,,,,,,,,,,,,,,,,,,,,,,,,,,,,,,,,,135.55208,0.62956417,6747.79,135.55208,0.62956417,201.90804,,,,,,,,,,,,,,,,,135.55208,0.7195019,0.23580715,135.55208,0.7195019,0.006430897,,,,,,,,,,,,,135.55208,6.0,2.0,,,,,135.55208,0.7195019,0.034616597,135.55208,0.7195019,27.652313,135.55208,0.7195019,0.0011538866,135.55208,0.7195019,0.026548546,135.55208,0.7195019,5.0,,,,,,,
135.55208,0.6595434,1.7575041,135.55208,0.6595434,0.050587535,,,,,,,,,,,,,,,,,,,,,,,,,,,,,,,,,,,,,,,,,,,,,,,,,,,,,,,,,,,,,135.55208,0.6595434,6255.968,135.55208,0.6595434,182.29259,,,,,,,,,,,,,,,,,135.55208,0.74948114,0.24221921,135.55208,0.74948114,0.0069211596,,,,,,,,,,,,,135.55208,7.0,0.0,,,,,135.55208,0.74948114,0.03706368,135.55208,0.74948114,27.66308,135.55208,0.74948114,0.0012354561,135.55208,0.74948114,0.027752597,135.55208,0.74948114,5.0,,,,,,,
135.55208,0.6895226,1.645441,135.55208,0.6895226,0.0491596,,,,,,,,,,,,,,,,,,,,,,,,,,,,,,,,,,,,,,,,,,,,,,,,,,,,,,,,,,,,,135.55208,0.6895226,5857.287,135.55208,0.6895226,177.7862,,,,,,,,,,,,,,,,,135.55208,0.7794604,0.24654037,135.55208,0.7794604,0.0071744854,,,,,,,,,,,,,135.55208,7.0,1.0,,,,,135.55208,0.7794604,0.038845446,135.55208,0.7794604,27.670918,135.55208,0.7794604,0.0012948483,135.55208,0.7794604,0.02824175,135.55208,0.7794604,5.0,,,,,,,
135.55208,0.7195019,1.5551093,135.55208,0.7195019,0.04618474,,,,,,,,,,,,,,,,,,,,,,,,,,,,,,,,,,,,,,,,,,,,,,,,,,,,,,,,,,,,,135.55208,0.7195019,5532.919,135.55208,0.7195019,167.037,,,,,,,,,,,,,,,,,135.55208,0.80943966,0.2504779,135.55208,0.80943966,0.0072130007,,,,,,,,,,,,,135.55208,7.0,2.0,,,,,135.55208,0.80943966,0.040516768,135.55208,0.80943966,27.678274,135.55208,0.80943966,0.0013505591,135.55208,0.80943966,0.027973983,135.55208,0.80943966,5.0,,,,,,,
135.55208,0.74948114,1.4751599,135.55208,0.74948114,0.045916997,,,,,,,,,,,,,,,,,,,,,,,,,,,,,,,,,,,,,,,,,,,,,,,,,,,,,,,,,,,,,135.55208,0.74948114,5248.0327,135.55208,0.74948114,165.064,,,,,,,,,,,,,,,,,135.55208,0.8394189,0.25434873,135.55208,0.8394189,0.0073367823,,,,,,,,,,,,,135.55208,8.0,0.0,,,,,135.55208,0.8394189,0.042185962,135.55208,0.8394189,27.685617,135.55208,0.8394189,0.0014061987,135.55208,0.8394189,0.028008707,135.55208,0.8394189,5.0,,,,,,,
135.55208,0.7794604,1.402246,135.55208,0.7794604,0.044533685,,,,,,,,,,,,,,,,,,,,,,,,,,,,,,,,,,,,,,,,,,,,,,,,,,,,,,,,,,,,,135.55208,0.7794604,4989.919,135.55208,0.7794604,160.51312,,,,,,,,,,,,,,,,,135.55208,0.8693981,0.25745112,135.55208,0.8693981,0.0074667204,,,,,,,,,,,,,135.55208,8.0,1.0,,,,,135.55208,0.8693981,0.04361439,135.55208,0.8693981,27.691904,135.55208,0.8693981,0.0014538129,135.55208,0.8693981,0.028196126,135.55208,0.8693981,5.0,,,,,,,
135.55208,0.80943966,1.3374833,135.55208,0.80943966,0.042109177,,,,,,,,,,,,,,,,,,,,,,,,,,,,,,,,,,,,,,,,,,,,,,,,,,,,,,,,,,,,,135.55208,0.80943966,4758.712,135.55208,0.80943966,151.19788,,,,,,,,,,,,,,,,,135.55208,0.8993774,0.26361105,135.55208,0.8993774,0.0077756625,,,,,,,,,,,,,135.55208,8.0,2.0,,,,,135.55208,0.8993774,0.0460785,135.55208,0.8993774,27.702745,135.55208,0.8993774,0.0015359499,135.55208,0.8993774,0.028634926,135.55208,0.8993774,5.0,,,,,,,
135.55208,0.8394189,1.2699093,135.55208,0.8394189,0.040071398,,,,,,,,,,,,,,,,,,,,,,,,,,,,,,,,,,,,,,,,,,,,,,,,,,,,,,,,,,,,,135.55208,0.8394189,4520.0703,135.55208,0.8394189,143.67915,,,,,,,,,,,,,,,,,135.55208,0.92935663,0.2638165,135.55208,0.92935663,0.0076935035,,,,,,,,,,,,,135.55208,9.0,0.0,,,,,135.55208,0.92935663,0.046572663,135.55208,0.92935663,27.704922,135.55208,0.92935663,0.0015524221,135.55208,0.92935663,0.028318604,135.55208,0.92935663,5.0,,,,,,,
135.55208,0.8693981,1.209475,135.55208,0.8693981,0.03847985,,,,,,,,,,,,,,,,,,,,,,,,,,,,,,,,,,,,,,,,,,,,,,,,,,,,,,,,,,,,,135.55208,0.8693981,4304.4775,135.55208,0.8693981,138.83186,,,,,,,,,,,,,,,,,135.55208,0.95933586,0.2611801,135.55208,0.95933586,0.0076841093,,,,,,,,,,,,,135.55208,9.0,1.0,,,,,135.55208,0.95933586,0.046107817,135.55208,0.95933586,27.702873,135.55208,0.95933586,0.0015369275,135.55208,0.95933586,0.028568234,135.55208,0.95933586,5.0,,,,,,,
135.55208,0.89937735,1.1567752,135.55208,0.89937735,0.037423767,,,,,,,,,,,,,,,,,,,,,,,,,,,,,,,,,,,,,,,,,,,,,,,,,,,,,,,,,,,,,135.55208,0.89937735,4117.851,135.55208,0.89937735,134.1438,,,,,,,,,,,,,,,,,135.55208,0.98931515,0.26094925,135.55208,0.98931515,0.0076913205,,,,,,,,,,,,,135.55208,9.0,2.0,,,,,135.55208,0.98931515,0.046448514,135.55208,0.98931515,27.704374,135.55208,0.98931515,0.0015482837,135.55208,0.98931515,0.028626641,135.55208,0.98931515,5.0,,,,,,,
135.55208,0.92935663,1.089826,135.55208,0.92935663,0.035118252,,,,,,,,,,,,,,,,,,,,,,,,,,,,,,,,,,,,,,,,,,,,,,,,,,,,,,,,,,,,,135.55208,0.92935663,3879.75,135.55208,0.92935663,125.62165,,,,,,,,,,,,,,,,,135.55208,1.0192944,0.2582237,135.55208,1.0192944,0.008092805,,,,,,,,,,,,,,,,,,,,135.55208,1.0192944,0.04595093,135.55208,1.0192944,27.702183,135.55208,1.0192944,0.0015316978,135.55208,1.0192944,0.03040021,135.55208,1.0192944,5.0,,,,,,,
135.55208,0.95933586,1.0201993,135.55208,0.95933586,0.03318459,,,,,,,,,,,,,,,,,,,,,,,,,,,,,,,,,,,,,,,,,,,,,,,,,,,,,,,,,,,,,135.55208,0.95933586,3629.3967,135.55208,0.95933586,118.7626,,,,,,,,,,,,,,,,,135.55208,1.0492736,0.26123294,135.55208,1.0492736,0.008104656,,,,,,,,,,,,,,,,,,,,135.55208,1.0492736,0.047400683,135.55208,1.0492736,27.708565,135.55208,1.0492736,0.0015800229,135.55208,1.0492736,0.030088298,135.55208,1.0492736,5.0,,,,,,,
135.55208,0.9893151,0.9590808,135.55208,0.9893151,0.031399675,,,,,,,,,,,,,,,,,,,,,,,,,,,,,,,,,,,,,,,,,,,,,,,,,,,,,,,,,,,,,135.55208,0.9893151,3411.186,135.55208,0.9893151,113.11903,,,,,,,,,,,,,,,,,135.55208,1.0792528,0.2680812,135.55208,1.0792528,0.008130483,,,,,,,,,,,,,,,,,,,,135.55208,1.0792528,0.050168395,135.55208,1.0792528,27.720741,135.55208,1.0792528,0.0016722797,135.55208,1.0792528,0.029421628,135.55208,1.0792528,5.0,,,,,,,
135.55208,1.0192944,0.90484905,135.55208,1.0192944,0.031280678,,,,,,,,,,,,,,,,,,,,,,,,,,,,,,,,,,,,,,,,,,,,,,,,,,,,,,,,,,,,,135.55208,1.0192944,3217.6714,135.55208,1.0192944,112.919586,,,,,,,,,,,,,,,,,135.55208,1.1092321,0.27418298,135.55208,1.1092321,0.008680217,,,,,,,,,,,,,,,,,,,,135.55208,1.1092321,0.052718915,135.55208,1.1092321,27.731962,135.55208,1.1092321,0.0017572968,135.55208,1.1092321,0.030691372,135.55208,1.1092321,5.0,,,,,,,
135.55208,1.0492736,0.8700134,135.55208,1.0492736,0.02997174,,,,,,,,,,,,,,,,,,,,,,,,,,,,,,,,,,,,,,,,,,,,,,,,,,,,,,,,,,,,,135.55208,1.0492736,3093.708,135.55208,1.0492736,107.47713,,,,,,,,,,,,,,,,,135.55208,1.1392113,0.27734908,135.55208,1.1392113,0.008802767,,,,,,,,,,,,,,,,,,,,135.55208,1.1392113,0.054291964,135.55208,1.1392113,27.738884,135.55208,1.1392113,0.0018097322,135.55208,1.1392113,0.030742416,135.55208,1.1392113,5.0,,,,,,,
135.55208,1.0792528,0.8433883,135.55208,1.0792528,0.028573552,,,,,,,,,,,,,,,,,,,,,,,,,,,,,,,,,,,,,,,,,,,,,,,,,,,,,,,,,,,,,135.55208,1.0792528,3000.4407,135.55208,1.0792528,102.22674,,,,,,,,,,,,,,,,,135.55208,1.1691906,0.28116113,135.55208,1.1691906,0.008979526,,,,,,,,,,,,,,,,,,,,135.55208,1.1691906,0.056109387,135.55208,1.1691906,27.74688,135.55208,1.1691906,0.0018703128,135.55208,1.1691906,0.030933615,135.55208,1.1691906,5.0,,,,,,,
135.55208,1.1092321,0.82253456,135.55208,1.1092321,0.028915664,,,,,,,,,,,,,,,,,,,,,,,,,,,,,,,,,,,,,,,,,,,,,,,,,,,,,,,,,,,,,135.55208,1.1092321,2927.0083,135.55208,1.1092321,103.86241,,,,,,,,,,,,,,,,,135.55208,1.1991699,0.27914912,135.55208,1.1991699,0.009367576,,,,,,,,,,,,,,,,,,,,135.55208,1.1991699,0.05592096,135.55208,1.1991699,27.746052,135.55208,1.1991699,0.0018640315,135.55208,1.1991699,0.032459147,135.55208,1.1991699,5.0,,,,,,,
135.55208,1.1392113,0.79094154,135.55208,1.1392113,0.028008329,,,,,,,,,,,,,,,,,,,,,,,,,,,,,,,,,,,,,,,,,,,,,,,,,,,,,,,,,,,,,135.55208,1.1392113,2812.7842,135.55208,1.1392113,100.6354,,,,,,,,,,,,,,,,,135.55208,1.2291491,0.28521398,135.55208,1.2291491,0.008819466,,,,,,,,,,,,,,,,,,,,135.55208,1.2291491,0.05855412,135.55208,1.2291491,27.757637,135.55208,1.2291491,0.0019518038,135.55208,1.2291491,0.030014548,135.55208,1.2291491,5.0,,,,,,,
135.55208,1.1691905,0.7622044,135.55208,1.1691905,0.02708612,,,,,,,,,,,,,,,,,,,,,,,,,,,,,,,,,,,,,,,,,,,,,,,,,,,,,,,,,,,,,135.55208,1.1691905,2710.9468,135.55208,1.1691905,96.39112,,,,,,,,,,,,,,,,,135.55208,1.2591283,0.2833873,135.55208,1.2591283,0.0083473865,,,,,,,,,,,,,,,,,,,,135.55208,1.2591283,0.05844416,135.55208,1.2591283,27.757153,135.55208,1.2591283,0.0019481385,135.55208,1.2591283,0.028626472,135.55208,1.2591283,5.0,,,,,,,
135.55208,1.1991699,0.72617877,135.55208,1.1991699,0.026952254,,,,,,,,,,,,,,,,,,,,,,,,,,,,,,,,,,,,,,,,,,,,,,,,,,,,,,,,,,,,,135.55208,1.1991699,2582.8884,135.55208,1.1991699,96.04374,,,,,,,,,,,,,,,,,135.55208,1.2891076,0.27950984,135.55208,1.2891076,0.008754166,,,,,,,,,,,,,,,,,,,,135.55208,1.2891076,0.05761169,135.55208,1.2891076,27.753492,135.55208,1.2891076,0.0019203898,135.55208,1.2891076,0.030369898,135.55208,1.2891076,5.0,,,,,,,
135.55208,1.2291491,0.7026328,135.55208,1.2291491,0.02434925,,,,,,,,,,,,,,,,,,,,,,,,,,,,,,,,,,,,,,,,,,,,,,,,,,,,,,,,,,,,,135.55208,1.2291491,2498.4622,135.55208,1.2291491,87.3584,,,,,,,,,,,,,,,,,135.55208,1.3190868,0.27897808,135.55208,1.3190868,0.007709073,,,,,,,,,,,,,,,,,,,,135.55208,1.3190868,0.057940006,135.55208,1.3190868,27.754936,135.55208,1.3190868,0.0019313337,135.55208,1.3190868,0.026875956,135.55208,1.3190868,5.0,,,,,,,
135.55208,1.2591283,0.67221475,135.55208,1.2591283,0.022445338,,,,,,,,,,,,,,,,,,,,,,,,,,,,,,,,,,,,,,,,,,,,,,,,,,,,,,,,,,,,,135.55208,1.2591283,2390.8477,135.55208,1.2591283,79.42935,,,,,,,,,,,,,,,,,135.55208,1.349066,0.27764243,135.55208,1.349066,0.008337013,,,,,,,,,,,,,,,,,,,,135.55208,1.349066,0.057976887,135.55208,1.349066,27.755098,135.55208,1.349066,0.001932563,135.55208,1.349066,0.029159827,135.55208,1.349066,5.0,,,,,,,
135.55208,1.2891076,0.6344489,135.55208,1.2891076,0.022385841,,,,,,,,,,,,,,,,,,,,,,,,,,,,,,,,,,,,,,,,,,,,,,,,,,,,,,,,,,,,,135.55208,1.2891076,2255.647,135.55208,1.2891076,80.39874,,,,,,,,,,,,,,,,,135.55208,1.3790454,0.2778817,135.55208,1.3790454,0.0076908353,,,,,,,,,,,,,,,,,,,,135.55208,1.3790454,0.05859513,135.55208,1.3790454,27.75782,135.55208,1.3790454,0.0019531706,135.55208,1.3790454,0.02693177,135.55208,1.3790454,5.0,,,,,,,
135.55208,1.3190868,0.60574144,135.55208,1.3190868,0.019381229,,,,,,,,,,,,,,,,,,,,,,,,,,,,,,,,,,,,,,,,,,,,,,,,,,,,,,,,,,,,,135.55208,1.3190868,2152.7803,135.55208,1.3190868,69.162186,,,,,,,,,,,,,,,,,135.55208,1.4090246,0.27339685,135.55208,1.4090246,0.008703775,,,,,,,,,,,,,,,,,,,,135.55208,1.4090246,0.05753117,135.55208,1.4090246,27.753136,135.55208,1.4090246,0.0019177055,135.55208,1.4090246,0.03085494,135.55208,1.4090246,5.0,,,,,,,
135.55208,1.349066,0.5787893,135.55208,1.349066,0.019797713,,,,,,,,,,,,,,,,,,,,,,,,,,,,,,,,,,,,,,,,,,,,,,,,,,,,,,,,,,,,,135.55208,1.349066,2058.2708,135.55208,1.349066,70.94094,,,,,,,,,,,,,,,,,135.55208,1.4390038,0.27342308,135.55208,1.4390038,0.008622477,,,,,,,,,,,,,,,,,,,,135.55208,1.4390038,0.058037546,135.55208,1.4390038,27.755365,135.55208,1.4390038,0.001934585,135.55208,1.4390038,0.030571047,135.55208,1.4390038,5.0,,,,,,,
135.55208,1.3790452,0.5576826,135.55208,1.3790452,0.017878924,,,,,,,,,,,,,,,,,,,,,,,,,,,,,,,,,,,,,,,,,,,,,,,,,,,,,,,,,,,,,135.55208,1.3790452,1983.1888,135.55208,1.3790452,63.57694,,,,,,,,,,,,,,,,,135.55208,1.468983,0.27425337,135.55208,1.468983,0.0079551,,,,,,,,,,,,,,,,,,,,135.55208,1.468983,0.058878653,135.55208,1.468983,27.759068,135.55208,1.468983,0.0019626217,135.55208,1.468983,0.028119942,135.55208,1.468983,5.0,,,,,,,
135.55208,1.4090246,0.52623826,135.55208,1.4090246,0.019083744,,,,,,,,,,,,,,,,,,,,,,,,,,,,,,,,,,,,,,,,,,,,,,,,,,,,,,,,,,,,,135.55208,1.4090246,1870.8741,135.55208,1.4090246,67.780014,,,,,,,,,,,,,,,,,135.55208,1.4989623,0.2635327,135.55208,1.4989623,0.007594231,,,,,,,,,,,,,,,,,,,,135.55208,1.4989623,0.05553331,135.55208,1.4989623,27.744347,135.55208,1.4989623,0.0018511104,135.55208,1.4989623,0.028027412,135.55208,1.4989623,5.0,,,,,,,
135.55208,1.4390038,0.5073926,135.55208,1.4390038,0.018459022,,,,,,,,,,,,,,,,,,,,,,,,,,,,,,,,,,,,,,,,,,,,,,,,,,,,,,,,,,,,,135.55208,1.4390038,1803.5549,135.55208,1.4390038,65.49867,,,,,,,,,,,,,,,,,135.55208,1.5289415,0.25613323,135.55208,1.5289415,0.0074129063,,,,,,,,,,,,,,,,,,,,135.55208,1.5289415,0.053325277,135.55208,1.5289415,27.734632,135.55208,1.5289415,0.0017775092,135.55208,1.5289415,0.028108627,135.55208,1.5289415,5.0,,,,,,,
135.55208,1.468983,0.48363823,135.55208,1.468983,0.016376618,,,,,,,,,,,,,,,,,,,,,,,,,,,,,,,,,,,,,,,,,,,,,,,,,,,,,,,,,,,,,135.55208,1.468983,1718.5048,135.55208,1.468983,58.332676,,,,,,,,,,,,,,,,,135.55208,1.5589207,0.24720362,135.55208,1.5589207,0.0070430073,,,,,,,,,,,,,,,,,,,,135.55208,1.5589207,0.05055883,135.55208,1.5589207,27.722458,135.55208,1.5589207,0.0016852942,135.55208,1.5589207,0.027606744,135.55208,1.5589207,5.0,,,,,,,
135.55208,1.4989623,0.45067677,135.55208,1.4989623,0.015365165,,,,,,,,,,,,,,,,,,,,,,,,,,,,,,,,,,,,,,,,,,,,,,,,,,,,,,,,,,,,,135.55208,1.4989623,1600.1979,135.55208,1.4989623,54.20304,,,,,,,,,,,,,,,,,135.55208,1.5889001,0.24117698,135.55208,1.5889001,0.006769358,,,,,,,,,,,,,,,,,,,,135.55208,1.5889001,0.048798855,135.55208,1.5889001,27.714714,135.55208,1.5889001,0.0016266287,135.55208,1.5889001,0.027351938,135.55208,1.5889001,5.0,,,,,,,
135.55208,1.5289415,0.42226684,135.55208,1.5289415,0.014502455,,,,,,,,,,,,,,,,,,,,,,,,,,,,,,,,,,,,,,,,,,,,,,,,,,,,,,,,,,,,,135.55208,1.5289415,1500.2164,135.55208,1.5289415,51.34808,,,,,,,,,,,,,,,,,135.55208,1.6188793,0.24159983,135.55208,1.6188793,0.006970743,,,,,,,,,,,,,,,,,,,,135.55208,1.6188793,0.04938511,135.55208,1.6188793,27.717295,135.55208,1.6188793,0.0016461704,135.55208,1.6188793,0.028066639,135.55208,1.6188793,5.0,,,,,,,
135.55208,1.5589207,0.39631116,135.55208,1.5589207,0.013609995,,,,,,,,,,,,,,,,,,,,,,,,,,,,,,,,,,,,,,,,,,,,,,,,,,,,,,,,,,,,,135.55208,1.5589207,1407.8477,135.55208,1.5589207,47.81454,,,,,,,,,,,,,,,,,135.55208,1.6488585,0.24754961,135.55208,1.6488585,0.007130789,,,,,,,,,,,,,,,,,,,,135.55208,1.6488585,0.0520501,135.55208,1.6488585,27.729021,135.55208,1.6488585,0.0017350032,135.55208,1.6488585,0.027971966,135.55208,1.6488585,5.0,,,,,,,
135.55208,1.5889,0.37321135,135.55208,1.5889,0.01276216,,,,,,,,,,,,,,,,,,,,,,,,,,,,,,,,,,,,,,,,,,,,,,,,,,,,,,,,,,,,,135.55208,1.5889,1326.1191,135.55208,1.5889,44.998806,,,,,,,,,,,,,,,,,135.55208,1.6788378,0.26349485,135.55208,1.6788378,0.007905575,,,,,,,,,,,,,,,,,,,,135.55208,1.6788378,0.058377445,135.55208,1.6788378,27.756859,135.55208,1.6788378,0.0019459149,135.55208,1.6788378,0.029026495,135.55208,1.6788378,5.0,,,,,,,
135.55208,1.6188793,0.35966086,135.55208,1.6188793,0.0125985425,,,,,,,,,,,,,,,,,,,,,,,,,,,,,,,,,,,,,,,,,,,,,,,,,,,,,,,,,,,,,135.55208,1.6188793,1278.059,135.55208,1.6188793,43.890087,,,,,,,,,,,,,,,,,135.55208,1.708817,0.28146067,135.55208,1.708817,0.008461728,,,,,,,,,,,,,,,,,,,,135.55208,1.708817,0.06557478,135.55208,1.708817,27.788528,135.55208,1.708817,0.002185826,135.55208,1.708817,0.0291876,135.55208,1.708817,5.0,,,,,,,
135.55208,1.6488585,0.35435075,135.55208,1.6488585,0.012568794,,,,,,,,,,,,,,,,,,,,,,,,,,,,,,,,,,,,,,,,,,,,,,,,,,,,,,,,,,,,,135.55208,1.6488585,1258.9485,135.55208,1.6488585,43.812027,,,,,,,,,,,,,,,,,135.55208,1.7387962,0.29165646,135.55208,1.7387962,0.007885909,,,,,,,,,,,,,,,,,,,,135.55208,1.7387962,0.069965385,135.55208,1.7387962,27.807848,135.55208,1.7387962,0.0023321793,135.55208,1.7387962,0.026319684,135.55208,1.7387962,5.0,,,,,,,
135.55208,1.6788378,0.36504537,135.55208,1.6788378,0.013029898,,,,,,,,,,,,,,,,,,,,,,,,,,,,,,,,,,,,,,,,,,,,,,,,,,,,,,,,,,,,,135.55208,1.6788378,1298.448,135.55208,1.6788378,45.21858,,,,,,,,,,,,,,,,,135.55208,1.7687756,0.28976732,135.55208,1.7687756,0.008032271,,,,,,,,,,,,,,,,,,,,135.55208,1.7687756,0.06989933,135.55208,1.7687756,27.807558,135.55208,1.7687756,0.0023299777,135.55208,1.7687756,0.02697315,135.55208,1.7687756,5.0,,,,,,,
135.55208,1.708817,0.37902722,135.55208,1.708817,0.013565373,,,,,,,,,,,,,,,,,,,,,,,,,,,,,,,,,,,,,,,,,,,,,,,,,,,,,,,,,,,,,135.55208,1.708817,1346.4945,135.55208,1.708817,47.71386,,,,,,,,,,,,,,,,,135.55208,1.7987548,0.28713006,135.55208,1.7987548,0.007881602,,,,,,,,,,,,,,,,,,,,135.55208,1.7987548,0.06955549,135.55208,1.7987548,27.806044,135.55208,1.7987548,0.0023185164,135.55208,1.7987548,0.026713006,135.55208,1.7987548,5.0,,,,,,,
135.55208,1.7387962,0.37441617,135.55208,1.7387962,0.012256432,,,,,,,,,,,,,,,,,,,,,,,,,,,,,,,,,,,,,,,,,,,,,,,,,,,,,,,,,,,,,135.55208,1.7387962,1330.9801,135.55208,1.7387962,42.5263,,,,,,,,,,,,,,,,,135.55208,1.828734,0.2949682,135.55208,1.828734,0.008564699,,,,,,,,,,,,,,,,,,,,135.55208,1.828734,0.07317882,135.55208,1.828734,27.821987,135.55208,1.828734,0.002439294,135.55208,1.828734,0.02821172,135.55208,1.828734,5.0,,,,,,,
135.55208,1.7687755,0.3657891,135.55208,1.7687755,0.012182062,,,,,,,,,,,,,,,,,,,,,,,,,,,,,,,,,,,,,,,,,,,,,,,,,,,,,,,,,,,,,135.55208,1.7687755,1299.6405,135.55208,1.7687755,42.61098,,,,,,,,,,,,,,,,,135.55208,1.8587133,0.28743523,135.55208,1.8587133,0.008255005,,,,,,,,,,,,,,,,,,,,135.55208,1.8587133,0.07098513,135.55208,1.8587133,27.812336,135.55208,1.8587133,0.0023661712,135.55208,1.8587133,0.027925435,135.55208,1.8587133,5.0,,,,,,,
135.55208,1.7987547,0.35521343,135.55208,1.7987547,0.011691209,,,,,,,,,,,,,,,,,,,,,,,,,,,,,,,,,,,,,,,,,,,,,,,,,,,,,,,,,,,,,135.55208,1.7987547,1261.7662,135.55208,1.7987547,40.88962,,,,,,,,,,,,,,,,,135.55208,1.8886925,0.28265584,135.55208,1.8886925,0.007819036,,,,,,,,,,,,,,,,,,,,135.55208,1.8886925,0.06978055,135.55208,1.8886925,27.807035,135.55208,1.8886925,0.0023260182,135.55208,1.8886925,0.026968751,135.55208,1.8886925,5.0,,,,,,,
135.55208,1.828734,0.34548563,135.55208,1.828734,0.011973822,,,,,,,,,,,,,,,,,,,,,,,,,,,,,,,,,,,,,,,,,,,,,,,,,,,,,,,,,,,,,135.55208,1.828734,1227.1108,135.55208,1.828734,41.89066,,,,,,,,,,,,,,,,,135.55208,1.9186717,0.2819643,135.55208,1.9186717,0.008356162,,,,,,,,,,,,,,,,,,,,135.55208,1.9186717,0.07013881,135.55208,1.9186717,27.808613,135.55208,1.9186717,0.00233796,135.55208,1.9186717,0.028712787,135.55208,1.9186717,5.0,,,,,,,
135.55208,1.8587133,0.3312807,135.55208,1.8587133,0.011512717,,,,,,,,,,,,,,,,,,,,,,,,,,,,,,,,,,,,,,,,,,,,,,,,,,,,,,,,,,,,,135.55208,1.8587133,1176.7277,135.55208,1.8587133,40.04875,,,,,,,,,,,,,,,,,135.55208,1.948651,0.27341667,135.55208,1.948651,0.007989689,,,,,,,,,,,,,,,,,,,,135.55208,1.948651,0.06750393,135.55208,1.948651,27.797016,135.55208,1.948651,0.002250131,135.55208,1.948651,0.028375579,135.55208,1.948651,5.0,,,,,,,
135.55208,1.8886925,0.314205,135.55208,1.8886925,0.010664883,,,,,,,,,,,,,,,,,,,,,,,,,,,,,,,,,,,,,,,,,,,,,,,,,,,,,,,,,,,,,135.55208,1.8886925,1116.1984,135.55208,1.8886925,37.021687,,,,,,,,,,,,,,,,,135.55208,1.9786303,0.26935703,135.55208,1.9786303,0.007726142,,,,,,,,,,,,,,,,,,,,135.55208,1.9786303,0.06655475,135.55208,1.9786303,27.792841,135.55208,1.9786303,0.0022184914,135.55208,1.9786303,0.027927365,135.55208,1.9786303,5.0,,,,,,,
135.55208,1.9186717,0.30212703,135.55208,1.9186717,0.0108136255,,,,,,,,,,,,,,,,,,,,,,,,,,,,,,,,,,,,,,,,,,,,,,,,,,,,,,,,,,,,,135.55208,1.9186717,1072.9761,135.55208,1.9186717,38.0295,,,,,,,,,,,,,,,,,135.55208,2.0086095,0.26766822,135.55208,2.0086095,0.0071918387,,,,,,,,,,,,,,,,,,,,135.55208,2.0086095,0.06646808,135.55208,2.0086095,27.79246,135.55208,2.0086095,0.002215603,135.55208,2.0086095,0.026190124,135.55208,2.0086095,5.0,,,,,,,
135.55208,1.948651,0.2852298,135.55208,1.948651,0.010263275,,,,,,,,,,,,,,,,,,,,,,,,,,,,,,,,,,,,,,,,,,,,,,,,,,,,,,,,,,,,,135.55208,1.948651,1013.1554,135.55208,1.948651,35.434353,,,,,,,,,,,,,,,,,135.55208,2.0385888,0.2660356,135.55208,2.0385888,0.007679455,,,,,,,,,,,,,,,,,,,,135.55208,2.0385888,0.06645094,135.55208,2.0385888,27.792381,135.55208,2.0385888,0.002215031,135.55208,2.0385888,0.028075268,135.55208,2.0385888,5.0,,,,,,,
135.55208,1.9786302,0.27361298,135.55208,1.9786302,0.009787297,,,,,,,,,,,,,,,,,,,,,,,,,,,,,,,,,,,,,,,,,,,,,,,,,,,,,,,,,,,,,135.55208,1.9786302,971.65063,135.55208,1.9786302,34.07591,,,,,,,,,,,,,,,,,135.55208,2.068568,0.27183303,135.55208,2.068568,0.007836249,,,,,,,,,,,,,,,,,,,,135.55208,2.068568,0.069283314,135.55208,2.068568,27.804848,135.55208,2.068568,0.0023094437,135.55208,2.068568,0.028000593,135.55208,2.068568,5.0,,,,,,,
135.55208,2.0086095,0.2646735,135.55208,2.0086095,0.008998959,,,,,,,,,,,,,,,,,,,,,,,,,,,,,,,,,,,,,,,,,,,,,,,,,,,,,,,,,,,,,135.55208,2.0086095,940.2818,135.55208,2.0086095,30.897535,,,,,,,,,,,,,,,,,135.55208,2.0985472,0.27086294,135.55208,2.0985472,0.008239278,,,,,,,,,,,,,,,,,,,,135.55208,2.0985472,0.06950376,135.55208,2.0985472,27.805817,135.55208,2.0985472,0.0023167923,135.55208,2.0985472,0.029539946,135.55208,2.0985472,5.0,,,,,,,
135.55208,2.0385888,0.2550647,135.55208,2.0385888,0.009177451,,,,,,,,,,,,,,,,,,,,,,,,,,,,,,,,,,,,,,,,,,,,,,,,,,,,,,,,,,,,,135.55208,2.0385888,905.49146,135.55208,2.0385888,31.536186,,,,,,,,,,,,,,,,,135.55208,2.1285264,0.27874613,135.55208,2.1285264,0.007854224,,,,,,,,,,,,,,,,,,,,135.55208,2.1285264,0.0733023,135.55208,2.1285264,27.82253,135.55208,2.1285264,0.0024434095,135.55208,2.1285264,0.027394962,135.55208,2.1285264,5.0,,,,,,,
135.55208,2.068568,0.25063217,135.55208,2.068568,0.0090138335,,,,,,,,,,,,,,,,,,,,,,,,,,,,,,,,,,,,,,,,,,,,,,,,,,,,,,,,,,,,,135.55208,2.068568,890.3373,135.55208,2.068568,31.258701,,,,,,,,,,,,,,,,,135.55208,2.1585057,0.27698463,135.55208,2.1585057,0.0073833666,,,,,,,,,,,,,,,,,,,,135.55208,2.1585057,0.07327548,135.55208,2.1585057,27.82241,135.55208,2.1585057,0.0024425157,135.55208,2.1585057,0.02593533,135.55208,2.1585057,5.0,,,,,,,
135.55208,2.0985472,0.24374536,135.55208,2.0985472,0.0092220735,,,,,,,,,,,,,,,,,,,,,,,,,,,,,,,,,,,,,,,,,,,,,,,,,,,,,,,,,,,,,135.55208,2.0985472,866.10736,135.55208,2.0985472,31.582354,,,,,,,,,,,,,,,,,135.55208,2.188485,0.26953852,135.55208,2.188485,0.008090947,,,,,,,,,,,,,,,,,,,,135.55208,2.188485,0.07094271,135.55208,2.188485,27.812147,135.55208,2.188485,0.0023647568,135.55208,2.188485,0.029212035,135.55208,2.188485,5.0,,,,,,,
135.55208,2.1285264,0.2432099,135.55208,2.1285264,0.008641975,,,,,,,,,,,,,,,,,,,,,,,,,,,,,,,,,,,,,,,,,,,,,,,,,,,,,,,,,,,,,135.55208,2.1285264,863.62256,135.55208,2.1285264,29.71358,,,,,,,,,,,,,,,,,135.55208,2.2184641,0.26707873,135.55208,2.2184641,0.008206207,,,,,,,,,,,,,,,,,,,,135.55208,2.2184641,0.070573725,135.55208,2.2184641,27.810524,135.55208,2.2184641,0.0023524577,135.55208,2.2184641,0.029766314,135.55208,2.2184641,5.0,,,,,,,
135.55208,2.1585057,0.23586196,135.55208,2.1585057,0.008091625,,,,,,,,,,,,,,,,,,,,,,,,,,,,,,,,,,,,,,,,,,,,,,,,,,,,,,,,,,,,,135.55208,2.1585057,837.2238,135.55208,2.1585057,27.690542,,,,,,,,,,,,,,,,,135.55208,2.2484434,0.25195247,135.55208,2.2484434,0.00764701,,,,,,,,,,,,,,,,,,,,135.55208,2.2484434,0.06509181,135.55208,2.2484434,27.786402,135.55208,2.2484434,0.0021697269,135.55208,2.2484434,0.029524246,135.55208,2.2484434,5.0,,,,,,,
135.55208,2.188485,0.22426002,135.55208,2.188485,0.008463483,,,,,,,,,,,,,,,,,,,,,,,,,,,,,,,,,,,,,,,,,,,,,,,,,,,,,,,,,,,,,135.55208,2.188485,795.85394,135.55208,2.188485,29.025492,,,,,,,,,,,,,,,,,135.55208,2.2784226,0.23670061,135.55208,2.2784226,0.0074546435,,,,,,,,,,,,,,,,,,,,135.55208,2.2784226,0.05944448,135.55208,2.2784226,27.761557,135.55208,2.2784226,0.0019814828,135.55208,2.2784226,0.03063752,135.55208,2.2784226,5.0,,,,,,,
135.55208,2.2184641,0.2148297,135.55208,2.2184641,0.00834449,,,,,,,,,,,,,,,,,,,,,,,,,,,,,,,,,,,,,,,,,,,,,,,,,,,,,,,,,,,,,135.55208,2.2184641,761.853,135.55208,2.2184641,28.609476,,,,,,,,,,,,,,,,,135.55208,2.308402,0.22465876,135.55208,2.308402,0.006470887,,,,,,,,,,,,,,,,,,,,135.55208,2.308402,0.05505063,135.55208,2.308402,27.742224,135.55208,2.308402,0.0018350208,135.55208,2.308402,0.02804477,135.55208,2.308402,5.0,,,,,,,
135.55208,2.2484434,0.1985572,135.55208,2.2484434,0.007749516,,,,,,,,,,,,,,,,,,,,,,,,,,,,,,,,,,,,,,,,,,,,,,,,,,,,,,,,,,,,,135.55208,2.2484434,703.88257,135.55208,2.2484434,26.31076,,,,,,,,,,,,,,,,,135.55208,2.3383813,0.20802069,135.55208,2.3383813,0.0069050943,,,,,,,,,,,,,,,,,,,,135.55208,2.3383813,0.048688013,135.55208,2.3383813,27.714228,135.55208,2.3383813,0.0016229338,135.55208,2.3383813,0.03213999,135.55208,2.3383813,5.0,,,,,,,
135.55208,2.2784226,0.18317716,135.55208,2.2784226,0.0074222814,,,,,,,,,,,,,,,,,,,,,,,,,,,,,,,,,,,,,,,,,,,,,,,,,,,,,,,,,,,,,135.55208,2.2784226,649.71094,135.55208,2.2784226,25.056427,,,,,,,,,,,,,,,,,135.55208,2.3683605,0.20771223,135.55208,2.3683605,0.006000137,,,,,,,,,,,,,,,,,,,,135.55208,2.3683605,0.048949614,135.55208,2.3683605,27.71538,135.55208,2.3683605,0.001631654,135.55208,2.3683605,0.028151836,135.55208,2.3683605,5.0,,,,,,,
135.55208,2.3084018,0.17047448,135.55208,2.3084018,0.006514949,,,,,,,,,,,,,,,,,,,,,,,,,,,,,,,,,,,,,,,,,,,,,,,,,,,,,,,,,,,,,135.55208,2.3084018,604.4248,135.55208,2.3084018,21.833967,,,,,,,,,,,,,,,,,135.55208,2.3983397,0.20151311,135.55208,2.3983397,0.0065263193,,,,,,,,,,,,,,,,,,,,135.55208,2.3983397,0.046793662,135.55208,2.3983397,27.705894,135.55208,2.3983397,0.0015597888,135.55208,2.3983397,0.031300284,135.55208,2.3983397,5.0,,,,,,,
135.55208,2.338381,0.15249144,135.55208,2.338381,0.0066785654,,,,,,,,,,,,,,,,,,,,,,,,,,,,,,,,,,,,,,,,,,,,,,,,,,,,,,,,,,,,,135.55208,2.338381,540.2655,135.55208,2.338381,22.478945,,,,,,,,,,,,,,,,,135.55208,2.428319,0.20449443,135.55208,2.428319,0.006110559,,,,,,,,,,,,,,,,,,,,135.55208,2.428319,0.04844909,135.55208,2.428319,27.713175,135.55208,2.428319,0.0016149697,135.55208,2.428319,0.029016282,135.55208,2.428319,5.0,,,,,,,
135.55208,2.3683605,0.14911498,135.55208,2.3683605,0.005949725,,,,,,,,,,,,,,,,,,,,,,,,,,,,,,,,,,,,,,,,,,,,,,,,,,,,,,,,,,,,,135.55208,2.3683605,528.7189,135.55208,2.3683605,20.028465,,,,,,,,,,,,,,,,,135.55208,2.4582982,0.20887922,135.55208,2.4582982,0.006163501,,,,,,,,,,,,,,,,,,,,135.55208,2.4582982,0.050675675,135.55208,2.4582982,27.722973,135.55208,2.4582982,0.0016891892,135.55208,2.4582982,0.028668122,135.55208,2.4582982,5.0,,,,,,,
135.55208,2.3983397,0.14236204,135.55208,2.3983397,0.0062323376,,,,,,,,,,,,,,,,,,,,,,,,,,,,,,,,,,,,,,,,,,,,,,,,,,,,,,,,,,,,,135.55208,2.3983397,504.6365,135.55208,2.3983397,20.546837,,,,,,,,,,,,,,,,,135.55208,2.4882774,0.20743477,135.55208,2.4882774,0.005817804,,,,,,,,,,,,,,,,,,,,135.55208,2.4882774,0.050479937,135.55208,2.4882774,27.722113,135.55208,2.4882774,0.0016826646,135.55208,2.4882774,0.027166074,135.55208,2.4882774,5.0,,,,,,,
135.55208,2.428319,0.14130598,135.55208,2.428319,0.005845605,,,,,,,,,,,,,,,,,,,,,,,,,,,,,,,,,,,,,,,,,,,,,,,,,,,,,,,,,,,,,135.55208,2.428319,500.72253,135.55208,2.428319,19.259031,,,,,,,,,,,,,,,,,135.55208,2.5182567,0.19855006,135.55208,2.5182567,0.005686561,,,,,,,,,,,,,,,,,,,,135.55208,2.5182567,0.047195908,135.55208,2.5182567,27.70766,135.55208,2.5182567,0.0015731971,135.55208,2.5182567,0.027849035,135.55208,2.5182567,5.0,,,,,,,
135.55208,2.4582982,0.13645692,135.55208,2.4582982,0.0056373645,,,,,,,,,,,,,,,,,,,,,,,,,,,,,,,,,,,,,,,,,,,,,,,,,,,,,,,,,,,,,135.55208,2.4582982,483.86633,135.55208,2.4582982,18.658272,,,,,,,,,,,,,,,,,135.55208,2.548236,0.19621748,135.55208,2.548236,0.0059614787,,,,,,,,,,,,,,,,,,,,135.55208,2.548236,0.046623334,135.55208,2.548236,27.705143,135.55208,2.548236,0.0015541111,135.55208,2.548236,0.029482365,135.55208,2.548236,5.0,,,,,,,
135.55208,2.4882774,0.13316971,135.55208,2.4882774,0.0053547523,,,,,,,,,,,,,,,,,,,,,,,,,,,,,,,,,,,,,,,,,,,,,,,,,,,,,,,,,,,,,135.55208,2.4882774,471.95508,135.55208,2.4882774,17.917198,,,,,,,,,,,,,,,,,135.55208,2.5782151,0.19126135,135.55208,2.5782151,0.0052884826,,,,,,,,,,,,,,,,,,,,135.55208,2.5782151,0.044902503,135.55208,2.5782151,27.69757,135.55208,2.5782151,0.0014967503,135.55208,2.5782151,0.026969217,135.55208,2.5782151,5.0,,,,,,,
135.55208,2.5182567,0.12637216,135.55208,2.5182567,0.0053398777,,,,,,,,,,,,,,,,,,,,,,,,,,,,,,,,,,,,,,,,,,,,,,,,,,,,,,,,,,,,,135.55208,2.5182567,447.90848,135.55208,2.5182567,17.388779,,,,,,,,,,,,,,,,,135.55208,2.6081944,0.19023532,135.55208,2.6081944,0.004775447,,,,,,,,,,,,,,,,,,,,135.55208,2.6081944,0.044841785,135.55208,2.6081944,27.697306,135.55208,2.6081944,0.0014947263,135.55208,2.6081944,0.024467932,135.55208,2.6081944,5.0,,,,,,,
135.55208,2.548236,0.12351629,135.55208,2.548236,0.005399375,,,,,,,,,,,,,,,,,,,,,,,,,,,,,,,,,,,,,,,,,,,,,,,,,,,,,,,,,,,,,135.55208,2.548236,437.0834,135.55208,2.548236,17.684687,,,,,,,,,,,,,,,,,135.55208,2.6381736,0.19084285,135.55208,2.6381736,0.005050257,,,,,,,,,,,,,,,,,,,,135.55208,2.6381736,0.045443058,135.55208,2.6381736,27.69995,135.55208,2.6381736,0.0015147687,135.55208,2.6381736,0.025830789,135.55208,2.6381736,5.0,,,,,,,
135.55208,2.5782151,0.11741783,135.55208,2.5782151,0.0047449055,,,,,,,,,,,,,,,,,,,,,,,,,,,,,,,,,,,,,,,,,,,,,,,,,,,,,,,,,,,,,135.55208,2.5782151,415.9617,135.55208,2.5782151,15.536387,,,,,,,,,,,,,,,,,135.55208,2.6681528,0.18279982,135.55208,2.6681528,0.0052206386,,,,,,,,,,,,,,,,,,,,135.55208,2.6681528,0.04242824,135.55208,2.6681528,27.686684,135.55208,2.6681528,0.0014142746,135.55208,2.6681528,0.026882757,135.55208,2.6681528,5.0,,,,,,,
135.55208,2.6081944,0.113773614,135.55208,2.6081944,0.004402796,,,,,,,,,,,,,,,,,,,,,,,,,,,,,,,,,,,,,,,,,,,,,,,,,,,,,,,,,,,,,135.55208,2.6081944,402.4289,135.55208,2.6081944,14.015058,,,,,,,,,,,,,,,,,135.55208,2.698132,0.17306826,135.55208,2.698132,0.004072863,,,,,,,,,,,,,,,,,,,,135.55208,2.698132,0.038605366,135.55208,2.698132,27.669865,135.55208,2.698132,0.0012868457,135.55208,2.698132,0.01977755,135.55208,2.698132,5.0,,,,,,,
135.55208,2.6381736,0.109385684,135.55208,2.6381736,0.0043135504,,,,,,,,,,,,,,,,,,,,,,,,,,,,,,,,,,,,,,,,,,,,,,,,,,,,,,,,,,,,,135.55208,2.6381736,387.05164,135.55208,2.6381736,13.602786,,,,,,,,,,,,,,,,,135.55208,2.7281115,0.17484032,135.55208,2.7281115,0.005238488,,,,,,,,,,,,,,,,,,,,135.55208,2.7281115,0.039691243,135.55208,2.7281115,27.674644,135.55208,2.7281115,0.0013230414,135.55208,2.7281115,0.029120956,135.55208,2.7281115,5.0,,,,,,,
135.55208,2.6681528,0.10403094,135.55208,2.6681528,0.004417671,,,,,,,,,,,,,,,,,,,,,,,,,,,,,,,,,,,,,,,,,,,,,,,,,,,,,,,,,,,,,135.55208,2.6681528,367.7987,135.55208,2.6681528,14.040989,,,,,,,,,,,,,,,,,135.55208,2.7580907,0.1785943,135.55208,2.7580907,0.004611395,,,,,,,,,,,,,,,,,,,,135.55208,2.7580907,0.041633237,135.55208,2.7580907,27.683186,135.55208,2.7580907,0.0013877746,135.55208,2.7580907,0.022901114,135.55208,2.7580907,5.0,,,,,,,
135.55208,2.698132,0.09903317,135.55208,2.698132,0.003778075,,,,,,,,,,,,,,,,,,,,,,,,,,,,,,,,,,,,,,,,,,,,,,,,,,,,,,,,,,,,,135.55208,2.698132,350.43002,135.55208,2.698132,11.961686,,,,,,,,,,,,,,,,,135.55208,2.78807,0.17979176,135.55208,2.78807,0.00466912,,,,,,,,,,,,,,,,,,,,135.55208,2.78807,0.04247654,135.55208,2.78807,27.686897,135.55208,2.78807,0.0014158846,135.55208,2.78807,0.025279153,135.55208,2.78807,5.0,,,,,,,
135.55208,2.7281113,0.096802026,135.55208,2.7281113,0.0042986763,,,,,,,,,,,,,,,,,,,,,,,,,,,,,,,,,,,,,,,,,,,,,,,,,,,,,,,,,,,,,135.55208,2.7281113,342.6209,135.55208,2.7281113,13.783794,,,,,,,,,,,,,,,,,135.55208,2.8180492,0.17670816,135.55208,2.8180492,0.004836382,,,,,,,,,,,,,,,,,,,,135.55208,2.8180492,0.04150565,135.55208,2.8180492,27.682625,135.55208,2.8180492,0.0013835218,135.55208,2.8180492,0.023280855,135.55208,2.8180492,5.0,,,,,,,
135.55208,2.7580905,0.09479399,135.55208,2.7580905,0.003911944,,,,,,,,,,,,,,,,,,,,,,,,,,,,,,,,,,,,,,,,,,,,,,,,,,,,,,,,,,,,,135.55208,2.7580905,335.21643,135.55208,2.7580905,12.293382,,,,,,,,,,,,,,,,,135.55208,2.8480284,0.17649455,135.55208,2.8480284,0.0042055277,,,,,,,,,,,,,,,,,,,,135.55208,2.8480284,0.041788667,135.55208,2.8480284,27.683872,135.55208,2.8480284,0.0013929555,135.55208,2.8480284,0.018339196,135.55208,2.8480284,5.0,,,,,,,
135.55208,2.78807,0.093559414,135.55208,2.78807,0.004016064,,,,,,,,,,,,,,,,,,,,,,,,,,,,,,,,,,,,,,,,,,,,,,,,,,,,,,,,,,,,,135.55208,2.78807,330.97998,135.55208,2.78807,12.736901,,,,,,,,,,,,,,,,,135.55208,2.8780077,0.17368871,135.55208,2.8780077,0.0052081165,,,,,,,,,,,,,,,,,,,,135.55208,2.8780077,0.04089074,135.55208,2.8780077,27.67992,135.55208,2.8780077,0.0013630246,135.55208,2.8780077,0.029078938,135.55208,2.8780077,5.0,,,,,,,
135.55208,2.8180492,0.089335114,135.55208,2.8180492,0.00389707,,,,,,,,,,,,,,,,,,,,,,,,,,,,,,,,,,,,,,,,,,,,,,,,,,,,,,,,,,,,,135.55208,2.8180492,315.7828,135.55208,2.8180492,12.458389,,,,,,,,,,,,,,,,,135.55208,2.9079869,0.17555691,135.55208,2.9079869,0.0039309757,,,,,,,,,,,,,,,,,,,,135.55208,2.9079869,0.04202062,135.55208,2.9079869,27.68489,135.55208,2.9079869,0.0014006873,135.55208,2.9079869,0.019246267,135.55208,2.9079869,5.0,,,,,,,
135.55208,2.8480284,0.088130295,135.55208,2.8480284,0.0034657149,,,,,,,,,,,,,,,,,,,,,,,,,,,,,,,,,,,,,,,,,,,,,,,,,,,,,,,,,,,,,135.55208,2.8480284,311.60004,135.55208,2.8480284,10.960353,,,,,,,,,,,,,,,,,135.55208,2.937966,0.18074517,135.55208,2.937966,0.0051649157,,,,,,,,,,,,,,,,,,,,135.55208,2.937966,0.04467518,135.55208,2.937966,27.696571,135.55208,2.937966,0.0014891727,135.55208,2.937966,0.027794978,135.55208,2.937966,5.0,,,,,,,
135.55208,2.8780077,0.08640488,135.55208,2.8780077,0.004075561,,,,,,,,,,,,,,,,,,,,,,,,,,,,,,,,,,,,,,,,,,,,,,,,,,,,,,,,,,,,,135.55208,2.8780077,305.21448,135.55208,2.8780077,12.918549,,,,,,,,,,,,,,,,,135.55208,2.9679453,0.18355219,135.55208,2.9679453,0.0038015628,,,,,,,,,,,,,,,,,,,,135.55208,2.9679453,0.046242297,135.55208,2.9679453,27.703468,135.55208,2.9679453,0.0015414101,135.55208,2.9679453,0.016938744,135.55208,2.9679453,5.0,,,,,,,
135.55208,2.9079869,0.085750416,135.55208,2.9079869,0.0033169715,,,,,,,,,,,,,,,,,,,,,,,,,,,,,,,,,,,,,,,,,,,,,,,,,,,,,,,,,,,,,135.55208,2.9079869,303.4146,135.55208,2.9079869,10.227617,,,,,,,,,,,,,,,,,135.55208,2.9979246,0.1885592,135.55208,2.9979246,0.006410183,,,,,,,,,,,,,,,,,,,,135.55208,2.9979246,0.048808284,135.55208,2.9979246,27.714756,135.55208,2.9979246,0.0016269425,135.55208,2.9979246,0.03290403,135.55208,2.9979246,5.0,,,,,,,
135.55208,2.937966,0.08447121,135.55208,2.937966,0.0038970697,,,,,,,,,,,,,,,,,,,,,,,,,,,,,,,,,,,,,,,,,,,,,,,,,,,,,,,,,,,,,135.55208,2.937966,298.31555,135.55208,2.937966,12.300136,,,,,,,,,,,,,,,,,135.55208,3.0279038,0.17772694,135.55208,3.0279038,0.0043488387,,,,,,,,,,,,,,,,,,,,135.55208,3.0279038,0.044417046,135.55208,3.0279038,27.695436,135.55208,3.0279038,0.0014805682,135.55208,3.0279038,0.020188205,135.55208,3.0279038,5.0,,,,,,,
135.55208,2.9679453,0.08429273,135.55208,2.9679453,0.0031384798,,,,,,,,,,,,,,,,,,,,,,,,,,,,,,,,,,,,,,,,,,,,,,,,,,,,,,,,,,,,,135.55208,2.9679453,297.74722,135.55208,2.9679453,9.560425,,,,,,,,,,,,,,,,,135.55208,3.057883,0.1678293,135.55208,3.057883,0.0047215987,,,,,,,,,,,,,,,,,,,,135.55208,3.057883,0.04036671,135.55208,3.057883,27.677612,135.55208,3.057883,0.0013455568,135.55208,3.057883,0.025514882,135.55208,3.057883,5.0,,,,,,,
135.55208,2.9979246,0.08411423,135.55208,2.9979246,0.0042838017,,,,,,,,,,,,,,,,,,,,,,,,,,,,,,,,,,,,,,,,,,,,,,,,,,,,,,,,,,,,,135.55208,2.9979246,296.88995,135.55208,2.9979246,13.7023535,,,,,,,,,,,,,,,,,135.55208,3.0878623,0.16756254,135.55208,3.0878623,0.00451019,,,,,,,,,,,,,,,,,,,,135.55208,3.0878623,0.0405716,135.55208,3.0878623,27.678514,135.55208,3.0878623,0.0013523867,135.55208,3.0878623,0.019498264,135.55208,3.0878623,5.0,,,,,,,
135.55208,3.0279038,0.08041053,135.55208,3.0279038,0.0032574746,,,,,,,,,,,,,,,,,,,,,,,,,,,,,,,,,,,,,,,,,,,,,,,,,,,,,,,,,,,,,135.55208,3.0279038,283.5889,135.55208,3.0279038,10.069139,,,,,,,,,,,,,,,,,135.55208,3.1178415,0.16359788,135.55208,3.1178415,0.0042507923,,,,,,,,,,,,,,,,,,,,135.55208,3.1178415,0.039174505,135.55208,3.1178415,27.672367,135.55208,3.1178415,0.0013058168,135.55208,3.1178415,0.021370744,135.55208,3.1178415,5.0,,,,,,,
135.55208,3.057883,0.07273539,135.55208,3.057883,0.0034210915,,,,,,,,,,,,,,,,,,,,,,,,,,,,,,,,,,,,,,,,,,,,,,,,,,,,,,,,,,,,,135.55208,3.057883,256.68417,135.55208,3.057883,10.649956,,,,,,,,,,,,,,,,,135.55208,3.147821,0.1616352,135.55208,3.147821,0.0034208498,,,,,,,,,,,,,,,,,,,,135.55208,3.147821,0.038567387,135.55208,3.147821,27.669695,135.55208,3.147821,0.0012855795,135.55208,3.147821,0.010010898,135.55208,3.147821,5.0,,,,,,,
135.55208,3.0878623,0.07092072,135.55208,3.0878623,0.00334672,,,,,,,,,,,,,,,,,,,,,,,,,,,,,,,,,,,,,,,,,,,,,,,,,,,,,,,,,,,,,135.55208,3.0878623,250.24957,135.55208,3.0878623,10.308728,,,,,,,,,,,,,,,,,135.55208,3.1778002,0.16045661,135.55208,3.1778002,0.0042043393,,,,,,,,,,,,,,,,,,,,135.55208,3.1778002,0.03843262,135.55208,3.1778002,27.669106,135.55208,3.1778002,0.0012810873,135.55208,3.1778002,0.020968385,135.55208,3.1778002,5.0,,,,,,,
135.55208,3.1178415,0.06874907,135.55208,3.1178415,0.0030194856,,,,,,,,,,,,,,,,,,,,,,,,,,,,,,,,,,,,,,,,,,,,,,,,,,,,,,,,,,,,,135.55208,3.1178415,242.37772,135.55208,3.1178415,8.959179,,,,,,,,,,,,,,,,,135.55208,3.2077794,0.1555472,135.55208,3.2077794,0.003126268,,,,,,,,,,,,,,,,,,,,135.55208,3.2077794,0.03648878,135.55208,3.2077794,27.66055,135.55208,3.2077794,0.0012162926,135.55208,3.2077794,0.011963053,135.55208,3.2077794,5.0,,,,,,,
135.55208,3.1478207,0.06590808,135.55208,3.1478207,0.0028409935,,,,,,,,,,,,,,,,,,,,,,,,,,,,,,,,,,,,,,,,,,,,,,,,,,,,,,,,,,,,,135.55208,3.1478207,232.61087,135.55208,3.1478207,8.310814,,,,,,,,,,,,,,,,,135.55208,3.2377586,0.15548818,135.55208,3.2377586,0.0041019227,,,,,,,,,,,,,,,,,,,,135.55208,3.2377586,0.036719706,135.55208,3.2377586,27.661568,135.55208,3.2377586,0.0012239901,135.55208,3.2377586,0.0148935765,135.55208,3.2377586,5.0,,,,,,,
135.55208,3.1778,0.065491594,135.55208,3.1778,0.0030046112,,,,,,,,,,,,,,,,,,,,,,,,,,,,,,,,,,,,,,,,,,,,,,,,,,,,,,,,,,,,,135.55208,3.1778,230.60606,135.55208,3.1778,8.902987,,,,,,,,,,,,,,,,,135.55208,3.2677379,0.14454657,135.55208,3.2677379,0.0025592884,,,,,,,,,,,,,,,,,,,,135.55208,3.2677379,0.032086626,135.55208,3.2677379,27.641182,135.55208,3.2677379,0.0010695541,135.55208,3.2677379,0.010026098,135.55208,3.2677379,5.0,,,,,,,
135.55208,3.2077794,0.06320095,135.55208,3.2077794,0.0025286332,,,,,,,,,,,,,,,,,,,,,,,,,,,,,,,,,,,,,,,,,,,,,,,,,,,,,,,,,,,,,135.55208,3.2077794,222.49207,135.55208,3.2077794,7.293613,,,,,,,,,,,,,,,,,135.55208,3.297717,0.14815938,135.55208,3.297717,0.0039799814,,,,,,,,,,,,,,,,,,,,135.55208,3.297717,0.033964977,135.55208,3.297717,27.649445,135.55208,3.297717,0.0011321658,135.55208,3.297717,0.016880933,135.55208,3.297717,5.0,,,,,,,
135.55208,3.2377586,0.060850807,135.55208,3.2377586,0.0029451137,,,,,,,,,,,,,,,,,,,,,,,,,,,,,,,,,,,,,,,,,,,,,,,,,,,,,,,,,,,,,135.55208,3.2377586,214.37038,135.55208,3.2377586,8.847503,,,,,,,,,,,,,,,,,135.55208,3.3276963,0.14638257,135.55208,3.3276963,0.0032676216,,,,,,,,,,,,,,,,,,,,135.55208,3.3276963,0.033468038,135.55208,3.3276963,27.647257,135.55208,3.3276963,0.0011156013,135.55208,3.3276963,0.008244347,135.55208,3.3276963,4.0,,,,,,,
135.55208,3.2677379,0.055867918,135.55208,3.2677379,0.0024393871,,,,,,,,,,,,,,,,,,,,,,,,,,,,,,,,,,,,,,,,,,,,,,,,,,,,,,,,,,,,,135.55208,3.2677379,196.55766,135.55208,3.2677379,6.984767,,,,,,,,,,,,,,,,,135.55208,3.3576756,0.14719495,135.55208,3.3576756,0.0037692923,,,,,,,,,,,,,,,,,,,,135.55208,3.3576756,0.034076437,135.55208,3.3576756,27.649935,135.55208,3.3576756,0.0011358813,135.55208,3.3576756,0.015919281,135.55208,3.3576756,5.0,,,,,,,
135.55208,3.297717,0.056522384,135.55208,3.297717,0.0027071247,,,,,,,,,,,,,,,,,,,,,,,,,,,,,,,,,,,,,,,,,,,,,,,,,,,,,,,,,,,,,135.55208,3.297717,198.96284,135.55208,3.297717,8.005215,,,,,,,,,,,,,,,,,135.55208,3.3876548,0.1515562,135.55208,3.3876548,0.003443756,,,,,,,,,,,,,,,,,,,,135.55208,3.3876548,0.036392238,135.55208,3.3876548,27.660124,135.55208,3.3876548,0.0012130745,135.55208,3.3876548,0.009556014,135.55208,3.3876548,4.0,,,,,,,
135.55208,3.3276963,0.055317566,135.55208,3.3276963,0.0024988847,,,,,,,,,,,,,,,,,,,,,,,,,,,,,,,,,,,,,,,,,,,,,,,,,,,,,,,,,,,,,135.55208,3.3276963,194.5282,135.55208,3.3276963,7.112234,,,,,,,,,,,,,,,,,135.55208,3.417634,0.15605545,135.55208,3.417634,0.0034126448,,,,,,,,,,,,,,,,,,,,135.55208,3.417634,0.038799807,135.55208,3.417634,27.670717,135.55208,3.417634,0.0012933268,135.55208,3.417634,0.013398523,135.55208,3.417634,5.0,,,,,,,
135.55208,3.3576756,0.054930832,135.55208,3.3576756,0.0027219993,,,,,,,,,,,,,,,,,,,,,,,,,,,,,,,,,,,,,,,,,,,,,,,,,,,,,,,,,,,,,135.55208,3.3576756,193.5698,135.55208,3.3576756,7.7715445,,,,,,,,,,,,,,,,,135.55208,3.4476132,0.15051806,135.55208,3.4476132,0.0042219674,,,,,,,,,,,,,,,,,,,,135.55208,3.4476132,0.03651836,135.55208,3.4476132,27.66068,135.55208,3.4476132,0.0012172787,135.55208,3.4476132,0.017844118,135.55208,3.4476132,5.0,,,,,,,
135.55208,3.3876548,0.053785514,135.55208,3.3876548,0.002469136,,,,,,,,,,,,,,,,,,,,,,,,,,,,,,,,,,,,,,,,,,,,,,,,,,,,,,,,,,,,,135.55208,3.3876548,189.18878,135.55208,3.3876548,6.987999,,,,,,,,,,,,,,,,,135.55208,3.4775925,0.15878265,135.55208,3.4775925,0.0045438153,,,,,,,,,,,,,,,,,,,,135.55208,3.4775925,0.04059503,135.55208,3.4775925,27.67862,135.55208,3.4775925,0.0013531677,135.55208,3.4775925,0.01775565,135.55208,3.4775925,5.0,,,,,,,
135.55208,3.417634,0.055168822,135.55208,3.417634,0.0025435074,,,,,,,,,,,,,,,,,,,,,,,,,,,,,,,,,,,,,,,,,,,,,,,,,,,,,,,,,,,,,135.55208,3.417634,193.982,135.55208,3.417634,7.435874,,,,,,,,,,,,,,,,,135.55208,3.5075717,0.15717706,135.55208,3.5075717,0.003917049,,,,,,,,,,,,,,,,,,,,135.55208,3.5075717,0.04013386,135.55208,3.5075717,27.676586,135.55208,3.5075717,0.0013377954,135.55208,3.5075717,0.01194066,135.55208,3.5075717,5.0,,,,,,,
135.55208,3.4476132,0.05381526,135.55208,3.4476132,0.0027368735,,,,,,,,,,,,,,,,,,,,,,,,,,,,,,,,,,,,,,,,,,,,,,,,,,,,,,,,,,,,,135.55208,3.4476132,189.4389,135.55208,3.4476132,8.093953,,,,,,,,,,,,,,,,,135.55208,3.5375512,0.15638211,135.55208,3.5375512,0.0040024496,,,,,,,,,,,,,,,,,,,,135.55208,3.5375512,0.04013823,135.55208,3.5375512,27.676609,135.55208,3.5375512,0.0013379409,135.55208,3.5375512,0.012532832,135.55208,3.5375512,5.0,,,,,,,
135.55208,3.4775925,0.053681392,135.55208,3.4775925,0.0027814964,,,,,,,,,,,,,,,,,,,,,,,,,,,,,,,,,,,,,,,,,,,,,,,,,,,,,,,,,,,,,135.55208,3.4775925,189.14944,135.55208,3.4775925,8.111898,,,,,,,,,,,,,,,,,135.55208,3.5675304,0.15505421,135.55208,3.5675304,0.0042217807,,,,,,,,,,,,,,,,,,,,135.55208,3.5675304,0.039798874,135.55208,3.5675304,27.675116,135.55208,3.5675304,0.0013266291,135.55208,3.5675304,0.01954226,135.55208,3.5675304,5.0,,,,,,,
135.55208,3.5075717,0.052357577,135.55208,3.5075717,0.0025881298,,,,,,,,,,,,,,,,,,,,,,,,,,,,,,,,,,,,,,,,,,,,,,,,,,,,,,,,,,,,,135.55208,3.5075717,184.31995,135.55208,3.5075717,7.585035,,,,,,,,,,,,,,,,,135.55208,3.5975096,0.15496261,135.55208,3.5975096,0.004031237,,,,,,,,,,,,,,,,,,,,135.55208,3.5975096,0.04007037,135.55208,3.5975096,27.67631,135.55208,3.5975096,0.001335679,135.55208,3.5975096,0.010753993,135.55208,3.5975096,5.0,,,,,,,
135.55208,3.537551,0.05203034,135.55208,3.537551,0.0025881303,,,,,,,,,,,,,,,,,,,,,,,,,,,,,,,,,,,,,,,,,,,,,,,,,,,,,,,,,,,,,135.55208,3.537551,182.90121,135.55208,3.537551,7.4287515,,,,,,,,,,,,,,,,,135.55208,3.6274889,0.15103555,135.55208,3.6274889,0.003888516,,,,,,,,,,,,,,,,,,,,135.55208,3.6274889,0.03852042,135.55208,3.6274889,27.66949,135.55208,3.6274889,0.0012840142,135.55208,3.6274889,0.010710911,135.55208,3.6274889,5.0,,,,,,,
135.55208,3.5675302,0.050989136,135.55208,3.5675302,0.00258813,,,,,,,,,,,,,,,,,,,,,,,,,,,,,,,,,,,,,,,,,,,,,,,,,,,,,,,,,,,,,135.55208,3.5675302,179.20195,135.55208,3.5675302,7.313565,,,,,,,,,,,,,,,,,135.55208,3.657468,0.15743855,135.55208,3.657468,0.0037630105,,,,,,,,,,,,,,,,,,,,135.55208,3.657468,0.041833714,135.55208,3.657468,27.684069,135.55208,3.657468,0.0013944572,135.55208,3.657468,1.0000001e-07,135.55208,3.657468,7.0,,,,,,,
135.55208,3.5975094,0.05005206,135.55208,3.5975094,0.0025137588,,,,,,,,,,,,,,,,,,,,,,,,,,,,,,,,,,,,,,,,,,,,,,,,,,,,,,,,,,,,,135.55208,3.5975094,175.99872,135.55208,3.5975094,7.184225,,,,,,,,,,,,,,,,,135.55208,3.6874473,0.15083292,135.55208,3.6874473,0.0027688583,,,,,,,,,,,,,,,,,,,,135.55208,3.6874473,0.039007418,135.55208,3.6874473,27.671635,135.55208,3.6874473,0.0013002474,135.55208,3.6874473,1.0000001e-07,135.55208,3.6874473,7.0,,,,,,,
135.55208,3.6274889,0.0482374,135.55208,3.6274889,0.00248401,,,,,,,,,,,,,,,,,,,,,,,,,,,,,,,,,,,,,,,,,,,,,,,,,,,,,,,,,,,,,135.55208,3.6274889,169.49408,135.55208,3.6274889,7.0258393,,,,,,,,,,,,,,,,,135.55208,3.7174265,0.14558929,135.55208,3.7174265,0.0038198787,,,,,,,,,,,,,,,,,,,,135.55208,3.7174265,0.03685735,135.55208,3.7174265,27.662172,135.55208,3.7174265,0.0012285784,135.55208,3.7174265,0.016147144,135.55208,3.7174265,5.0,,,,,,,
135.55208,3.657468,0.046898708,135.55208,3.657468,0.0024096386,,,,,,,,,,,,,,,,,,,,,,,,,,,,,,,,,,,,,,,,,,,,,,,,,,,,,,,,,,,,,135.55208,3.657468,164.65848,135.55208,3.657468,6.7840614,,,,,,,,,,,,,,,,,135.55208,3.7474058,0.14748143,135.55208,3.7474058,0.003054049,,,,,,,,,,,,,,,,,,,,135.55208,3.7474058,0.038075704,135.55208,3.7474058,27.667534,135.55208,3.7474058,0.0012691901,135.55208,3.7474058,0.009202492,135.55208,3.7474058,4.0,,,,,,,
135.55208,3.6874473,0.044979915,135.55208,3.6874473,0.002112152,,,,,,,,,,,,,,,,,,,,,,,,,,,,,,,,,,,,,,,,,,,,,,,,,,,,,,,,,,,,,135.55208,3.6874473,158.22484,135.55208,3.6874473,5.5892386,,,,,,,,,,,,,,,,,135.55208,3.777385,0.15252863,135.55208,3.777385,0.0038593758,,,,,,,,,,,,,,,,,,,,135.55208,3.777385,0.040714152,135.55208,3.777385,27.679142,135.55208,3.777385,0.0013571384,135.55208,3.777385,0.009733205,135.55208,3.777385,4.0,,,,,,,
135.55208,3.7174265,0.045084037,135.55208,3.7174265,0.0024245128,,,,,,,,,,,,,,,,,,,,,,,,,,,,,,,,,,,,,,,,,,,,,,,,,,,,,,,,,,,,,135.55208,3.7174265,158.29303,135.55208,3.7174265,7.0731378,,,,,,,,,,,,,,,,,135.55208,3.8073642,0.14061068,135.55208,3.8073642,0.001979026,,,,,,,,,,,,,,,,,,,,135.55208,3.8073642,0.03535501,135.55208,3.8073642,27.655563,135.55208,3.8073642,0.0011785004,135.55208,3.8073642,0.008253325,135.55208,3.8073642,4.0,,,,,,,
135.55208,3.7474058,0.044325452,135.55208,3.7474058,0.0021270267,,,,,,,,,,,,,,,,,,,,,,,,,,,,,,,,,,,,,,,,,,,,,,,,,,,,,,,,,,,,,135.55208,3.7474058,155.59558,135.55208,3.7474058,5.820786,,,,,,,,,,,,,,,,,135.55208,3.8373435,0.14099932,135.55208,3.8373435,0.0027645533,,,,,,,,,,,,,,,,,,,,135.55208,3.8373435,0.035882384,135.55208,3.8373435,27.657885,135.55208,3.8373435,0.0011960794,135.55208,3.8373435,0.010757724,135.55208,3.8373435,5.0,,,,,,,
135.55208,3.777385,0.044280827,135.55208,3.777385,0.0022906438,,,,,,,,,,,,,,,,,,,,,,,,,,,,,,,,,,,,,,,,,,,,,,,,,,,,,,,,,,,,,135.55208,3.777385,155.53557,135.55208,3.777385,6.4087005,,,,,,,,,,,,,,,,,135.55208,3.8673227,0.13112184,135.55208,3.8673227,0.0026820425,,,,,,,,,,,,,,,,,,,,135.55208,3.8673227,0.0313646,135.55208,3.8673227,27.638004,135.55208,3.8673227,0.0010454867,135.55208,3.8673227,0.0046070428,135.55208,3.8673227,4.0,,,,,,,
135.55208,3.8073642,0.041380335,135.55208,3.8073642,0.0017551687,,,,,,,,,,,,,,,,,,,,,,,,,,,,,,,,,,,,,,,,,,,,,,,,,,,,,,,,,,,,,135.55208,3.8073642,145.19223,135.55208,3.8073642,4.279528,,,,,,,,,,,,,,,,,135.55208,3.897302,0.13786443,135.55208,3.897302,0.002744161,,,,,,,,,,,,,,,,,,,,135.55208,3.897302,0.034905486,135.55208,3.897302,27.653585,135.55208,3.897302,0.0011635161,135.55208,3.897302,0.009759589,135.55208,3.897302,4.0,,,,,,,
135.55208,3.8373435,0.039283056,135.55208,3.8373435,0.0019485349,,,,,,,,,,,,,,,,,,,,,,,,,,,,,,,,,,,,,,,,,,,,,,,,,,,,,,,,,,,,,135.55208,3.8373435,137.74182,135.55208,3.8373435,5.269819,,,,,,,,,,,,,,,,,135.55208,3.9272811,0.13529792,135.55208,3.9272811,0.002916084,,,,,,,,,,,,,,,,,,,,135.55208,3.9272811,0.03392917,135.55208,3.9272811,27.649286,135.55208,3.9272811,0.0011309723,135.55208,3.9272811,1.0000001e-07,135.55208,3.9272811,7.0,,,,,,,
135.55208,3.8673227,0.036843672,135.55208,3.8673227,0.001993158,,,,,,,,,,,,,,,,,,,,,,,,,,,,,,,,,,,,,,,,,,,,,,,,,,,,,,,,,,,,,135.55208,3.8673227,128.9346,135.55208,3.8673227,5.2345104,,,,,,,,,,,,,,,,,135.55208,3.9572606,0.12995756,135.55208,3.9572606,0.0018948452,,,,,,,,,,,,,,,,,,,,135.55208,3.9572606,0.031578887,135.55208,3.9572606,27.638947,135.55208,3.9572606,0.0010526297,135.55208,3.9572606,1.0000001e-07,135.55208,3.9572606,7.0,,,,,,,
135.55208,3.897302,0.03669493,135.55208,3.897302,0.0018741633,,,,,,,,,,,,,,,,,,,,,,,,,,,,,,,,,,,,,,,,,,,,,,,,,,,,,,,,,,,,,135.55208,3.897302,128.50204,135.55208,3.897302,4.7792883,,,,,,,,,,,,,,,,,135.55208,3.9872398,0.12977906,135.55208,3.9872398,0.0027092372,,,,,,,,,,,,,,,,,,,,135.55208,3.9872398,0.031777333,135.55208,3.9872398,27.63982,135.55208,3.9872398,0.0010592444,135.55208,3.9872398,1.0000001e-07,135.55208,3.9872398,7.0,,,,,,,
135.55208,3.9272811,0.03581734,135.55208,3.9272811,0.0019485349,,,,,,,,,,,,,,,,,,,,,,,,,,,,,,,,,,,,,,,,,,,,,,,,,,,,,,,,,,,,,135.55208,3.9272811,125.205986,135.55208,3.9272811,5.149132,,,,,,,,,,,,,,,,,135.55208,4.017219,0.13064188,135.55208,4.017219,0.0025554756,,,,,,,,,,,,,,,,,,,,135.55208,4.017219,0.032442916,135.55208,4.017219,27.642748,135.55208,4.017219,0.0010814305,135.55208,4.017219,0.004235205,135.55208,4.017219,4.0,,,,,,,
135.55208,3.9572604,0.03477614,135.55208,3.9572604,0.0016956716,,,,,,,,,,,,,,,,,,,,,,,,,,,,,,,,,,,,,,,,,,,,,,,,,,,,,,,,,,,,,135.55208,3.9572604,121.67038,135.55208,3.9572604,4.1323495,,,,,,,,,,,,,,,,,135.55208,4.0471983,0.13164628,135.55208,4.0471983,0.0031138698,,,,,,,,,,,,,,,,,,,,135.55208,4.0471983,0.033223346,135.55208,4.0471983,27.646183,135.55208,4.0471983,0.0011074448,135.55208,4.0471983,0.00756402,135.55208,4.0471983,4.0,,,,,,,
135.55208,3.9872396,0.03386881,135.55208,3.9872396,0.0018295404,,,,,,,,,,,,,,,,,,,,,,,,,,,,,,,,,,,,,,,,,,,,,,,,,,,,,,,,,,,,,135.55208,3.9872396,118.48641,135.55208,3.9872396,4.6232543,,,,,,,,,,,,,,,,,135.55208,4.0771775,0.1377483,135.55208,4.0771775,0.0034094483,,,,,,,,,,,,,,,,,,,,135.55208,4.0771775,0.036381356,135.55208,4.0771775,27.660076,135.55208,4.0771775,0.0012127119,135.55208,4.0771775,1.0000001e-07,135.55208,4.0771775,7.0,,,,,,,
135.55208,4.017219,0.03505875,135.55208,4.017219,0.0018741633,,,,,,,,,,,,,,,,,,,,,,,,,,,,,,,,,,,,,,,,,,,,,,,,,,,,,,,,,,,,,135.55208,4.017219,122.643036,135.55208,4.017219,4.8996406,,,,,,,,,,,,,,,,,135.55208,4.1071568,0.13331714,135.55208,4.1071568,0.0029134126,,,,,,,,,,,,,,,,,,,,135.55208,4.1071568,0.034463286,135.55208,4.1071568,27.651638,135.55208,4.1071568,0.0011487762,135.55208,4.1071568,0.0068557067,135.55208,4.1071568,4.0,,,,,,,
135.55208,4.0471983,0.033229213,135.55208,4.0471983,0.001903912,,,,,,,,,,,,,,,,,,,,,,,,,,,,,,,,,,,,,,,,,,,,,,,,,,,,,,,,,,,,,135.55208,4.0471983,116.20905,135.55208,4.0471983,5.015105,,,,,,,,,,,,,,,,,135.55208,4.137136,0.13787659,135.55208,4.137136,0.002581266,,,,,,,,,,,,,,,,,,,,135.55208,4.137136,0.036992677,135.55208,4.137136,27.662767,135.55208,4.137136,0.0012330892,135.55208,4.137136,0.0062402016,135.55208,4.137136,4.0,,,,,,,
135.55208,4.0771775,0.034210917,135.55208,4.0771775,0.0020229062,,,,,,,,,,,,,,,,,,,,,,,,,,,,,,,,,,,,,,,,,,,,,,,,,,,,,,,,,,,,,135.55208,4.0771775,119.78634,135.55208,4.0771775,5.263899,,,,,,,,,,,,,,,,,135.55208,4.167115,0.13493364,135.55208,4.167115,0.0024585,,,,,,,,,,,,,,,,,,,,135.55208,4.167115,0.0357986,135.55208,4.167115,27.657515,135.55208,4.167115,0.0011932869,135.55208,4.167115,0.0055975877,135.55208,4.167115,4.0,,,,,,,
135.55208,4.1071568,0.03276811,135.55208,4.1071568,0.0018592889,,,,,,,,,,,,,,,,,,,,,,,,,,,,,,,,,,,,,,,,,,,,,,,,,,,,,,,,,,,,,135.55208,4.1071568,114.576416,135.55208,4.1071568,4.725076,,,,,,,,,,,,,,,,,135.55208,4.1970944,0.13145077,135.55208,4.1970944,0.0033848875,,,,,,,,,,,,,,,,,,,,135.55208,4.1970944,0.03440354,135.55208,4.1970944,27.651377,135.55208,4.1970944,0.0011467846,135.55208,4.1970944,0.006029152,135.55208,4.1970944,4.0,,,,,,,
135.55208,4.137136,0.033318456,135.55208,4.137136,0.0016659229,,,,,,,,,,,,,,,,,,,,,,,,,,,,,,,,,,,,,,,,,,,,,,,,,,,,,,,,,,,,,135.55208,4.137136,116.41668,135.55208,4.137136,4.0099125,,,,,,,,,,,,,,,,,135.55208,4.2270737,0.12872858,135.55208,4.2270737,0.002254915,,,,,,,,,,,,,,,,,,,,135.55208,4.2270737,0.03321646,135.55208,4.2270737,27.646152,135.55208,4.2270737,0.0011072154,135.55208,4.2270737,0.0045158123,135.55208,4.2270737,4.0,,,,,,,
135.55208,4.167115,0.032158263,135.55208,4.167115,0.0016659232,,,,,,,,,,,,,,,,,,,,,,,,,,,,,,,,,,,,,,,,,,,,,,,,,,,,,,,,,,,,,135.55208,4.167115,112.242966,135.55208,4.167115,3.954986,,,,,,,,,,,,,,,,,135.55208,4.257053,0.13089228,135.55208,4.257053,0.0023751305,,,,,,,,,,,,,,,,,,,,135.55208,4.257053,0.034659445,135.55208,4.257053,27.652504,135.55208,4.257053,0.001155315,135.55208,4.257053,0.00466925,135.55208,4.257053,4.0,,,,,,,
135.55208,4.1970944,0.030923694,135.55208,4.1970944,0.001903912,,,,,,,,,,,,,,,,,,,,,,,,,,,,,,,,,,,,,,,,,,,,,,,,,,,,,,,,,,,,,135.55208,4.1970944,107.931145,135.55208,4.1970944,5.014765,,,,,,,,,,,,,,,,,135.55208,4.287032,0.13093606,135.55208,4.287032,0.0026743505,,,,,,,,,,,,,,,,,,,,135.55208,4.287032,0.034877896,135.55208,4.287032,27.653463,135.55208,4.287032,0.0011625965,135.55208,4.287032,0.0053837216,135.55208,4.287032,4.0,,,,,,,
135.55208,4.2270737,0.030016363,135.55208,4.2270737,0.0015618028,,,,,,,,,,,,,,,,,,,,,,,,,,,,,,,,,,,,,,,,,,,,,,,,,,,,,,,,,,,,,135.55208,4.2270737,104.865746,135.55208,4.2270737,3.7597516,,,,,,,,,,,,,,,,,135.55208,4.3170114,0.12217637,135.55208,4.3170114,0.0017794674,,,,,,,,,,,,,,,,,,,,135.55208,4.3170114,0.030908575,135.55208,4.3170114,27.635996,135.55208,4.3170114,0.0010302857,135.55208,4.3170114,1.0000001e-07,135.55208,4.3170114,7.0,,,,,,,
135.55208,4.257053,0.030105608,135.55208,4.257053,0.001532054,,,,,,,,,,,,,,,,,,,,,,,,,,,,,,,,,,,,,,,,,,,,,,,,,,,,,,,,,,,,,135.55208,4.257053,105.14289,135.55208,4.257053,3.6722806,,,,,,,,,,,,,,,,,135.55208,4.3469906,0.11947087,135.55208,4.3469906,0.0029825103,,,,,,,,,,,,,,,,,,,,135.55208,4.3469906,0.029758878,135.55208,4.3469906,27.630938,135.55208,4.3469906,0.0009919625,135.55208,4.3469906,1.0000001e-07,135.55208,4.3469906,7.0,,,,,,,
135.55208,4.287032,0.029659377,135.55208,4.287032,0.0017551689,,,,,,,,,,,,,,,,,,,,,,,,,,,,,,,,,,,,,,,,,,,,,,,,,,,,,,,,,,,,,135.55208,4.287032,103.51255,135.55208,4.287032,4.426589,,,,,,,,,,,,,,,,,135.55208,4.37697,0.114189796,135.55208,4.37697,0.0011577856,,,,,,,,,,,,,,,,,,,,135.55208,4.37697,0.027307091,135.55208,4.37697,27.62015,135.55208,4.37697,0.0009102364,135.55208,4.37697,1.0000001e-07,135.55208,4.37697,7.0,,,,,,,
135.55208,4.3170114,0.027309237,135.55208,4.3170114,0.0014130598,,,,,,,,,,,,,,,,,,,,,,,,,,,,,,,,,,,,,,,,,,,,,,,,,,,,,,,,,,,,,135.55208,4.3170114,94.97229,135.55208,4.3170114,3.206587,,,,,,,,,,,,,,,,,135.55208,4.406949,0.10729334,135.55208,4.406949,0.0028211577,,,,,,,,,,,,,,,,,,,,135.55208,4.406949,0.024059244,135.55208,4.406949,27.605858,135.55208,4.406949,0.0008019748,135.55208,4.406949,0.0067475056,135.55208,4.406949,4.0,,,,,,,
135.55208,4.3469906,0.026446525,135.55208,4.3469906,0.0017551687,,,,,,,,,,,,,,,,,,,,,,,,,,,,,,,,,,,,,,,,,,,,,,,,,,,,,,,,,,,,,135.55208,4.3469906,91.86188,135.55208,4.3469906,4.266727,,,,,,,,,,,,,,,,,135.55208,4.4369283,0.1061222,135.55208,4.4369283,0.0035909861,,,,,,,,,,,,,,,,,,,,135.55208,4.4369283,0.023688432,135.55208,4.4369283,27.604227,135.55208,4.4369283,0.0007896145,135.55208,4.4369283,1.0000001e-07,135.55208,4.4369283,7.0,,,,,,,
135.55208,4.37697,0.024914475,135.55208,4.37697,0.0012940652,,,,,,,,,,,,,,,,,,,,,,,,,,,,,,,,,,,,,,,,,,,,,,,,,,,,,,,,,,,,,135.55208,4.37697,86.529594,135.55208,4.37697,2.6759765,,,,,,,,,,,,,,,,,135.55208,4.4669075,0.10611851,135.55208,4.4669075,0.002728586,,,,,,,,,,,,,,,,,,,,135.55208,4.4669075,0.023905436,135.55208,4.4669075,27.605183,135.55208,4.4669075,0.00079684786,135.55208,4.4669075,1.0000001e-07,135.55208,4.4669075,7.0,,,,,,,
135.55208,4.406949,0.02317418,135.55208,4.406949,0.0016212999,,,,,,,,,,,,,,,,,,,,,,,,,,,,,,,,,,,,,,,,,,,,,,,,,,,,,,,,,,,,,135.55208,4.406949,80.45931,135.55208,4.406949,4.0983353,,,,,,,,,,,,,,,,,135.55208,4.4968867,0.113046035,135.55208,4.4968867,0.0020848513,,,,,,,,,,,,,,,,,,,,135.55208,4.4968867,0.027556712,135.55208,4.4968867,27.62125,135.55208,4.4968867,0.00091855705,135.55208,4.4968867,1.0000001e-07,135.55208,4.4968867,7.0,,,,,,,
135.55208,4.4369283,0.022713074,135.55208,4.4369283,0.0017997916,,,,,,,,,,,,,,,,,,,,,,,,,,,,,,,,,,,,,,,,,,,,,,,,,,,,,,,,,,,,,135.55208,4.4369283,78.71176,135.55208,4.4369283,4.5345035,,,,,,,,,,,,,,,,,135.55208,4.526866,0.11373777,135.55208,4.526866,0.0030144048,,,,,,,,,,,,,,,,,,,,135.55208,4.526866,0.02803579,135.55208,4.526866,27.62336,135.55208,4.526866,0.0009345263,135.55208,4.526866,0.006010714,135.55208,4.526866,4.0,,,,,,,
135.55208,4.4669075,0.022356091,135.55208,4.4669075,0.0015915512,,,,,,,,,,,,,,,,,,,,,,,,,,,,,,,,,,,,,,,,,,,,,,,,,,,,,,,,,,,,,135.55208,4.4669075,77.36238,135.55208,4.4669075,3.832517,,,,,,,,,,,,,,,,,135.55208,4.556845,0.12882051,135.55208,4.556845,0.002458094,,,,,,,,,,,,,,,,,,,,135.55208,4.556845,0.035913307,135.55208,4.556845,27.65802,135.55208,4.556845,0.0011971103,135.55208,4.556845,1.0000001e-07,135.55208,4.556845,7.0,,,,,,,
135.55208,4.4968867,0.023441918,135.55208,4.4968867,0.0014576826,,,,,,,,,,,,,,,,,,,,,,,,,,,,,,,,,,,,,,,,,,,,,,,,,,,,,,,,,,,,,135.55208,4.4968867,81.30351,135.55208,4.4968867,3.2735767,,,,,,,,,,,,,,,,,135.55208,4.586825,0.12330529,135.55208,4.586825,0.0021193954,,,,,,,,,,,,,,,,,,,,135.55208,4.586825,0.03340269,135.55208,4.586825,27.646973,135.55208,4.586825,0.0011134229,135.55208,4.586825,1.0000001e-07,135.55208,4.586825,7.0,,,,,,,
135.55208,4.526866,0.023278296,135.55208,4.526866,0.0016510485,,,,,,,,,,,,,,,,,,,,,,,,,,,,,,,,,,,,,,,,,,,,,,,,,,,,,,,,,,,,,135.55208,4.526866,80.70691,135.55208,4.526866,4.039627,,,,,,,,,,,,,,,,,135.55208,4.616804,0.113301486,135.55208,4.616804,0.0028661096,,,,,,,,,,,,,,,,,,,,135.55208,4.616804,0.028577192,135.55208,4.616804,27.62574,135.55208,4.616804,0.00095257297,135.55208,4.616804,0.008319637,135.55208,4.616804,4.0,,,,,,,
135.55208,4.556845,0.02591105,135.55208,4.556845,0.0014428082,,,,,,,,,,,,,,,,,,,,,,,,,,,,,,,,,,,,,,,,,,,,,,,,,,,,,,,,,,,,,135.55208,4.556845,90.085205,135.55208,4.556845,3.3371387,,,,,,,,,,,,,,,,,135.55208,4.6467834,0.10294109,135.55208,4.6467834,0.0037349993,,,,,,,,,,,,,,,,,,,,135.55208,4.6467834,0.023561986,135.55208,4.6467834,27.603674,135.55208,4.6467834,0.0007853996,135.55208,4.6467834,1.0000001e-07,135.55208,4.6467834,7.0,,,,,,,
135.55208,4.5868244,0.024542615,135.55208,4.5868244,0.001532054,,,,,,,,,,,,,,,,,,,,,,,,,,,,,,,,,,,,,,,,,,,,,,,,,,,,,,,,,,,,,135.55208,4.5868244,85.275566,135.55208,4.5868244,3.5908513,,,,,,,,,,,,,,,,,135.55208,4.6767626,0.10357817,135.55208,4.6767626,0.0024453276,,,,,,,,,,,,,,,,,,,,135.55208,4.6767626,0.024135767,135.55208,4.6767626,27.6062,135.55208,4.6767626,0.00080452557,135.55208,4.6767626,1.0000001e-07,135.55208,4.6767626,7.0,,,,,,,
135.55208,4.6168036,0.02228172,135.55208,4.6168036,0.0016212999,,,,,,,,,,,,,,,,,,,,,,,,,,,,,,,,,,,,,,,,,,,,,,,,,,,,,,,,,,,,,135.55208,4.6168036,77.3873,135.55208,4.6168036,3.8854284,,,,,,,,,,,,,,,,,135.55208,4.706742,0.09806063,135.55208,4.706742,0.002488912,,,,,,,,,,,,,,,,,,,,135.55208,4.706742,0.021435706,135.55208,4.706742,27.594316,135.55208,4.706742,0.0007145236,135.55208,4.706742,1.0000001e-07,135.55208,4.706742,7.0,,,,,,,
135.55208,4.646783,0.02008032,135.55208,4.646783,0.0017254201,,,,,,,,,,,,,,,,,,,,,,,,,,,,,,,,,,,,,,,,,,,,,,,,,,,,,,,,,,,,,135.55208,4.646783,69.10415,135.55208,4.646783,4.3376293,,,,,,,,,,,,,,,,,135.55208,4.736721,0.098118044,135.55208,4.736721,0.000100732745,,,,,,,,,,,,,,,,,,,,135.55208,4.736721,0.021716222,135.55208,4.736721,27.59555,135.55208,4.736721,0.000723874,135.55208,4.736721,1.0000001e-07,135.55208,4.736721,7.0,,,,,,,
135.55208,4.676762,0.019931577,135.55208,4.676762,0.0015618027,,,,,,,,,,,,,,,,,,,,,,,,,,,,,,,,,,,,,,,,,,,,,,,,,,,,,,,,,,,,,135.55208,4.676762,68.72449,135.55208,4.676762,3.6762412,,,,,,,,,,,,,,,,,135.55208,4.7667003,0.0915605,135.55208,4.7667003,0.0013052823,,,,,,,,,,,,,,,,,,,,135.55208,4.7667003,0.018433833,135.55208,4.7667003,27.581108,135.55208,4.7667003,0.0006144611,135.55208,4.7667003,1.0000001e-07,135.55208,4.7667003,7.0,,,,,,,
135.55208,4.706742,0.018860627,135.55208,4.706742,0.0014576825,,,,,,,,,,,,,,,,,,,,,,,,,,,,,,,,,,,,,,,,,,,,,,,,,,,,,,,,,,,,,135.55208,4.706742,65.03176,135.55208,4.706742,3.2105753,,,,,,,,,,,,,,,,,135.55208,4.7966795,0.0905274,135.55208,4.7966795,0.0012337188,,,,,,,,,,,,,,,,,,,,135.55208,4.7966795,0.018042987,135.55208,4.7966795,27.579388,135.55208,4.7966795,0.00060143287,135.55208,4.7966795,1.0000001e-07,135.55208,4.7966795,7.0,,,,,,,
135.55208,4.736721,0.018607765,135.55208,4.736721,0.0010858248,,,,,,,,,,,,,,,,,,,,,,,,,,,,,,,,,,,,,,,,,,,,,,,,,,,,,,,,,,,,,135.55208,4.736721,63.938984,135.55208,4.736721,1.9273859,,,,,,,,,,,,,,,,,135.55208,4.8266587,0.08527765,135.55208,4.8266587,0.0018161514,,,,,,,,,,,,,,,,,,,,135.55208,4.8266587,0.015584613,135.55208,4.8266587,27.568573,135.55208,4.8266587,0.0005194871,135.55208,4.8266587,1.0000001e-07,135.55208,4.8266587,7.0,,,,,,,
135.55208,4.7667003,0.017298825,135.55208,4.7667003,0.0012494421,,,,,,,,,,,,,,,,,,,,,,,,,,,,,,,,,,,,,,,,,,,,,,,,,,,,,,,,,,,,,135.55208,4.7667003,59.466084,135.55208,4.7667003,2.5511107,,,,,,,,,,,,,,,,,135.55208,4.856638,0.09291586,135.55208,4.856638,0.0017475034,,,,,,,,,,,,,,,,,,,,135.55208,4.856638,0.019630693,135.55208,4.856638,27.586372,135.55208,4.856638,0.0006543564,135.55208,4.856638,1.0000001e-07,135.55208,4.856638,7.0,,,,,,,
135.55208,4.7966795,0.016807973,135.55208,4.7966795,0.0012791908,,,,,,,,,,,,,,,,,,,,,,,,,,,,,,,,,,,,,,,,,,,,,,,,,,,,,,,,,,,,,135.55208,4.7966795,57.723007,135.55208,4.7966795,2.7454023,,,,,,,,,,,,,,,,,135.55208,4.886617,0.08797537,135.55208,4.886617,0.0020289037,,,,,,,,,,,,,,,,,,,,135.55208,4.886617,0.017229833,135.55208,4.886617,27.575811,135.55208,4.886617,0.0005743277,135.55208,4.886617,1.0000001e-07,135.55208,4.886617,7.0,,,,,,,
135.55208,4.8266587,0.015707275,135.55208,4.8266587,0.0013535623,,,,,,,,,,,,,,,,,,,,,,,,,,,,,,,,,,,,,,,,,,,,,,,,,,,,,,,,,,,,,135.55208,4.8266587,53.619926,135.55208,4.8266587,3.013927,,,,,,,,,,,,,,,,,135.55208,4.9165964,0.08115974,135.55208,4.9165964,0.00038773473,,,,,,,,,,,,,,,,,,,,135.55208,4.9165964,0.013856456,135.55208,4.9165964,27.560968,135.55208,4.9165964,0.00046188186,135.55208,4.9165964,1.0000001e-07,135.55208,4.9165964,7.0,,,,,,,
135.55208,4.856638,0.01686747,135.55208,4.856638,0.0013238138,,,,,,,,,,,,,,,,,,,,,,,,,,,,,,,,,,,,,,,,,,,,,,,,,,,,,,,,,,,,,135.55208,4.856638,57.744343,135.55208,4.856638,2.8921862,,,,,,,,,,,,,,,,,135.55208,4.9465756,0.07460706,135.55208,4.9465756,0.0011756973,,,,,,,,,,,,,,,,,,,,135.55208,4.9465756,0.0107628815,135.55208,4.9465756,27.547356,135.55208,4.9465756,0.0003587627,135.55208,4.9465756,1.0000001e-07,135.55208,4.9465756,7.0,,,,,,,
135.55208,4.886617,0.015826268,135.55208,4.886617,0.0012791908,,,,,,,,,,,,,,,,,,,,,,,,,,,,,,,,,,,,,,,,,,,,,,,,,,,,,,,,,,,,,135.55208,4.886617,54.256004,135.55208,4.886617,2.7857258,,,,,,,,,,,,,,,,,135.55208,4.976555,0.07283359,135.55208,4.976555,0.00140293,,,,,,,,,,,,,,,,,,,,135.55208,4.976555,0.00990828,135.55208,4.976555,27.543594,135.55208,4.976555,0.000330276,135.55208,4.976555,1.0000001e-07,135.55208,4.976555,7.0,,,,,,,
135.55208,4.9165964,0.014428084,135.55208,4.9165964,0.0010560761,,,,,,,,,,,,,,,,,,,,,,,,,,,,,,,,,,,,,,,,,,,,,,,,,,,,,,,,,,,,,135.55208,4.9165964,49.253666,135.55208,4.9165964,1.8820341,,,,,,,,,,,,,,,,,135.55208,5.006534,0.06513643,135.55208,5.006534,0.00035385188,,,,,,,,,,,,,,,,,,,,135.55208,5.006534,0.006030995,135.55208,5.006534,27.526535,135.55208,5.006534,0.00020103317,135.55208,5.006534,1.0000001e-07,135.55208,5.006534,7.0,,,,,,,
135.55208,4.9465756,0.013238137,135.55208,4.9465756,0.001234568,,,,,,,,,,,,,,,,,,,,,,,,,,,,,,,,,,,,,,,,,,,,,,,,,,,,,,,,,,,,,135.55208,4.9465756,44.839523,135.55208,4.9465756,2.505879,,,,,,,,,,,,,,,,,135.55208,5.0365133,0.06081913,135.55208,5.0365133,0.0017716464,,,,,,,,,,,,,,,,,,,,135.55208,5.0365133,0.0038841802,135.55208,5.0365133,27.51709,135.55208,5.0365133,0.00012947267,135.55208,5.0365133,1.0000001e-07,135.55208,5.0365133,7.0,,,,,,,
135.55208,4.976555,0.012881155,135.55208,4.976555,0.0012196935,,,,,,,,,,,,,,,,,,,,,,,,,,,,,,,,,,,,,,,,,,,,,,,,,,,,,,,,,,,,,135.55208,4.976555,43.623966,135.55208,4.976555,2.5200393,,,,,,,,,,,,,,,,,135.55208,5.0664926,0.059229776,135.55208,5.0664926,0.0017417456,,,,,,,,,,,,,,,,,,,,135.55208,5.0664926,0.0031885041,135.55208,5.0664926,27.51403,135.55208,5.0664926,0.00010628347,135.55208,5.0664926,1.0000001e-07,135.55208,5.0664926,7.0,,,,,,,
135.55208,5.006534,0.011482969,135.55208,5.006534,0.0010709504,,,,,,,,,,,,,,,,,,,,,,,,,,,,,,,,,,,,,,,,,,,,,,,,,,,,,,,,,,,,,135.55208,5.006534,38.649944,135.55208,5.006534,1.8849711,,,,,,,,,,,,,,,,,135.55208,5.096472,0.06221795,135.55208,5.096472,0.0017396994,,,,,,,,,,,,,,,,,,,,135.55208,5.096472,0.0048748786,135.55208,5.096472,27.521446,135.55208,5.096472,0.00016249594,135.55208,5.096472,0.015138213,135.55208,5.096472,5.0,,,,,,,
135.55208,5.0365133,0.010605384,135.55208,5.0365133,0.0013089394,,,,,,,,,,,,,,,,,,,,,,,,,,,,,,,,,,,,,,,,,,,,,,,,,,,,,,,,,,,,,135.55208,5.0365133,35.608402,135.55208,5.0365133,2.8527002,,,,,,,,,,,,,,,,,135.55208,5.126451,0.053517267,135.55208,5.126451,0.000393969,,,,,,,,,,,,,,,,,,,,135.55208,5.126451,0.00039924946,135.55208,5.126451,27.501755,135.55208,5.126451,1.3308315e-05,135.55208,5.126451,1.0000001e-07,135.55208,5.126451,7.0,,,,,,,
135.55208,5.0664926,0.010307897,135.55208,5.0664926,0.0012643166,,,,,,,,,,,,,,,,,,,,,,,,,,,,,,,,,,,,,,,,,,,,,,,,,,,,,,,,,,,,,135.55208,5.0664926,34.52755,135.55208,5.0664926,2.6010466,,,,,,,,,,,,,,,,,135.55208,5.1564302,0.053049188,135.55208,5.1564302,7.3632887e-06,,,,,,,,,,,,,,,,,,,,135.55208,5.1564302,0.0002265835,135.55208,5.1564302,27.500998,135.55208,5.1564302,7.552784e-06,135.55208,5.1564302,1.0000001e-07,135.55208,5.1564302,7.0,,,,,,,
135.55208,5.096472,0.01059051,135.55208,5.096472,0.0012791908,,,,,,,,,,,,,,,,,,,,,,,,,,,,,,,,,,,,,,,,,,,,,,,,,,,,,,,,,,,,,135.55208,5.096472,35.47303,135.55208,5.096472,2.702987,,,,,,,,,,,,,,,,,135.55208,5.1864095,0.055201795,135.55208,5.1864095,0.0018000667,,,,,,,,,,,,,,,,,,,,135.55208,5.1864095,0.0014939753,135.55208,5.1864095,27.506575,135.55208,5.1864095,4.9799175e-05,135.55208,5.1864095,1.0000001e-07,135.55208,5.1864095,7.0,,,,,,,
135.55208,5.126451,0.009207199,135.55208,5.126451,0.0010560763,,,,,,,,,,,,,,,,,,,,,,,,,,,,,,,,,,,,,,,,,,,,,,,,,,,,,,,,,,,,,135.55208,5.126451,30.633505,135.55208,5.126451,1.7786336,,,,,,,,,,,,,,,,,135.55208,5.2163887,0.04995449,135.55208,5.2163887,0.001606515,,,,,,,,,,,,,,,,,,,,135.55208,5.2163887,-0.0011763937,135.55208,5.2163887,27.494823,135.55208,5.2163887,-3.9213122e-05,135.55208,5.2163887,1.0000001e-07,135.55208,5.2163887,7.0,,,,,,,
135.55208,5.1564302,0.009088204,135.55208,5.1564302,0.0009668303,,,,,,,,,,,,,,,,,,,,,,,,,,,,,,,,,,,,,,,,,,,,,,,,,,,,,,,,,,,,,135.55208,5.1564302,30.20551,135.55208,5.1564302,1.4879713,,,,,,,,,,,,,,,,,135.55208,5.246368,0.056598466,135.55208,5.246368,0.00143421,,,,,,,,,,,,,,,,,,,,135.55208,5.246368,0.0024224457,135.55208,5.246368,27.510658,135.55208,5.246368,8.07482e-05,135.55208,5.246368,1.0000001e-07,135.55208,5.246368,7.0,,,,,,,
135.55208,5.1864095,0.009251823,135.55208,5.1864095,0.0012196936,,,,,,,,,,,,,,,,,,,,,,,,,,,,,,,,,,,,,,,,,,,,,,,,,,,,,,,,,,,,,135.55208,5.1864095,30.68621,135.55208,5.1864095,2.503099,,,,,,,,,,,,,,,,,135.55208,5.276347,0.055583205,135.55208,5.276347,0.0015716816,,,,,,,,,,,,,,,,,,,,135.55208,5.276347,0.0019500335,135.55208,5.276347,27.508581,135.55208,5.276347,6.5001106e-05,135.55208,5.276347,1.0000001e-07,135.55208,5.276347,7.0,,,,,,,
135.55208,5.2163887,0.008389112,135.55208,5.2163887,0.0013089393,,,,,,,,,,,,,,,,,,,,,,,,,,,,,,,,,,,,,,,,,,,,,,,,,,,,,,,,,,,,,135.55208,5.2163887,27.85925,135.55208,5.2163887,2.801952,,,,,,,,,,,,,,,,,135.55208,5.3063264,0.05408424,135.55208,5.3063264,0.0012129848,,,,,,,,,,,,,,,,,,,,135.55208,5.3063264,0.0013504877,135.55208,5.3063264,27.505943,135.55208,5.3063264,4.501626e-05,135.55208,5.3063264,1.0000001e-07,135.55208,5.3063264,7.0,,,,,,,
135.55208,5.246368,0.009251822,135.55208,5.246368,0.0011750706,,,,,,,,,,,,,,,,,,,,,,,,,,,,,,,,,,,,,,,,,,,,,,,,,,,,,,,,,,,,,135.55208,5.246368,30.834236,135.55208,5.246368,2.314435,,,,,,,,,,,,,,,,,135.55208,5.3363056,0.054614395,135.55208,5.3363056,0.0022380874,,,,,,,,,,,,,,,,,,,,135.55208,5.3363056,0.0017072731,135.55208,5.3363056,27.507511,135.55208,5.3363056,5.6909106e-05,135.55208,5.3363056,1.0000001e-07,135.55208,5.3363056,7.0,,,,,,,
135.55208,5.276347,0.00907333,135.55208,5.276347,0.0011453221,,,,,,,,,,,,,,,,,,,,,,,,,,,,,,,,,,,,,,,,,,,,,,,,,,,,,,,,,,,,,135.55208,5.276347,30.23622,135.55208,5.276347,2.1698213,,,,,,,,,,,,,,,,,135.55208,5.366285,0.055985663,135.55208,5.366285,0.0017508446,,,,,,,,,,,,,,,,,,,,135.55208,5.366285,0.0024811346,135.55208,5.366285,27.510918,135.55208,5.366285,8.270449e-05,135.55208,5.366285,1.0000001e-07,135.55208,5.366285,7.0,,,,,,,
135.55208,5.3063264,0.008731221,135.55208,5.3063264,0.001145322,,,,,,,,,,,,,,,,,,,,,,,,,,,,,,,,,,,,,,,,,,,,,,,,,,,,,,,,,,,,,135.55208,5.3063264,28.818739,135.55208,5.3063264,2.1108592,,,,,,,,,,,,,,,,,135.55208,5.396264,0.049924545,135.55208,5.396264,0.0007593445,,,,,,,,,,,,,,,,,,,,135.55208,5.396264,-0.0005781811,135.55208,5.396264,27.497458,135.55208,5.396264,-1.9272702e-05,135.55208,5.396264,1.0000001e-07,135.55208,5.396264,7.0,,,,,,,
135.55208,5.3363056,0.008746096,135.55208,5.3363056,0.0012048193,,,,,,,,,,,,,,,,,,,,,,,,,,,,,,,,,,,,,,,,,,,,,,,,,,,,,,,,,,,,,135.55208,5.3363056,28.91929,135.55208,5.3363056,2.4233422,,,,,,,,,,,,,,,,,135.55208,5.426244,0.051812146,135.55208,5.426244,1.6167714e-05,,,,,,,,,,,,,,,,,,,,135.55208,5.426244,0.00045888592,135.55208,5.426244,27.50202,135.55208,5.426244,1.5296195e-05,135.55208,5.426244,1.0000001e-07,135.55208,5.426244,7.0,,,,,,,
135.55208,5.366285,0.008805593,135.55208,5.366285,0.0012791906,,,,,,,,,,,,,,,,,,,,,,,,,,,,,,,,,,,,,,,,,,,,,,,,,,,,,,,,,,,,,135.55208,5.366285,29.161198,135.55208,5.366285,2.6294465,,,,,,,,,,,,,,,,,135.55208,5.456223,0.05753474,135.55208,5.456223,0.0014829427,,,,,,,,,,,,,,,,,,,,135.55208,5.456223,0.003587303,135.55208,5.456223,27.515787,135.55208,5.456223,0.000119576776,135.55208,5.456223,1.0000001e-07,135.55208,5.456223,7.0,,,,,,,
135.55208,5.396264,0.007942881,135.55208,5.396264,0.0010858248,,,,,,,,,,,,,,,,,,,,,,,,,,,,,,,,,,,,,,,,,,,,,,,,,,,,,,,,,,,,,135.55208,5.396264,26.116966,135.55208,5.396264,1.9469011,,,,,,,,,,,,,,,,,135.55208,5.4862022,0.051900234,135.55208,5.4862022,-0.00017295085,,,,,,,,,,,,,,,,,,,,135.55208,5.4862022,0.0008326971,135.55208,5.4862022,27.503666,135.55208,5.4862022,2.7756569e-05,135.55208,5.4862022,1.0000001e-07,135.55208,5.4862022,7.0,,,,,,,
135.55208,5.4262433,0.0081065,135.55208,5.4262433,0.000996579,,,,,,,,,,,,,,,,,,,,,,,,,,,,,,,,,,,,,,,,,,,,,,,,,,,,,,,,,,,,,135.55208,5.4262433,26.79055,135.55208,5.4262433,1.6095043,,,,,,,,,,,,,,,,,135.55208,5.5161815,0.05069839,135.55208,5.5161815,0.0015342751,,,,,,,,,,,,,,,,,,,,135.55208,5.5161815,0.00025091812,135.55208,5.5161815,27.501102,135.55208,5.5161815,8.363936e-06,135.55208,5.5161815,1.0000001e-07,135.55208,5.5161815,7.0,,,,,,,
135.55208,5.4562225,0.008835341,135.55208,5.4562225,0.0012048193,,,,,,,,,,,,,,,,,,,,,,,,,,,,,,,,,,,,,,,,,,,,,,,,,,,,,,,,,,,,,135.55208,5.4562225,29.221825,135.55208,5.4562225,2.3160276,,,,,,,,,,,,,,,,,135.55208,5.5461607,0.051085524,135.55208,5.5461607,0.0015347637,,,,,,,,,,,,,,,,,,,,135.55208,5.5461607,0.00049552444,135.55208,5.5461607,27.50218,135.55208,5.5461607,1.6517479e-05,135.55208,5.5461607,1.0000001e-07,135.55208,5.5461607,7.0,,,,,,,
135.55208,5.486202,0.007957757,135.55208,5.486202,0.0009817046,,,,,,,,,,,,,,,,,,,,,,,,,,,,,,,,,,,,,,,,,,,,,,,,,,,,,,,,,,,,,135.55208,5.486202,26.159866,135.55208,5.486202,1.6433129,,,,,,,,,,,,,,,,,135.55208,5.57614,0.051778212,135.55208,5.57614,0.0008324807,,,,,,,,,,,,,,,,,,,,135.55208,5.57614,0.0009322452,135.55208,5.57614,27.5041,135.55208,5.57614,3.107484e-05,135.55208,5.57614,0.022139605,135.55208,5.57614,5.0,,,,,,,
135.55208,5.516181,0.0076751453,135.55208,5.516181,0.0011601964,,,,,,,,,,,,,,,,,,,,,,,,,,,,,,,,,,,,,,,,,,,,,,,,,,,,,,,,,,,,,135.55208,5.516181,25.1164,135.55208,5.516181,2.2085123,,,,,,,,,,,,,,,,,135.55208,5.606119,0.051735517,135.55208,5.606119,0.003004848,,,,,,,,,,,,,,,,,,,,135.55208,5.606119,0.0010662472,135.55208,5.606119,27.504692,135.55208,5.606119,3.5541583e-05,135.55208,5.606119,1.0000001e-07,135.55208,5.606119,7.0,,,,,,,
135.55208,5.5461607,0.0077048936,135.55208,5.5461607,0.0011601963,,,,,,,,,,,,,,,,,,,,,,,,,,,,,,,,,,,,,,,,,,,,,,,,,,,,,,,,,,,,,135.55208,5.5461607,25.314888,135.55208,5.5461607,2.0300934,,,,,,,,,,,,,,,,,135.55208,5.6360984,0.048429627,135.55208,5.6360984,0.0017676585,,,,,,,,,,,,,,,,,,,,135.55208,5.6360984,-0.0006168108,135.55208,5.6360984,27.497288,135.55208,5.6360984,-2.0560361e-05,135.55208,5.6360984,1.0000001e-07,135.55208,5.6360984,7.0,,,,,,,
135.55208,5.57614,0.007690018,135.55208,5.57614,0.000996579,,,,,,,,,,,,,,,,,,,,,,,,,,,,,,,,,,,,,,,,,,,,,,,,,,,,,,,,,,,,,135.55208,5.57614,25.193398,135.55208,5.57614,1.805539,,,,,,,,,,,,,,,,,135.55208,5.6660776,0.045315113,135.55208,5.6660776,0.0008728387,,,,,,,,,,,,,,,,,,,,135.55208,5.6660776,-0.0021496,135.55208,5.6660776,27.49054,135.55208,5.6660776,-7.165333e-05,135.55208,5.6660776,1.0000001e-07,135.55208,5.6660776,7.0,,,,,,,
135.55208,5.606119,0.007571025,135.55208,5.606119,0.0012643165,,,,,,,,,,,,,,,,,,,,,,,,,,,,,,,,,,,,,,,,,,,,,,,,,,,,,,,,,,,,,135.55208,5.606119,24.819324,135.55208,5.606119,2.645328,,,,,,,,,,,,,,,,,135.55208,5.696057,0.053093355,135.55208,5.696057,0.00036835996,,,,,,,,,,,,,,,,,,,,135.55208,5.696057,0.0021033147,135.55208,5.696057,27.509254,135.55208,5.696057,7.011049e-05,135.55208,5.696057,1.0000001e-07,135.55208,5.696057,7.0,,,,,,,
135.55208,5.6360984,0.007109921,135.55208,5.6360984,0.0011155733,,,,,,,,,,,,,,,,,,,,,,,,,,,,,,,,,,,,,,,,,,,,,,,,,,,,,,,,,,,,,135.55208,5.6360984,23.234707,135.55208,5.6360984,1.9864118,,,,,,,,,,,,,,,,,135.55208,5.726036,0.04812647,135.55208,5.726036,0.0024348204,,,,,,,,,,,,,,,,,,,,135.55208,5.726036,-0.00046405196,135.55208,5.726036,27.497957,135.55208,5.726036,-1.5468398e-05,135.55208,5.726036,1.0000001e-07,135.55208,5.726036,7.0,,,,,,,
135.55208,5.6660776,0.006619069,135.55208,5.6660776,0.0010412019,,,,,,,,,,,,,,,,,,,,,,,,,,,,,,,,,,,,,,,,,,,,,,,,,,,,,,,,,,,,,135.55208,5.6660776,21.504128,135.55208,5.6660776,1.772516,,,,,,,,,,,,,,,,,135.55208,5.7560153,0.049928974,135.55208,5.7560153,0.0032138752,,,,,,,,,,,,,,,,,,,,135.55208,5.7560153,0.000582691,135.55208,5.7560153,27.502563,135.55208,5.7560153,1.942303e-05,135.55208,5.7560153,1.0000001e-07,135.55208,5.7560153,7.0,,,,,,,
135.55208,5.696057,0.007571025,135.55208,5.696057,0.000996579,,,,,,,,,,,,,,,,,,,,,,,,,,,,,,,,,,,,,,,,,,,,,,,,,,,,,,,,,,,,,135.55208,5.696057,24.720806,135.55208,5.696057,1.6893634,,,,,,,,,,,,,,,,,135.55208,5.7859945,0.045183387,135.55208,5.7859945,0.0026453543,,,,,,,,,,,,,,,,,,,,135.55208,5.7859945,-0.0017547796,135.55208,5.7859945,27.49228,135.55208,5.7859945,-5.8492646e-05,135.55208,5.7859945,1.0000001e-07,135.55208,5.7859945,7.0,,,,,,,
135.55208,5.726036,0.0068719317,135.55208,5.726036,0.0012345678,,,,,,,,,,,,,,,,,,,,,,,,,,,,,,,,,,,,,,,,,,,,,,,,,,,,,,,,,,,,,135.55208,5.726036,22.269693,135.55208,5.726036,2.5401561,,,,,,,,,,,,,,,,,135.55208,5.8159738,0.04929245,135.55208,5.8159738,0.0018107852,,,,,,,,,,,,,,,,,,,,135.55208,5.8159738,0.0004544018,135.55208,5.8159738,27.501999,135.55208,5.8159738,1.5146727e-05,135.55208,5.8159738,1.0000001e-07,135.55208,5.8159738,7.0,,,,,,,
135.55208,5.7560153,0.0070950463,135.55208,5.7560153,0.0012494422,,,,,,,,,,,,,,,,,,,,,,,,,,,,,,,,,,,,,,,,,,,,,,,,,,,,,,,,,,,,,135.55208,5.7560153,23.143501,135.55208,5.7560153,2.601382,,,,,,,,,,,,,,,,,135.55208,5.845953,0.03954602,135.55208,5.845953,0.0020648483,,,,,,,,,,,,,,,,,,,,135.55208,5.845953,-0.004644947,135.55208,5.845953,27.479563,135.55208,5.845953,-0.00015483156,135.55208,5.845953,1.0000001e-07,135.55208,5.845953,7.0,,,,,,,
135.55208,5.7859945,0.0064405776,135.55208,5.7859945,0.0012494422,,,,,,,,,,,,,,,,,,,,,,,,,,,,,,,,,,,,,,,,,,,,,,,,,,,,,,,,,,,,,135.55208,5.7859945,20.768806,135.55208,5.7859945,2.589987,,,,,,,,,,,,,,,,,135.55208,5.875932,0.04793677,135.55208,5.875932,0.0007775516,,,,,,,,,,,,,,,,,,,,135.55208,5.875932,-0.00012412081,135.55208,5.875932,27.499454,135.55208,5.875932,-4.1373582e-06,135.55208,5.875932,1.0000001e-07,135.55208,5.875932,7.0,,,,,,,
135.55208,5.8159738,0.0067826863,135.55208,5.8159738,0.001056076,,,,,,,,,,,,,,,,,,,,,,,,,,,,,,,,,,,,,,,,,,,,,,,,,,,,,,,,,,,,,135.55208,5.8159738,21.961723,135.55208,5.8159738,1.8356056,,,,,,,,,,,,,,,,,135.55208,5.9059114,0.04881826,135.55208,5.9059114,0.0011276441,,,,,,,,,,,,,,,,,,,,135.55208,5.9059114,0.00042225874,135.55208,5.9059114,27.501858,135.55208,5.9059114,1.4075288e-05,135.55208,5.9059114,1.0000001e-07,135.55208,5.9059114,7.0,,,,,,,
135.55208,5.845953,0.005652238,135.55208,5.845953,0.0011304477,,,,,,,,,,,,,,,,,,,,,,,,,,,,,,,,,,,,,,,,,,,,,,,,,,,,,,,,,,,,,135.55208,5.845953,18.021193,135.55208,5.845953,2.136276,,,,,,,,,,,,,,,,,135.55208,5.9358907,0.046975758,135.55208,5.9358907,0.0009477959,,,,,,,,,,,,,,,,,,,,135.55208,5.9358907,-0.0005198946,135.55208,5.9358907,27.497713,135.55208,5.9358907,-1.7329823e-05,135.55208,5.9358907,1.0000001e-07,135.55208,5.9358907,7.0,,,,,,,
135.55208,5.875932,0.0065149483,135.55208,5.875932,0.0009817047,,,,,,,,,,,,,,,,,,,,,,,,,,,,,,,,,,,,,,,,,,,,,,,,,,,,,,,,,,,,,135.55208,5.875932,21.062775,135.55208,5.875932,1.5770081,,,,,,,,,,,,,,,,,135.55208,5.96587,0.04875036,135.55208,5.96587,0.0015737228,,,,,,,,,,,,,,,,,,,,135.55208,5.96587,0.0005822323,135.55208,5.96587,27.502562,135.55208,5.96587,1.9407744e-05,135.55208,5.96587,1.0000001e-07,135.55208,5.96587,7.0,,,,,,,
135.55208,5.9059114,0.0065595717,135.55208,5.9059114,0.0010412019,,,,,,,,,,,,,,,,,,,,,,,,,,,,,,,,,,,,,,,,,,,,,,,,,,,,,,,,,,,,,135.55208,5.9059114,21.215038,135.55208,5.9059114,1.8587562,,,,,,,,,,,,,,,,,135.55208,5.995849,0.046790708,135.55208,5.995849,0.00090693147,,,,,,,,,,,,,,,,,,,,135.55208,5.995849,0.0,135.55208,5.995849,27.5,135.55208,5.995849,0.0,135.55208,5.995849,1.0000001e-07,135.55208,5.995849,7.0,,,,,,,
135.55208,5.9358907,0.0062769596,135.55208,5.9358907,0.0010114532,,,,,,,,,,,,,,,,,,,,,,,,,,,,,,,,,,,,,,,,,,,,,,,,,,,,,,,,,,,,,135.55208,5.9358907,20.238195,135.55208,5.9358907,1.6488309,,,,,,,,,,,,,,,,,135.55208,6.0258284,0.04548324,135.55208,6.0258284,0.0010601345,,,,,,,,,,,,,,,,,,,,,,,,,,,,,135.55208,6.0258284,1.0000001e-07,135.55208,6.0258284,7.0,,,,,,,
135.55208,5.96587,0.0064405776,135.55208,5.96587,0.0011006991,,,,,,,,,,,,,,,,,,,,,,,,,,,,,,,,,,,,,,,,,,,,,,,,,,,,,,,,,,,,,135.55208,5.96587,20.702358,135.55208,5.96587,2.1378417,,,,,,,,,,,,,,,,,135.55208,6.0558076,0.05077368,135.55208,6.0558076,0.0016377454,,,,,,,,,,,,,,,,,,,,,,,,,,,,,135.55208,6.0558076,1.0000001e-07,135.55208,6.0558076,7.0,,,,,,,
135.55208,5.995849,0.0061877137,135.55208,5.995849,0.000996579,,,,,,,,,,,,,,,,,,,,,,,,,,,,,,,,,,,,,,,,,,,,,,,,,,,,,,,,,,,,,135.55208,5.995849,19.879326,135.55208,5.995849,1.7227812,,,,,,,,,,,,,,,,,135.55208,6.085787,0.04775638,135.55208,6.085787,-0.0011567161,,,,,,,,,,,,,,,,,,,,,,,,,,,,,135.55208,6.085787,1.0000001e-07,135.55208,6.085787,7.0,,,,,,,
135.55208,6.0258284,0.0060687196,135.55208,6.0258284,0.0009817046,,,,,,,,,,,,,,,,,,,,,,,,,,,,,,,,,,,,,,,,,,,,,,,,,,,,,,,,,,,,,135.55208,6.0258284,19.482609,135.55208,6.0258284,1.6072652,,,,,,,,,,,,,,,,,135.55208,6.115766,0.051520325,135.55208,6.115766,-0.0016677456,,,,,,,,,,,,,,,,,,,,,,,,,,,,,135.55208,6.115766,1.0000001e-07,135.55208,6.115766,7.0,,,,,,,
135.55208,6.0558076,0.0064851996,135.55208,6.0558076,0.0010412019,,,,,,,,,,,,,,,,,,,,,,,,,,,,,,,,,,,,,,,,,,,,,,,,,,,,,,,,,,,,,135.55208,6.0558076,20.917677,135.55208,6.0558076,1.8166937,,,,,,,,,,,,,,,,,135.55208,6.1457453,0.049808227,135.55208,6.1457453,-9.364573e-05,,,,,,,,,,,,,,,,,,,,,,,,,,,,,135.55208,6.1457453,1.0000001e-07,135.55208,6.1457453,7.0,,,,,,,
135.55208,6.085787,0.0061579654,135.55208,6.085787,0.0007883384,,,,,,,,,,,,,,,,,,,,,,,,,,,,,,,,,,,,,,,,,,,,,,,,,,,,,,,,,,,,,135.55208,6.085787,19.91211,135.55208,6.085787,0.96025443,,,,,,,,,,,,,,,,,135.55208,6.1757245,0.050366547,135.55208,6.1757245,0.0012298233,,,,,,,,,,,,,,,,,,,,,,,,,,,,,135.55208,6.1757245,1.0000001e-07,135.55208,6.1757245,7.0,,,,,,,
135.55208,6.115766,0.0065000746,135.55208,6.115766,0.0007883386,,,,,,,,,,,,,,,,,,,,,,,,,,,,,,,,,,,,,,,,,,,,,,,,,,,,,,,,,,,,,135.55208,6.115766,21.072538,135.55208,6.115766,0.8415863,,,,,,,,,,,,,,,,,135.55208,6.2057037,0.046978123,135.55208,6.2057037,0.0007106924,,,,,,,,,,,,,,,,,,,,,,,,,,,,,135.55208,6.2057037,1.0000001e-07,135.55208,6.2057037,7.0,,,,,,,
135.55208,6.1457453,0.0062620854,135.55208,6.1457453,0.0008924587,,,,,,,,,,,,,,,,,,,,,,,,,,,,,,,,,,,,,,,,,,,,,,,,,,,,,,,,,,,,,135.55208,6.1457453,20.157997,135.55208,6.1457453,1.3127961,,,,,,,,,,,,,,,,,135.55208,6.235683,0.049472433,135.55208,6.235683,-0.0023720239,,,,,,,,,,,,,,,,,,,,,,,,,,,,,135.55208,6.235683,1.0000001e-07,135.55208,6.235683,7.0,,,,,,,
135.55208,6.1757245,0.006247211,135.55208,6.1757245,0.0010858248,,,,,,,,,,,,,,,,,,,,,,,,,,,,,,,,,,,,,,,,,,,,,,,,,,,,,,,,,,,,,135.55208,6.1757245,20.15084,135.55208,6.1757245,1.9141799,,,,,,,,,,,,,,,,,135.55208,6.2656627,0.04832319,135.55208,6.2656627,0.0050779795,,,,,,,,,,,,,,,,,,,,,,,,,,,,,135.55208,6.2656627,1.0000001e-07,135.55208,6.2656627,7.0,,,,,,,
135.55208,6.2057037,0.005815856,135.55208,6.2057037,0.0010412018,,,,,,,,,,,,,,,,,,,,,,,,,,,,,,,,,,,,,,,,,,,,,,,,,,,,,,,,,,,,,135.55208,6.2057037,18.5073,135.55208,6.2057037,1.7685227,,,,,,,,,,,,,,,,,135.55208,6.295642,0.043604773,135.55208,6.295642,0.00015929846,,,,,,,,,,,,,,,,,,,,,,,,,,,,,135.55208,6.295642,1.0000001e-07,135.55208,6.295642,7.0,,,,,,,
135.55208,6.235683,0.0059794737,135.55208,6.235683,0.0006842183,,,,,,,,,,,,,,,,,,,,,,,,,,,,,,,,,,,,,,,,,,,,,,,,,,,,,,,,,,,,,135.55208,6.235683,19.0749,135.55208,6.235683,0.51433426,,,,,,,,,,,,,,,,,135.55208,6.325621,0.044627648,135.55208,6.325621,0.0005992956,,,,,,,,,,,,,,,,,,,,,,,,,,,,,135.55208,6.325621,1.0000001e-07,135.55208,6.325621,7.0,,,,,,,
135.55208,6.265662,0.0059497245,135.55208,6.265662,0.0013535625,,,,,,,,,,,,,,,,,,,,,,,,,,,,,,,,,,,,,,,,,,,,,,,,,,,,,,,,,,,,,135.55208,6.265662,19.028412,135.55208,6.265662,2.9549263,,,,,,,,,,,,,,,,,135.55208,6.3556004,0.047774497,135.55208,6.3556004,0.0014489744,,,,,,,,,,,,,,,,,,,,,,,,,,,,,135.55208,6.3556004,1.0000001e-07,135.55208,6.3556004,7.0,,,,,,,
135.55208,6.2956414,0.0053845006,135.55208,6.2956414,0.0009817047,,,,,,,,,,,,,,,,,,,,,,,,,,,,,,,,,,,,,,,,,,,,,,,,,,,,,,,,,,,,,135.55208,6.2956414,17.043829,135.55208,6.2956414,1.5903364,,,,,,,,,,,,,,,,,135.55208,6.3855796,0.042267095,135.55208,6.3855796,0.00036325768,,,,,,,,,,,,,,,,,,,,,,,,,,,,,135.55208,6.3855796,1.0000001e-07,135.55208,6.3855796,7.0,,,,,,,
135.55208,6.3256207,0.0054142494,135.55208,6.3256207,0.0008924587,,,,,,,,,,,,,,,,,,,,,,,,,,,,,,,,,,,,,,,,,,,,,,,,,,,,,,,,,,,,,135.55208,6.3256207,17.102255,135.55208,6.3256207,1.2523512,,,,,,,,,,,,,,,,,135.55208,6.415559,0.04808189,135.55208,6.415559,-0.00046429283,,,,,,,,,,,,,,,,,,,,,,,,,,,,,135.55208,6.415559,1.0000001e-07,135.55208,6.415559,7.0,,,,,,,
135.55208,6.3556,0.0056373645,135.55208,6.3556,0.0009817047,,,,,,,,,,,,,,,,,,,,,,,,,,,,,,,,,,,,,,,,,,,,,,,,,,,,,,,,,,,,,135.55208,6.3556,17.912308,135.55208,6.3556,1.5833395,,,,,,,,,,,,,,,,,135.55208,6.445538,0.045304652,135.55208,6.445538,0.0005998711,,,,,,,,,,,,,,,,,,,,,,,,,,,,,135.55208,6.445538,1.0000001e-07,135.55208,6.445538,7.0,,,,,,,
135.55208,6.385579,0.0051316377,135.55208,6.385579,0.00084783573,,,,,,,,,,,,,,,,,,,,,,,,,,,,,,,,,,,,,,,,,,,,,,,,,,,,,,,,,,,,,135.55208,6.385579,16.198326,135.55208,6.385579,1.2028624,,,,,,,,,,,,,,,,,135.55208,6.4755173,0.04720159,135.55208,6.4755173,0.0010083823,,,,,,,,,,,,,,,,,,,,,,,,,,,,,135.55208,6.4755173,1.0000001e-07,135.55208,6.4755173,7.0,,,,,,,
135.55208,6.415559,0.00562249,135.55208,6.415559,0.00083296146,,,,,,,,,,,,,,,,,,,,,,,,,,,,,,,,,,,,,,,,,,,,,,,,,,,,,,,,,,,,,135.55208,6.415559,17.852552,135.55208,6.415559,1.0804083,,,,,,,,,,,,,,,,,135.55208,6.5054965,0.048789367,135.55208,6.5054965,0.0026980757,,,,,,,,,,,,,,,,,,,,,,,,,,,,,135.55208,6.5054965,1.0000001e-07,135.55208,6.5054965,7.0,,,,,,,
135.55208,6.445538,0.0053993757,135.55208,6.445538,0.0009965788,,,,,,,,,,,,,,,,,,,,,,,,,,,,,,,,,,,,,,,,,,,,,,,,,,,,,,,,,,,,,135.55208,6.445538,17.048744,135.55208,6.445538,1.65655,,,,,,,,,,,,,,,,,135.55208,6.5354757,0.04276572,135.55208,6.5354757,4.5185752e-05,,,,,,,,,,,,,,,,,,,,,,,,,,,,,135.55208,6.5354757,1.0000001e-07,135.55208,6.5354757,7.0,,,,,,,
135.55208,6.4755173,0.005473746,135.55208,6.4755173,0.0009817047,,,,,,,,,,,,,,,,,,,,,,,,,,,,,,,,,,,,,,,,,,,,,,,,,,,,,,,,,,,,,135.55208,6.4755173,17.30286,135.55208,6.4755173,1.583071,,,,,,,,,,,,,,,,,135.55208,6.565455,0.05008593,135.55208,6.565455,0.0038310261,,,,,,,,,,,,,,,,,,,,,,,,,,,,,135.55208,6.565455,1.0000001e-07,135.55208,6.565455,7.0,,,,,,,
135.55208,6.5054965,0.00551837,135.55208,6.5054965,0.000996579,,,,,,,,,,,,,,,,,,,,,,,,,,,,,,,,,,,,,,,,,,,,,,,,,,,,,,,,,,,,,135.55208,6.5054965,17.439505,135.55208,6.5054965,1.5618062,,,,,,,,,,,,,,,,,135.55208,6.595434,0.042496927,135.55208,6.595434,0.0018386719,,,,,,,,,,,,,,,,,,,,,,,,,,,,,135.55208,6.595434,1.0000001e-07,135.55208,6.595434,7.0,,,,,,,
135.55208,6.5354757,0.0049828943,135.55208,6.5354757,0.00083296146,,,,,,,,,,,,,,,,,,,,,,,,,,,,,,,,,,,,,,,,,,,,,,,,,,,,,,,,,,,,,135.55208,6.5354757,15.607746,135.55208,6.5354757,1.0723889,,,,,,,,,,,,,,,,,135.55208,6.6254134,0.04333907,135.55208,6.6254134,0.002932503,,,,,,,,,,,,,,,,,,,,,,,,,,,,,135.55208,6.6254134,1.0000001e-07,135.55208,6.6254134,7.0,,,,,,,
135.55208,6.565455,0.0055629928,135.55208,6.565455,0.0012048192,,,,,,,,,,,,,,,,,,,,,,,,,,,,,,,,,,,,,,,,,,,,,,,,,,,,,,,,,,,,,135.55208,6.565455,17.721317,135.55208,6.565455,2.5101528,,,,,,,,,,,,,,,,,135.55208,6.6553926,0.038363606,135.55208,6.6553926,0.0016824008,,,,,,,,,,,,,,,,,,,,,,,,,,,,,135.55208,6.6553926,1.0000001e-07,135.55208,6.6553926,7.0,,,,,,,
135.55208,6.595434,0.004804403,135.55208,6.595434,0.0009519559,,,,,,,,,,,,,,,,,,,,,,,,,,,,,,,,,,,,,,,,,,,,,,,,,,,,,,,,,,,,,135.55208,6.595434,14.841989,135.55208,6.595434,1.4762673,,,,,,,,,,,,,,,,,135.55208,6.685372,0.0457561,135.55208,6.685372,0.0026276663,,,,,,,,,,,,,,,,,,,,,,,,,,,,,135.55208,6.685372,1.0000001e-07,135.55208,6.685372,7.0,,,,,,,
135.55208,6.6254134,0.004923397,135.55208,6.6254134,0.001100699,,,,,,,,,,,,,,,,,,,,,,,,,,,,,,,,,,,,,,,,,,,,,,,,,,,,,,,,,,,,,135.55208,6.6254134,15.424249,135.55208,6.6254134,2.1101635,,,,,,,,,,,,,,,,,135.55208,6.715351,0.040500768,135.55208,6.715351,-0.002320451,,,,,,,,,,,,,,,,,,,,,,,,,,,,,135.55208,6.715351,1.0000001e-07,135.55208,6.715351,7.0,,,,,,,
135.55208,6.6553926,0.004387922,135.55208,6.6553926,0.0010412018,,,,,,,,,,,,,,,,,,,,,,,,,,,,,,,,,,,,,,,,,,,,,,,,,,,,,,,,,,,,,135.55208,6.6553926,13.430356,135.55208,6.6553926,1.8570464,,,,,,,,,,,,,,,,,135.55208,6.7453303,0.03709454,135.55208,6.7453303,-0.00091713085,,,,,,,,,,,,,,,,,,,,,,,,,,,,,135.55208,6.7453303,1.0000001e-07,135.55208,6.7453303,7.0,,,,,,,
135.55208,6.685372,0.005027517,135.55208,6.685372,0.0011750706,,,,,,,,,,,,,,,,,,,,,,,,,,,,,,,,,,,,,,,,,,,,,,,,,,,,,,,,,,,,,135.55208,6.685372,15.770021,135.55208,6.685372,2.3396559,,,,,,,,,,,,,,,,,135.55208,6.7753096,0.04194537,135.55208,6.7753096,0.0019232029,,,,,,,,,,,,,,,,,,,,,,,,,,,,,135.55208,6.7753096,1.0000001e-07,135.55208,6.7753096,7.0,,,,,,,
135.55208,6.715351,0.004566414,135.55208,6.715351,0.000713967,,,,,,,,,,,,,,,,,,,,,,,,,,,,,,,,,,,,,,,,,,,,,,,,,,,,,,,,,,,,,135.55208,6.715351,14.115604,135.55208,6.715351,0.6726367,,,,,,,,,,,,,,,,,135.55208,6.805289,0.046604976,135.55208,6.805289,-3.0657484e-05,,,,,,,,,,,,,,,,,,,,,,,,,,,,,135.55208,6.805289,1.0000001e-07,135.55208,6.805289,7.0,,,,,,,
135.55208,6.7453303,0.0041796817,135.55208,6.7453303,0.00081808714,,,,,,,,,,,,,,,,,,,,,,,,,,,,,,,,,,,,,,,,,,,,,,,,,,,,,,,,,,,,,135.55208,6.7453303,12.7784195,135.55208,6.7453303,1.0890253,,,,,,,,,,,,,,,,,135.55208,6.835268,0.0460235,135.55208,6.835268,0.0045843553,,,,,,,,,,,,,,,,,,,,,,,,,,,,,135.55208,6.835268,1.0000001e-07,135.55208,6.835268,7.0,,,,,,,
135.55208,6.7753096,0.004536665,135.55208,6.7753096,0.0009668303,,,,,,,,,,,,,,,,,,,,,,,,,,,,,,,,,,,,,,,,,,,,,,,,,,,,,,,,,,,,,135.55208,6.7753096,14.065428,135.55208,6.7753096,1.4977717,,,,,,,,,,,,,,,,,135.55208,6.8652472,0.04187743,135.55208,6.8652472,-0.00030965582,,,,,,,,,,,,,,,,,,,,,,,,,,,,,135.55208,6.8652472,1.0000001e-07,135.55208,6.8652472,7.0,,,,,,,
135.55208,6.805289,0.0049233977,135.55208,6.805289,0.0009222073,,,,,,,,,,,,,,,,,,,,,,,,,,,,,,,,,,,,,,,,,,,,,,,,,,,,,,,,,,,,,135.55208,6.805289,15.381315,135.55208,6.805289,1.3678527,,,,,,,,,,,,,,,,,135.55208,6.8952265,0.041097593,135.55208,6.8952265,0.0007658075,,,,,,,,,,,,,,,,,,,,,,,,,,,,,135.55208,6.8952265,1.0000001e-07,135.55208,6.8952265,7.0,,,,,,,
135.55208,6.835268,0.0048490255,135.55208,6.835268,0.0012048193,,,,,,,,,,,,,,,,,,,,,,,,,,,,,,,,,,,,,,,,,,,,,,,,,,,,,,,,,,,,,135.55208,6.835268,15.025791,135.55208,6.835268,2.4155536,,,,,,,,,,,,,,,,,135.55208,6.9252057,0.044850785,135.55208,6.9252057,0.0026415596,,,,,,,,,,,,,,,,,,,,,,,,,,,,,135.55208,6.9252057,1.0000001e-07,135.55208,6.9252057,7.0,,,,,,,
135.55208,6.8652472,0.0044771675,135.55208,6.8652472,0.0007883385,,,,,,,,,,,,,,,,,,,,,,,,,,,,,,,,,,,,,,,,,,,,,,,,,,,,,,,,,,,,,135.55208,6.8652472,13.828179,135.55208,6.8652472,0.92474926,,,,,,,,,,,,,,,,,135.55208,6.955185,0.045132235,135.55208,6.955185,0.0007317914,,,,,,,,,,,,,,,,,,,,,,,,,,,,,135.55208,6.955185,0.027689945,135.55208,6.955185,5.0,,,,,,,
135.55208,6.8952265,0.004373048,135.55208,6.8952265,0.0010114531,,,,,,,,,,,,,,,,,,,,,,,,,,,,,,,,,,,,,,,,,,,,,,,,,,,,,,,,,,,,,135.55208,6.8952265,13.412058,135.55208,6.8952265,1.5981584,,,,,,,,,,,,,,,,,135.55208,6.985164,0.049369168,135.55208,6.985164,0.0009999253,,,,,,,,,,,,,,,,,,,,,,,,,,,,,135.55208,6.985164,1.0000001e-07,135.55208,6.985164,7.0,,,,,,,
135.55208,6.9252057,0.004685408,135.55208,6.9252057,0.0010560761,,,,,,,,,,,,,,,,,,,,,,,,,,,,,,,,,,,,,,,,,,,,,,,,,,,,,,,,,,,,,135.55208,6.9252057,14.612743,135.55208,6.9252057,1.828588,,,,,,,,,,,,,,,,,135.55208,7.0151434,0.04208918,135.55208,7.0151434,-0.0018035987,,,,,,,,,,,,,,,,,,,,,,,,,,,,,135.55208,7.0151434,1.0000001e-07,135.55208,7.0151434,7.0,,,,,,,
135.55208,6.955185,0.0046110367,135.55208,6.955185,0.0009073329,,,,,,,,,,,,,,,,,,,,,,,,,,,,,,,,,,,,,,,,,,,,,,,,,,,,,,,,,,,,,135.55208,6.955185,14.242854,135.55208,6.955185,1.4738073,,,,,,,,,,,,,,,,,135.55208,7.0451226,0.045083012,135.55208,7.0451226,0.002330102,,,,,,,,,,,,,,,,,,,,,,,,,,,,,135.55208,7.0451226,1.0000001e-07,135.55208,7.0451226,7.0,,,,,,,
135.55208,6.985164,0.005012643,135.55208,6.985164,0.00087758445,,,,,,,,,,,,,,,,,,,,,,,,,,,,,,,,,,,,,,,,,,,,,,,,,,,,,,,,,,,,,135.55208,6.985164,15.723209,135.55208,6.985164,1.2741039,,,,,,,,,,,,,,,,,135.55208,7.0751023,0.041165445,135.55208,7.0751023,0.00056277926,,,,,,,,,,,,,,,,,,,,,,,,,,,,,135.55208,7.0751023,1.0000001e-07,135.55208,7.0751023,7.0,,,,,,,
135.55208,7.0151434,0.0043284246,135.55208,7.0151434,0.0007585899,,,,,,,,,,,,,,,,,,,,,,,,,,,,,,,,,,,,,,,,,,,,,,,,,,,,,,,,,,,,,135.55208,7.0151434,13.290275,135.55208,7.0151434,0.76388276,,,,,,,,,,,,,,,,,135.55208,7.1050816,0.04051782,135.55208,7.1050816,-0.0011900454,,,,,,,,,,,,,,,,,,,,,,,,,,,,,135.55208,7.1050816,1.0000001e-07,135.55208,7.1050816,7.0,,,,,,,
135.55208,7.0451226,0.0045069167,135.55208,7.0451226,0.0010114531,,,,,,,,,,,,,,,,,,,,,,,,,,,,,,,,,,,,,,,,,,,,,,,,,,,,,,,,,,,,,135.55208,7.0451226,13.865458,135.55208,7.0451226,1.6602345,,,,,,,,,,,,,,,,,135.55208,7.135061,0.042374518,135.55208,7.135061,-0.0018730531,,,,,,,,,,,,,,,,,,,,,,,,,,,,,135.55208,7.135061,1.0000001e-07,135.55208,7.135061,7.0,,,,,,,
135.55208,7.075102,0.0042243046,135.55208,7.075102,0.00087758445,,,,,,,,,,,,,,,,,,,,,,,,,,,,,,,,,,,,,,,,,,,,,,,,,,,,,,,,,,,,,135.55208,7.075102,12.905077,135.55208,7.075102,1.2283206,,,,,,,,,,,,,,,,,135.55208,7.16504,0.045242563,135.55208,7.16504,-9.663091e-05,,,,,,,,,,,,,,,,,,,,,,,,,,,,,135.55208,7.16504,1.0000001e-07,135.55208,7.16504,7.0,,,,,,,
135.55208,7.105081,0.0040904363,135.55208,7.105081,0.00072884135,,,,,,,,,,,,,,,,,,,,,,,,,,,,,,,,,,,,,,,,,,,,,,,,,,,,,,,,,,,,,135.55208,7.105081,12.434533,135.55208,7.105081,0.7076137,,,,,,,,,,,,,,,,,135.55208,7.1950192,0.043277342,135.55208,7.1950192,0.00020673897,,,,,,,,,,,,,,,,,,,,,,,,,,,,,135.55208,7.1950192,1.0000001e-07,135.55208,7.1950192,7.0,,,,,,,
135.55208,7.1350603,0.0042986763,135.55208,7.1350603,0.0007437155,,,,,,,,,,,,,,,,,,,,,,,,,,,,,,,,,,,,,,,,,,,,,,,,,,,,,,,,,,,,,135.55208,7.1350603,13.164983,135.55208,7.1350603,0.8085747,,,,,,,,,,,,,,,,,135.55208,7.2249985,0.03435599,135.55208,7.2249985,-0.0025678824,,,,,,,,,,,,,,,,,,,,,,,,,,,,,135.55208,7.2249985,1.0000001e-07,135.55208,7.2249985,7.0,,,,,,,
135.55208,7.1650395,0.004417671,135.55208,7.1650395,0.0008478358,,,,,,,,,,,,,,,,,,,,,,,,,,,,,,,,,,,,,,,,,,,,,,,,,,,,,,,,,,,,,135.55208,7.1650395,13.590138,135.55208,7.1650395,1.1978383,,,,,,,,,,,,,,,,,135.55208,7.2549777,0.043329254,135.55208,7.2549777,0.00053021323,,,,,,,,,,,,,,,,,,,,,,,,,,,,,135.55208,7.2549777,1.0000001e-07,135.55208,7.2549777,7.0,,,,,,,
135.55208,7.195019,0.004194556,135.55208,7.195019,0.00081808714,,,,,,,,,,,,,,,,,,,,,,,,,,,,,,,,,,,,,,,,,,,,,,,,,,,,,,,,,,,,,135.55208,7.195019,12.821411,135.55208,7.195019,1.0031159,,,,,,,,,,,,,,,,,135.55208,7.284957,0.040658034,135.55208,7.284957,-0.0007032185,,,,,,,,,,,,,,,,,,,,,,,,,,,,,135.55208,7.284957,1.0000001e-07,135.55208,7.284957,7.0,,,,,,,
135.55208,7.224998,0.0035995836,135.55208,7.224998,0.00068421836,,,,,,,,,,,,,,,,,,,,,,,,,,,,,,,,,,,,,,,,,,,,,,,,,,,,,,,,,,,,,135.55208,7.224998,10.612269,135.55208,7.224998,0.38544118,,,,,,,,,,,,,,,,,135.55208,7.314936,0.038309634,135.55208,7.314936,0.0008720218,,,,,,,,,,,,,,,,,,,,,,,,,,,,,135.55208,7.314936,1.0000001e-07,135.55208,7.314936,7.0,,,,,,,
135.55208,7.2549777,0.004149933,135.55208,7.2549777,0.00086271006,,,,,,,,,,,,,,,,,,,,,,,,,,,,,,,,,,,,,,,,,,,,,,,,,,,,,,,,,,,,,135.55208,7.2549777,12.647018,135.55208,7.2549777,1.1431813,,,,,,,,,,,,,,,,,135.55208,7.3449154,0.034509577,135.55208,7.3449154,0.00035211226,,,,,,,,,,,,,,,,,,,,,,,,,,,,,135.55208,7.3449154,1.0000001e-07,135.55208,7.3449154,7.0,,,,,,,
135.55208,7.284957,0.0039268183,135.55208,7.284957,0.00078833854,,,,,,,,,,,,,,,,,,,,,,,,,,,,,,,,,,,,,,,,,,,,,,,,,,,,,,,,,,,,,135.55208,7.284957,11.859355,135.55208,7.284957,0.868799,,,,,,,,,,,,,,,,,135.55208,7.3748946,0.04232457,135.55208,7.3748946,0.0005633497,,,,,,,,,,,,,,,,,,,,,,,,,,,,,135.55208,7.3748946,1.0000001e-07,135.55208,7.3748946,7.0,,,,,,,
135.55208,7.314936,0.0037334524,135.55208,7.314936,0.0009222073,,,,,,,,,,,,,,,,,,,,,,,,,,,,,,,,,,,,,,,,,,,,,,,,,,,,,,,,,,,,,135.55208,7.314936,11.114071,135.55208,7.314936,1.4210417,,,,,,,,,,,,,,,,,135.55208,7.404874,0.038926587,135.55208,7.404874,-0.0032424396,,,,,,,,,,,,,,,,,,,,,,,,,,,,,135.55208,7.404874,1.0000001e-07,135.55208,7.404874,7.0,,,,,,,
135.55208,7.3449154,0.0034954632,135.55208,7.3449154,0.0009222073,,,,,,,,,,,,,,,,,,,,,,,,,,,,,,,,,,,,,,,,,,,,,,,,,,,,,,,,,,,,,135.55208,7.3449154,10.279473,135.55208,7.3449154,1.4150585,,,,,,,,,,,,,,,,,135.55208,7.434853,0.045326564,135.55208,7.434853,-0.0023860154,,,,,,,,,,,,,,,,,,,,,,,,,,,,,135.55208,7.434853,1.0000001e-07,135.55208,7.434853,7.0,,,,,,,
135.55208,7.3748946,0.004060687,135.55208,7.3748946,0.0008924587,,,,,,,,,,,,,,,,,,,,,,,,,,,,,,,,,,,,,,,,,,,,,,,,,,,,,,,,,,,,,135.55208,7.3748946,12.27971,135.55208,7.3748946,1.280324,,,,,,,,,,,,,,,,,135.55208,7.4648323,0.038726613,135.55208,7.4648323,0.0019127778,,,,,,,,,,,,,,,,,,,,,,,,,,,,,135.55208,7.4648323,1.0000001e-07,135.55208,7.4648323,7.0,,,,,,,
135.55208,7.404874,0.0037483263,135.55208,7.404874,0.0006098468,,,,,,,,,,,,,,,,,,,,,,,,,,,,,,,,,,,,,,,,,,,,,,,,,,,,,,,,,,,,,135.55208,7.404874,11.178744,135.55208,7.404874,0.2585971,,,,,,,,,,,,,,,,,135.55208,7.4948115,0.045628384,135.55208,7.4948115,0.0023452973,,,,,,,,,,,,,,,,,,,,,,,,,,,,,135.55208,7.4948115,1.0000001e-07,135.55208,7.4948115,7.0,,,,,,,
135.55208,7.434853,0.0041350587,135.55208,7.434853,0.00066934404,,,,,,,,,,,,,,,,,,,,,,,,,,,,,,,,,,,,,,,,,,,,,,,,,,,,,,,,,,,,,135.55208,7.434853,12.522221,135.55208,7.434853,0.42573407,,,,,,,,,,,,,,,,,135.55208,7.524791,0.04072158,135.55208,7.524791,-0.0025391337,,,,,,,,,,,,,,,,,,,,,,,,,,,,,135.55208,7.524791,1.0000001e-07,135.55208,7.524791,7.0,,,,,,,
135.55208,7.4648323,0.0036888293,135.55208,7.4648323,0.0009817046,,,,,,,,,,,,,,,,,,,,,,,,,,,,,,,,,,,,,,,,,,,,,,,,,,,,,,,,,,,,,135.55208,7.4648323,10.983238,135.55208,7.4648323,1.4758716,,,,,,,,,,,,,,,,,135.55208,7.55477,0.037845675,135.55208,7.55477,-0.0019777315,,,,,,,,,,,,,,,,,,,,,,,,,,,,,135.55208,7.55477,1.0000001e-07,135.55208,7.55477,7.0,,,,,,,
135.55208,7.4948115,0.0041350587,135.55208,7.4948115,0.0009519559,,,,,,,,,,,,,,,,,,,,,,,,,,,,,,,,,,,,,,,,,,,,,,,,,,,,,,,,,,,,,135.55208,7.4948115,12.505529,135.55208,7.4948115,1.4566377,,,,,,,,,,,,,,,,,135.55208,7.584749,0.040193383,135.55208,7.584749,-0.00037790783,,,,,,,,,,,,,,,,,,,,,,,,,,,,,135.55208,7.584749,1.0000001e-07,135.55208,7.584749,7.0,,,,,,,
135.55208,7.524791,0.0037483266,135.55208,7.524791,0.0006544696,,,,,,,,,,,,,,,,,,,,,,,,,,,,,,,,,,,,,,,,,,,,,,,,,,,,,,,,,,,,,135.55208,7.524791,11.1926985,135.55208,7.524791,0.3481113,,,,,,,,,,,,,,,,,135.55208,7.6147285,0.03687241,135.55208,7.6147285,0.0015671172,,,,,,,,,,,,,,,,,,,,,,,,,,,,,135.55208,7.6147285,1.0000001e-07,135.55208,7.6147285,7.0,,,,,,,
135.55208,7.55477,0.003525212,135.55208,7.55477,0.00069909263,,,,,,,,,,,,,,,,,,,,,,,,,,,,,,,,,,,,,,,,,,,,,,,,,,,,,,,,,,,,,135.55208,7.55477,10.381865,135.55208,7.55477,0.5437082,,,,,,,,,,,,,,,,,135.55208,7.6447077,0.041281257,135.55208,7.6447077,0.0010690526,,,,,,,,,,,,,,,,,,,,,,,,,,,,,135.55208,7.6447077,1.0000001e-07,135.55208,7.6447077,7.0,,,,,,,
135.55208,7.584749,0.0037037039,135.55208,7.584749,0.00078833854,,,,,,,,,,,,,,,,,,,,,,,,,,,,,,,,,,,,,,,,,,,,,,,,,,,,,,,,,,,,,135.55208,7.584749,11.001842,135.55208,7.584749,0.811728,,,,,,,,,,,,,,,,,135.55208,7.674687,0.04261162,135.55208,7.674687,0.0008083049,,,,,,,,,,,,,,,,,,,,,,,,,,,,,135.55208,7.674687,1.0000001e-07,135.55208,7.674687,7.0,,,,,,,
135.55208,7.6147285,0.0034210917,135.55208,7.6147285,0.00086271,,,,,,,,,,,,,,,,,,,,,,,,,,,,,,,,,,,,,,,,,,,,,,,,,,,,,,,,,,,,,135.55208,7.6147285,10.027156,135.55208,7.6147285,1.1407725,,,,,,,,,,,,,,,,,135.55208,7.704666,0.039674856,135.55208,7.704666,0.0013438541,,,,,,,,,,,,,,,,,,,,,,,,,,,,,135.55208,7.704666,1.0000001e-07,135.55208,7.704666,7.0,,,,,,,
135.55208,7.6447077,0.0036442066,135.55208,7.6447077,0.00086271006,,,,,,,,,,,,,,,,,,,,,,,,,,,,,,,,,,,,,,,,,,,,,,,,,,,,,,,,,,,,,135.55208,7.6447077,10.8404875,135.55208,7.6447077,1.12695,,,,,,,,,,,,,,,,,135.55208,7.7346454,0.046337403,135.55208,7.7346454,-0.00029207475,,,,,,,,,,,,,,,,,,,,,,,,,,,,,135.55208,7.7346454,1.0000001e-07,135.55208,7.7346454,7.0,,,,,,,
135.55208,7.674687,0.003763201,135.55208,7.674687,0.0009222073,,,,,,,,,,,,,,,,,,,,,,,,,,,,,,,,,,,,,,,,,,,,,,,,,,,,,,,,,,,,,135.55208,7.674687,11.273879,135.55208,7.674687,1.4505754,,,,,,,,,,,,,,,,,135.55208,7.7646246,0.03448388,135.55208,7.7646246,0.0011510298,,,,,,,,,,,,,,,,,,,,,,,,,,,,,135.55208,7.7646246,1.0000001e-07,135.55208,7.7646246,7.0,,,,,,,
135.55208,7.704666,0.0036442066,135.55208,7.704666,0.0008329614,,,,,,,,,,,,,,,,,,,,,,,,,,,,,,,,,,,,,,,,,,,,,,,,,,,,,,,,,,,,,135.55208,7.704666,10.854565,135.55208,7.704666,1.1166224,,,,,,,,,,,,,,,,,135.55208,7.794604,0.03853588,135.55208,7.794604,-0.00014036268,,,,,,,,,,,,,,,,,,,,,,,,,,,,,135.55208,7.794604,1.0000001e-07,135.55208,7.794604,7.0,,,,,,,
135.55208,7.7346454,0.0038970693,135.55208,7.7346454,0.00080321287,,,,,,,,,,,,,,,,,,,,,,,,,,,,,,,,,,,,,,,,,,,,,,,,,,,,,,,,,,,,,135.55208,7.7346454,11.760026,135.55208,7.7346454,0.8927663,,,,,,,,,,,,,,,,,135.55208,7.824583,0.04003765,135.55208,7.824583,0.0010169039,,,,,,,,,,,,,,,,,,,,,,,,,,,,,135.55208,7.824583,1.0000001e-07,135.55208,7.824583,7.0,,,,,,,
135.55208,7.7646246,0.003183103,135.55208,7.7646246,0.0008924587,,,,,,,,,,,,,,,,,,,,,,,,,,,,,,,,,,,,,,,,,,,,,,,,,,,,,,,,,,,,,135.55208,7.7646246,9.239605,135.55208,7.7646246,1.3055202,,,,,,,,,,,,,,,,,135.55208,7.8545623,0.041506525,135.55208,7.8545623,-0.0005267735,,,,,,,,,,,,,,,,,,,,,,,,,,,,,135.55208,7.8545623,1.0000001e-07,135.55208,7.8545623,7.0,,,,,,,
135.55208,7.794604,0.0034657149,135.55208,7.794604,0.00080321287,,,,,,,,,,,,,,,,,,,,,,,,,,,,,,,,,,,,,,,,,,,,,,,,,,,,,,,,,,,,,135.55208,7.794604,10.166218,135.55208,7.794604,1.039638,,,,,,,,,,,,,,,,,135.55208,7.8845415,0.034167234,135.55208,7.8845415,-0.0027643533,,,,,,,,,,,,,,,,,,,,,,,,,,,,,135.55208,7.8845415,1.0000001e-07,135.55208,7.8845415,7.0,,,,,,,
135.55208,7.824583,0.0034805893,135.55208,7.824583,0.0008478358,,,,,,,,,,,,,,,,,,,,,,,,,,,,,,,,,,,,,,,,,,,,,,,,,,,,,,,,,,,,,135.55208,7.824583,10.244682,135.55208,7.824583,1.1433842,,,,,,,,,,,,,,,,,135.55208,7.914521,0.042188995,135.55208,7.914521,0.0009991322,,,,,,,,,,,,,,,,,,,,,,,,,,,,,135.55208,7.914521,1.0000001e-07,135.55208,7.914521,7.0,,,,,,,
135.55208,7.8545623,0.0035698349,135.55208,7.8545623,0.0007437155,,,,,,,,,,,,,,,,,,,,,,,,,,,,,,,,,,,,,,,,,,,,,,,,,,,,,,,,,,,,,135.55208,7.8545623,10.584481,135.55208,7.8545623,0.77624243,,,,,,,,,,,,,,,,,135.55208,7.9445004,0.036886886,135.55208,7.9445004,0.0018261495,,,,,,,,,,,,,,,,,,,,,,,,,,,,,135.55208,7.9445004,1.0000001e-07,135.55208,7.9445004,7.0,,,,,,,
135.55208,7.8845415,0.0030492342,135.55208,7.8845415,0.0006395954,,,,,,,,,,,,,,,,,,,,,,,,,,,,,,,,,,,,,,,,,,,,,,,,,,,,,,,,,,,,,135.55208,7.8845415,8.749958,135.55208,7.8845415,0.3423332,,,,,,,,,,,,,,,,,135.55208,7.9744797,0.034434244,135.55208,7.9744797,-0.0016299145,,,,,,,,,,,,,,,,,,,,,,,,,,,,,135.55208,7.9744797,1.0000001e-07,135.55208,7.9744797,7.0,,,,,,,
135.55208,7.9145207,0.0035400863,135.55208,7.9145207,0.0008329615,,,,,,,,,,,,,,,,,,,,,,,,,,,,,,,,,,,,,,,,,,,,,,,,,,,,,,,,,,,,,135.55208,7.9145207,10.491889,135.55208,7.9145207,0.99707997,,,,,,,,,,,,,,,,,135.55208,8.004458,0.039254915,135.55208,8.004458,-0.0013702165,,,,,,,,,,,,,,,,,,,,,,,,,,,,,135.55208,8.004458,1.0000001e-07,135.55208,8.004458,7.0,,,,,,,
135.55208,7.9445,0.0031979769,135.55208,7.9445,0.00084783573,,,,,,,,,,,,,,,,,,,,,,,,,,,,,,,,,,,,,,,,,,,,,,,,,,,,,,,,,,,,,135.55208,7.9445,9.21536,135.55208,7.9445,1.0273725,,,,,,,,,,,,,,,,,135.55208,8.034438,0.038587507,135.55208,8.034438,0.0037236938,,,,,,,,,,,,,,,,,,,,,,,,,,,,,135.55208,8.034438,1.0000001e-07,135.55208,8.034438,7.0,,,,,,,
135.55208,7.974479,0.0030046108,135.55208,7.974479,0.00072884123,,,,,,,,,,,,,,,,,,,,,,,,,,,,,,,,,,,,,,,,,,,,,,,,,,,,,,,,,,,,,135.55208,7.974479,8.544859,135.55208,7.974479,0.6981796,,,,,,,,,,,,,,,,,135.55208,8.064417,0.034861583,135.55208,8.064417,0.0016370368,,,,,,,,,,,,,,,,,,,,,,,,,,,,,135.55208,8.064417,1.0000001e-07,135.55208,8.064417,7.0,,,,,,,
135.55208,8.004458,0.0033020973,135.55208,8.004458,0.00074371556,,,,,,,,,,,,,,,,,,,,,,,,,,,,,,,,,,,,,,,,,,,,,,,,,,,,,,,,,,,,,135.55208,8.004458,9.599608,135.55208,8.004458,0.6901306,,,,,,,,,,,,,,,,,135.55208,8.094397,0.039418295,135.55208,8.094397,0.001452933,,,,,,,,,,,,,,,,,,,,,,,,,,,,,135.55208,8.094397,1.0000001e-07,135.55208,8.094397,7.0,,,,,,,
135.55208,8.034438,0.0033020973,135.55208,8.034438,0.0009519559,,,,,,,,,,,,,,,,,,,,,,,,,,,,,,,,,,,,,,,,,,,,,,,,,,,,,,,,,,,,,135.55208,8.034438,9.625388,135.55208,8.034438,1.4820232,,,,,,,,,,,,,,,,,135.55208,8.124375,0.041809037,135.55208,8.124375,0.0022679502,,,,,,,,,,,,,,,,,,,,,,,,,,,,,135.55208,8.124375,1.0000001e-07,135.55208,8.124375,7.0,,,,,,,
135.55208,8.064417,0.0029748625,135.55208,8.064417,0.00093708164,,,,,,,,,,,,,,,,,,,,,,,,,,,,,,,,,,,,,,,,,,,,,,,,,,,,,,,,,,,,,135.55208,8.064417,8.391458,135.55208,8.064417,1.4206966,,,,,,,,,,,,,,,,,135.55208,8.154355,0.038817216,135.55208,8.154355,-0.00044924745,,,,,,,,,,,,,,,,,,,,,,,,,,,,,135.55208,8.154355,1.0000001e-07,135.55208,8.154355,7.0,,,,,,,
135.55208,8.094397,0.0033318459,135.55208,8.094397,0.0008924587,,,,,,,,,,,,,,,,,,,,,,,,,,,,,,,,,,,,,,,,,,,,,,,,,,,,,,,,,,,,,135.55208,8.094397,9.69048,135.55208,8.094397,1.3294258,,,,,,,,,,,,,,,,,135.55208,8.184334,0.03391926,135.55208,8.184334,0.003945248,,,,,,,,,,,,,,,,,,,,,,,,,,,,,135.55208,8.184334,1.0000001e-07,135.55208,8.184334,7.0,,,,,,,
135.55208,8.124375,0.0033764686,135.55208,8.124375,0.00087758433,,,,,,,,,,,,,,,,,,,,,,,,,,,,,,,,,,,,,,,,,,,,,,,,,,,,,,,,,,,,,135.55208,8.124375,9.782696,135.55208,8.124375,1.1353335,,,,,,,,,,,,,,,,,135.55208,8.2143135,0.026959194,135.55208,8.2143135,-0.00057926215,,,,,,,,,,,,,,,,,,,,,,,,,,,,,135.55208,8.2143135,1.0000001e-07,135.55208,8.2143135,7.0,,,,,,,
135.55208,8.154355,0.0031831027,135.55208,8.154355,0.00071396696,,,,,,,,,,,,,,,,,,,,,,,,,,,,,,,,,,,,,,,,,,,,,,,,,,,,,,,,,,,,,135.55208,8.154355,9.188602,135.55208,8.154355,0.69024557,,,,,,,,,,,,,,,,,135.55208,8.244292,0.041265205,135.55208,8.244292,0.004368413,,,,,,,,,,,,,,,,,,,,,,,,,,,,,135.55208,8.244292,1.0000001e-07,135.55208,8.244292,7.0,,,,,,,
135.55208,8.184334,0.0028261195,135.55208,8.184334,0.0010263274,,,,,,,,,,,,,,,,,,,,,,,,,,,,,,,,,,,,,,,,,,,,,,,,,,,,,,,,,,,,,135.55208,8.184334,7.946328,135.55208,8.184334,1.698092,,,,,,,,,,,,,,,,,135.55208,8.274272,0.03587905,135.55208,8.274272,-0.0017743541,,,,,,,,,,,,,,,,,,,,,,,,,,,,,135.55208,8.274272,1.0000001e-07,135.55208,8.274272,7.0,,,,,,,
135.55208,8.2143135,0.0024542613,135.55208,8.2143135,0.0006842183,,,,,,,,,,,,,,,,,,,,,,,,,,,,,,,,,,,,,,,,,,,,,,,,,,,,,,,,,,,,,135.55208,8.2143135,6.5796666,135.55208,8.2143135,0.52033716,,,,,,,,,,,,,,,,,135.55208,8.304251,0.03473652,135.55208,8.304251,0.0044166166,,,,,,,,,,,,,,,,,,,,,,,,,,,,,135.55208,8.304251,1.0000001e-07,135.55208,8.304251,7.0,,,,,,,
135.55208,8.244292,0.0032574744,135.55208,8.244292,0.000996579,,,,,,,,,,,,,,,,,,,,,,,,,,,,,,,,,,,,,,,,,,,,,,,,,,,,,,,,,,,,,135.55208,8.244292,9.475648,135.55208,8.244292,1.596749,,,,,,,,,,,,,,,,,135.55208,8.33423,0.033995282,135.55208,8.33423,0.0023552636,,,,,,,,,,,,,,,,,,,,,,,,,,,,,135.55208,8.33423,1.0000001e-07,135.55208,8.33423,7.0,,,,,,,
135.55208,8.274272,0.002900491,135.55208,8.274272,0.00069909263,,,,,,,,,,,,,,,,,,,,,,,,,,,,,,,,,,,,,,,,,,,,,,,,,,,,,,,,,,,,,135.55208,8.274272,8.101003,135.55208,8.274272,0.47736412,,,,,,,,,,,,,,,,,135.55208,8.36421,0.037007082,135.55208,8.36421,0.0039176173,,,,,,,,,,,,,,,,,,,,,,,,,,,,,135.55208,8.36421,1.0000001e-07,135.55208,8.36421,7.0,,,,,,,
135.55208,8.304251,0.0028707425,135.55208,8.304251,0.0010263275,,,,,,,,,,,,,,,,,,,,,,,,,,,,,,,,,,,,,,,,,,,,,,,,,,,,,,,,,,,,,135.55208,8.304251,8.023178,135.55208,8.304251,1.6955733,,,,,,,,,,,,,,,,,135.55208,8.394189,0.038955517,135.55208,8.394189,-0.0006054352,,,,,,,,,,,,,,,,,,,,,,,,,,,,,135.55208,8.394189,1.0000001e-07,135.55208,8.394189,7.0,,,,,,,
135.55208,8.33423,0.0028261195,135.55208,8.33423,0.0009370816,,,,,,,,,,,,,,,,,,,,,,,,,,,,,,,,,,,,,,,,,,,,,,,,,,,,,,,,,,,,,135.55208,8.33423,7.9683237,135.55208,8.33423,1.4804634,,,,,,,,,,,,,,,,,135.55208,8.424169,0.04014959,135.55208,8.424169,-0.0025161079,,,,,,,,,,,,,,,,,,,,,,,,,,,,,135.55208,8.424169,1.0000001e-07,135.55208,8.424169,7.0,,,,,,,
135.55208,8.364209,0.0029302395,135.55208,8.364209,0.0009370816,,,,,,,,,,,,,,,,,,,,,,,,,,,,,,,,,,,,,,,,,,,,,,,,,,,,,,,,,,,,,135.55208,8.364209,8.262133,135.55208,8.364209,1.4487232,,,,,,,,,,,,,,,,,135.55208,8.454147,0.039669964,135.55208,8.454147,0.0034922457,,,,,,,,,,,,,,,,,,,,,,,,,,,,,135.55208,8.454147,0.03907981,135.55208,8.454147,5.0,,,,,,,
135.55208,8.394189,0.0030641083,135.55208,8.394189,0.0006842183,,,,,,,,,,,,,,,,,,,,,,,,,,,,,,,,,,,,,,,,,,,,,,,,,,,,,,,,,,,,,135.55208,8.394189,8.742072,135.55208,8.394189,0.5056634,,,,,,,,,,,,,,,,,135.55208,8.484127,0.032120354,135.55208,8.484127,-0.0010061912,,,,,,,,,,,,,,,,,,,,,,,,,,,,,135.55208,8.484127,1.0000001e-07,135.55208,8.484127,7.0,,,,,,,
135.55208,8.424168,0.0031236056,135.55208,8.424168,0.00066934404,,,,,,,,,,,,,,,,,,,,,,,,,,,,,,,,,,,,,,,,,,,,,,,,,,,,,,,,,,,,,135.55208,8.424168,8.94245,135.55208,8.424168,0.42725864,,,,,,,,,,,,,,,,,135.55208,8.514106,0.04244003,135.55208,8.514106,0.00074308575,,,,,,,,,,,,,,,,,,,,,,,,,,,,,135.55208,8.514106,1.0000001e-07,135.55208,8.514106,7.0,,,,,,,
135.55208,8.454147,0.0030789825,135.55208,8.454147,0.000996579,,,,,,,,,,,,,,,,,,,,,,,,,,,,,,,,,,,,,,,,,,,,,,,,,,,,,,,,,,,,,135.55208,8.454147,8.79781,135.55208,8.454147,1.6680766,,,,,,,,,,,,,,,,,135.55208,8.5440855,0.03389022,135.55208,8.5440855,0.0010043499,,,,,,,,,,,,,,,,,,,,,,,,,,,,,135.55208,8.5440855,1.0000001e-07,135.55208,8.5440855,7.0,,,,,,,
135.55208,8.484126,0.0026625018,135.55208,8.484126,0.0008180871,,,,,,,,,,,,,,,,,,,,,,,,,,,,,,,,,,,,,,,,,,,,,,,,,,,,,,,,,,,,,135.55208,8.484126,7.2972064,135.55208,8.484126,1.1061816,,,,,,,,,,,,,,,,,135.55208,8.574064,0.037748884,135.55208,8.574064,0.0018804738,,,,,,,,,,,,,,,,,,,,,,,,,,,,,135.55208,8.574064,1.0000001e-07,135.55208,8.574064,7.0,,,,,,,
135.55208,8.514106,0.003197977,135.55208,8.514106,0.0007734642,,,,,,,,,,,,,,,,,,,,,,,,,,,,,,,,,,,,,,,,,,,,,,,,,,,,,,,,,,,,,135.55208,8.514106,9.233816,135.55208,8.514106,0.8432553,,,,,,,,,,,,,,,,,135.55208,8.604044,0.039380945,135.55208,8.604044,-0.00086668436,,,,,,,,,,,,,,,,,,,,,,,,,,,,,135.55208,8.604044,1.0000001e-07,135.55208,8.604044,7.0,,,,,,,
135.55208,8.5440855,0.0026625018,135.55208,8.5440855,0.0008180871,,,,,,,,,,,,,,,,,,,,,,,,,,,,,,,,,,,,,,,,,,,,,,,,,,,,,,,,,,,,,135.55208,8.5440855,7.2858286,135.55208,8.5440855,0.9467485,,,,,,,,,,,,,,,,,135.55208,8.634023,0.0357429,135.55208,8.634023,0.0017957621,,,,,,,,,,,,,,,,,,,,,,,,,,,,,135.55208,8.634023,1.0000001e-07,135.55208,8.634023,7.0,,,,,,,
135.55208,8.574064,0.002870742,135.55208,8.574064,0.0008180871,,,,,,,,,,,,,,,,,,,,,,,,,,,,,,,,,,,,,,,,,,,,,,,,,,,,,,,,,,,,,135.55208,8.574064,8.101745,135.55208,8.574064,1.1156814,,,,,,,,,,,,,,,,,135.55208,8.664002,0.03998888,135.55208,8.664002,0.00019058488,,,,,,,,,,,,,,,,,,,,,,,,,,,,,135.55208,8.664002,1.0000001e-07,135.55208,8.664002,7.0,,,,,,,
135.55208,8.604044,0.0029748625,135.55208,8.604044,0.0007883385,,,,,,,,,,,,,,,,,,,,,,,,,,,,,,,,,,,,,,,,,,,,,,,,,,,,,,,,,,,,,135.55208,8.604044,8.459575,135.55208,8.604044,0.92223805,,,,,,,,,,,,,,,,,135.55208,8.693981,0.029873928,135.55208,8.693981,0.0005629298,,,,,,,,,,,,,,,,,,,,,,,,,,,,,135.55208,8.693981,1.0000001e-07,135.55208,8.693981,7.0,,,,,,,
135.55208,8.634023,0.0027517478,135.55208,8.634023,0.00087758445,,,,,,,,,,,,,,,,,,,,,,,,,,,,,,,,,,,,,,,,,,,,,,,,,,,,,,,,,,,,,135.55208,8.634023,7.683721,135.55208,8.634023,1.2132535,,,,,,,,,,,,,,,,,135.55208,8.723961,0.04174848,135.55208,8.723961,-2.38654e-05,,,,,,,,,,,,,,,,,,,,,,,,,,,,,135.55208,8.723961,1.0000001e-07,135.55208,8.723961,7.0,,,,,,,
135.55208,8.664002,0.0028409935,135.55208,8.664002,0.0007734642,,,,,,,,,,,,,,,,,,,,,,,,,,,,,,,,,,,,,,,,,,,,,,,,,,,,,,,,,,,,,135.55208,8.664002,7.977997,135.55208,8.664002,0.8006797,,,,,,,,,,,,,,,,,135.55208,8.75394,0.042777658,135.55208,8.75394,0.00061718374,,,,,,,,,,,,,,,,,,,,,,,,,,,,,135.55208,8.75394,1.0000001e-07,135.55208,8.75394,7.0,,,,,,,
135.55208,8.693981,0.00248401,135.55208,8.693981,0.00080321287,,,,,,,,,,,,,,,,,,,,,,,,,,,,,,,,,,,,,,,,,,,,,,,,,,,,,,,,,,,,,135.55208,8.693981,6.733878,135.55208,8.693981,0.8906569,,,,,,,,,,,,,,,,,135.55208,8.783919,0.040445697,135.55208,8.783919,0.0025937734,,,,,,,,,,,,,,,,,,,,,,,,,,,,,135.55208,8.783919,1.0000001e-07,135.55208,8.783919,7.0,,,,,,,
135.55208,8.723961,0.0029897366,135.55208,8.723961,0.0007437155,,,,,,,,,,,,,,,,,,,,,,,,,,,,,,,,,,,,,,,,,,,,,,,,,,,,,,,,,,,,,135.55208,8.723961,8.474816,135.55208,8.723961,0.681362,,,,,,,,,,,,,,,,,135.55208,8.813898,0.036332346,135.55208,8.813898,-0.004312198,,,,,,,,,,,,,,,,,,,,,,,,,,,,,135.55208,8.813898,1.0000001e-07,135.55208,8.813898,7.0,,,,,,,
135.55208,8.75394,0.0030343598,135.55208,8.75394,0.0007585899,,,,,,,,,,,,,,,,,,,,,,,,,,,,,,,,,,,,,,,,,,,,,,,,,,,,,,,,,,,,,135.55208,8.75394,8.642898,135.55208,8.75394,0.79096913,,,,,,,,,,,,,,,,,135.55208,8.843878,0.035036895,135.55208,8.843878,-0.00023182109,,,,,,,,,,,,,,,,,,,,,,,,,,,,,135.55208,8.843878,1.0000001e-07,135.55208,8.843878,7.0,,,,,,,
135.55208,8.783919,0.002915365,135.55208,8.783919,0.0009073329,,,,,,,,,,,,,,,,,,,,,,,,,,,,,,,,,,,,,,,,,,,,,,,,,,,,,,,,,,,,,135.55208,8.783919,8.215888,135.55208,8.783919,1.2981025,,,,,,,,,,,,,,,,,135.55208,8.873857,0.030870445,135.55208,8.873857,0.0023239134,,,,,,,,,,,,,,,,,,,,,,,,,,,,,135.55208,8.873857,1.0000001e-07,135.55208,8.873857,7.0,,,,,,,
135.55208,8.813898,0.0026476276,135.55208,8.813898,0.00050572655,,,,,,,,,,,,,,,,,,,,,,,,,,,,,,,,,,,,,,,,,,,,,,,,,,,,,,,,,,,,,135.55208,8.813898,7.315605,135.55208,8.813898,-0.098966226,,,,,,,,,,,,,,,,,135.55208,8.903836,0.038407043,135.55208,8.903836,0.0036719947,,,,,,,,,,,,,,,,,,,,,,,,,,,,,135.55208,8.903836,1.0000001e-07,135.55208,8.903836,7.0,,,,,,,
135.55208,8.843878,0.002573256,135.55208,8.843878,0.00078833854,,,,,,,,,,,,,,,,,,,,,,,,,,,,,,,,,,,,,,,,,,,,,,,,,,,,,,,,,,,,,135.55208,8.843878,6.9459286,135.55208,8.843878,0.9927533,,,,,,,,,,,,,,,,,135.55208,8.933815,0.0344997,135.55208,8.933815,-0.002095194,,,,,,,,,,,,,,,,,,,,,,,,,,,,,135.55208,8.933815,1.0000001e-07,135.55208,8.933815,7.0,,,,,,,
135.55208,8.873857,0.0023650154,135.55208,8.873857,0.0009073329,,,,,,,,,,,,,,,,,,,,,,,,,,,,,,,,,,,,,,,,,,,,,,,,,,,,,,,,,,,,,135.55208,8.873857,6.2514105,135.55208,8.873857,1.3005899,,,,,,,,,,,,,,,,,135.55208,8.963795,0.035749886,135.55208,8.963795,0.0011009672,,,,,,,,,,,,,,,,,,,,,,,,,,,,,135.55208,8.963795,1.0000001e-07,135.55208,8.963795,7.0,,,,,,,
135.55208,8.903836,0.0027368732,135.55208,8.903836,0.0008924587,,,,,,,,,,,,,,,,,,,,,,,,,,,,,,,,,,,,,,,,,,,,,,,,,,,,,,,,,,,,,135.55208,8.903836,7.5760236,135.55208,8.903836,1.1896029,,,,,,,,,,,,,,,,,135.55208,8.993773,0.04146949,135.55208,8.993773,0.0017592838,,,,,,,,,,,,,,,,,,,,,,,,,,,,,135.55208,8.993773,1.0000001e-07,135.55208,8.993773,7.0,,,,,,,
135.55208,8.933815,0.0025435074,135.55208,8.933815,0.0006098468,,,,,,,,,,,,,,,,,,,,,,,,,,,,,,,,,,,,,,,,,,,,,,,,,,,,,,,,,,,,,135.55208,8.933815,6.877592,135.55208,8.933815,0.23759228,,,,,,,,,,,,,,,,,135.55208,9.023753,0.035898402,135.55208,9.023753,0.004351157,,,,,,,,,,,,,,,,,,,,,,,,,,,,,135.55208,9.023753,1.0000001e-07,135.55208,9.023753,7.0,,,,,,,
135.55208,8.963795,0.0026327532,135.55208,8.963795,0.0007585899,,,,,,,,,,,,,,,,,,,,,,,,,,,,,,,,,,,,,,,,,,,,,,,,,,,,,,,,,,,,,135.55208,8.963795,7.2559867,135.55208,8.963795,0.76976943,,,,,,,,,,,,,,,,,135.55208,9.053732,0.036719922,135.55208,9.053732,-0.0011789175,,,,,,,,,,,,,,,,,,,,,,,,,,,,,135.55208,9.053732,1.0000001e-07,135.55208,9.053732,7.0,,,,,,,
135.55208,8.993773,0.0028409935,135.55208,8.993773,0.00084783573,,,,,,,,,,,,,,,,,,,,,,,,,,,,,,,,,,,,,,,,,,,,,,,,,,,,,,,,,,,,,135.55208,8.993773,7.9417367,135.55208,8.993773,1.0742662,,,,,,,,,,,,,,,,,135.55208,9.083712,0.03431352,135.55208,9.083712,0.0028848974,,,,,,,,,,,,,,,,,,,,,,,,,,,,,135.55208,9.083712,1.0000001e-07,135.55208,9.083712,7.0,,,,,,,
135.55208,9.023753,0.002528633,135.55208,9.023753,0.00093708164,,,,,,,,,,,,,,,,,,,,,,,,,,,,,,,,,,,,,,,,,,,,,,,,,,,,,,,,,,,,,135.55208,9.023753,6.860123,135.55208,9.023753,1.4507658,,,,,,,,,,,,,,,,,135.55208,9.11369,0.032844346,135.55208,9.11369,0.0030372548,,,,,,,,,,,,,,,,,,,,,,,,,,,,,135.55208,9.11369,1.0000001e-07,135.55208,9.11369,7.0,,,,,,,
135.55208,9.053732,0.0025732561,135.55208,9.053732,0.00066934404,,,,,,,,,,,,,,,,,,,,,,,,,,,,,,,,,,,,,,,,,,,,,,,,,,,,,,,,,,,,,135.55208,9.053732,7.0470715,135.55208,9.053732,0.37978747,,,,,,,,,,,,,,,,,135.55208,9.14367,0.033725765,135.55208,9.14367,0.0047059786,,,,,,,,,,,,,,,,,,,,,,,,,,,,,135.55208,9.14367,1.0000001e-07,135.55208,9.14367,7.0,,,,,,,
135.55208,9.083712,0.0024393871,135.55208,9.083712,0.00083296146,,,,,,,,,,,,,,,,,,,,,,,,,,,,,,,,,,,,,,,,,,,,,,,,,,,,,,,,,,,,,135.55208,9.083712,6.5396852,135.55208,9.083712,1.0172869,,,,,,,,,,,,,,,,,135.55208,9.17365,0.035170183,135.55208,9.17365,0.00051642646,,,,,,,,,,,,,,,,,,,,,,,,,,,,,135.55208,9.17365,1.0000001e-07,135.55208,9.17365,7.0,,,,,,,
135.55208,9.11369,0.0024542615,135.55208,9.11369,0.0008924587,,,,,,,,,,,,,,,,,,,,,,,,,,,,,,,,,,,,,,,,,,,,,,,,,,,,,,,,,,,,,135.55208,9.11369,6.629337,135.55208,9.11369,1.3473893,,,,,,,,,,,,,,,,,135.55208,9.203629,0.03106899,135.55208,9.203629,0.0034138528,,,,,,,,,,,,,,,,,,,,,,,,,,,,,135.55208,9.203629,1.0000001e-07,135.55208,9.203629,7.0,,,,,,,
135.55208,9.14367,0.002424513,135.55208,9.14367,0.0009668303,,,,,,,,,,,,,,,,,,,,,,,,,,,,,,,,,,,,,,,,,,,,,,,,,,,,,,,,,,,,,135.55208,9.14367,6.417548,135.55208,9.14367,1.6389364,,,,,,,,,,,,,,,,,135.55208,9.233608,0.03564288,135.55208,9.233608,-0.0009193495,,,,,,,,,,,,,,,,,,,,,,,,,,,,,135.55208,9.233608,1.0000001e-07,135.55208,9.233608,7.0,,,,,,,
135.55208,9.173649,0.0024393871,135.55208,9.173649,0.00077346415,,,,,,,,,,,,,,,,,,,,,,,,,,,,,,,,,,,,,,,,,,,,,,,,,,,,,,,,,,,,,135.55208,9.173649,6.495188,135.55208,9.173649,0.83706594,,,,,,,,,,,,,,,,,135.55208,9.263587,0.034538142,135.55208,9.263587,0.0025602323,,,,,,,,,,,,,,,,,,,,,,,,,,,,,135.55208,9.263587,1.0000001e-07,135.55208,9.263587,7.0,,,,,,,
135.55208,9.203629,0.0023055181,135.55208,9.203629,0.0009073329,,,,,,,,,,,,,,,,,,,,,,,,,,,,,,,,,,,,,,,,,,,,,,,,,,,,,,,,,,,,,135.55208,9.203629,6.046822,135.55208,9.203629,1.3847791,,,,,,,,,,,,,,,,,135.55208,9.293567,0.0264647,135.55208,9.293567,-0.002159178,,,,,,,,,,,,,,,,,,,,,,,,,,,,,135.55208,9.293567,1.0000001e-07,135.55208,9.293567,7.0,,,,,,,
135.55208,9.233607,0.0024542613,135.55208,9.233607,0.00066934404,,,,,,,,,,,,,,,,,,,,,,,,,,,,,,,,,,,,,,,,,,,,,,,,,,,,,,,,,,,,,135.55208,9.233607,6.6251893,135.55208,9.233607,0.46166986,,,,,,,,,,,,,,,,,135.55208,9.323545,0.027131803,135.55208,9.323545,-0.0011120351,,,,,,,,,,,,,,,,,,,,,,,,,,,,,135.55208,9.323545,1.0000001e-07,135.55208,9.323545,7.0,,,,,,,
135.55208,9.263587,0.0024393871,135.55208,9.263587,0.0008329614,,,,,,,,,,,,,,,,,,,,,,,,,,,,,,,,,,,,,,,,,,,,,,,,,,,,,,,,,,,,,135.55208,9.263587,6.5859275,135.55208,9.263587,1.1136305,,,,,,,,,,,,,,,,,135.55208,9.353525,0.029026786,135.55208,9.353525,0.0011739056,,,,,,,,,,,,,,,,,,,,,,,,,,,,,135.55208,9.353525,1.0000001e-07,135.55208,9.353525,7.0,,,,,,,
135.55208,9.293566,0.0020080323,135.55208,9.293566,0.00058009813,,,,,,,,,,,,,,,,,,,,,,,,,,,,,,,,,,,,,,,,,,,,,,,,,,,,,,,,,,,,,135.55208,9.293566,4.983946,135.55208,9.293566,0.07110039,,,,,,,,,,,,,,,,,135.55208,9.383504,0.033439633,135.55208,9.383504,-0.001476092,,,,,,,,,,,,,,,,,,,,,,,,,,,,,135.55208,9.383504,1.0000001e-07,135.55208,9.383504,7.0,,,,,,,
135.55208,9.323545,0.0020675296,135.55208,9.323545,0.0007288413,,,,,,,,,,,,,,,,,,,,,,,,,,,,,,,,,,,,,,,,,,,,,,,,,,,,,,,,,,,,,135.55208,9.323545,5.156939,135.55208,9.323545,0.6416476,,,,,,,,,,,,,,,,,135.55208,9.413484,0.03825879,135.55208,9.413484,0.00025870386,,,,,,,,,,,,,,,,,,,,,,,,,,,,,135.55208,9.413484,1.0000001e-07,135.55208,9.413484,7.0,,,,,,,
135.55208,9.353524,0.002082404,135.55208,9.353524,0.0007288412,,,,,,,,,,,,,,,,,,,,,,,,,,,,,,,,,,,,,,,,,,,,,,,,,,,,,,,,,,,,,135.55208,9.353524,5.2784214,135.55208,9.353524,0.62200475,,,,,,,,,,,,,,,,,135.55208,9.443462,0.027187902,135.55208,9.443462,-0.00222017,,,,,,,,,,,,,,,,,,,,,,,,,,,,,135.55208,9.443462,1.0000001e-07,135.55208,9.443462,7.0,,,,,,,
135.55208,9.383504,0.0023203928,135.55208,9.383504,0.0007437155,,,,,,,,,,,,,,,,,,,,,,,,,,,,,,,,,,,,,,,,,,,,,,,,,,,,,,,,,,,,,135.55208,9.383504,6.16514,135.55208,9.383504,0.6416285,,,,,,,,,,,,,,,,,135.55208,9.473442,0.038497142,135.55208,9.473442,-0.0014423154,,,,,,,,,,,,,,,,,,,,,,,,,,,,,135.55208,9.473442,1.0000001e-07,135.55208,9.473442,7.0,,,,,,,
135.55208,9.413484,0.0025435074,135.55208,9.413484,0.0007585899,,,,,,,,,,,,,,,,,,,,,,,,,,,,,,,,,,,,,,,,,,,,,,,,,,,,,,,,,,,,,135.55208,9.413484,6.9373126,135.55208,9.413484,0.86410815,,,,,,,,,,,,,,,,,135.55208,9.503421,0.037266765,135.55208,9.503421,0.0011244885,,,,,,,,,,,,,,,,,,,,,,,,,,,,,135.55208,9.503421,1.0000001e-07,135.55208,9.503421,7.0,,,,,,,
135.55208,9.443462,0.002008032,135.55208,9.443462,0.00069909263,,,,,,,,,,,,,,,,,,,,,,,,,,,,,,,,,,,,,,,,,,,,,,,,,,,,,,,,,,,,,135.55208,9.443462,5.040258,135.55208,9.443462,0.51128435,,,,,,,,,,,,,,,,,135.55208,9.533401,0.035008766,135.55208,9.533401,0.0012321197,,,,,,,,,,,,,,,,,,,,,,,,,,,,,135.55208,9.533401,1.0000001e-07,135.55208,9.533401,7.0,,,,,,,
135.55208,9.473442,0.0025732561,135.55208,9.473442,0.00065446965,,,,,,,,,,,,,,,,,,,,,,,,,,,,,,,,,,,,,,,,,,,,,,,,,,,,,,,,,,,,,135.55208,9.473442,7.0289407,135.55208,9.473442,0.35409504,,,,,,,,,,,,,,,,,135.55208,9.563379,0.03128441,135.55208,9.563379,0.0015945821,,,,,,,,,,,,,,,,,,,,,,,,,,,,,135.55208,9.563379,1.0000001e-07,135.55208,9.563379,7.0,,,,,,,
135.55208,9.503421,0.002424513,135.55208,9.503421,0.0007883385,,,,,,,,,,,,,,,,,,,,,,,,,,,,,,,,,,,,,,,,,,,,,,,,,,,,,,,,,,,,,135.55208,9.503421,6.4085655,135.55208,9.503421,0.8970802,,,,,,,,,,,,,,,,,135.55208,9.593359,0.038138717,135.55208,9.593359,0.0067122444,,,,,,,,,,,,,,,,,,,,,,,,,,,,,135.55208,9.593359,1.0000001e-07,135.55208,9.593359,7.0,,,,,,,
135.55208,9.533401,0.0023501413,135.55208,9.533401,0.0007437156,,,,,,,,,,,,,,,,,,,,,,,,,,,,,,,,,,,,,,,,,,,,,,,,,,,,,,,,,,,,,135.55208,9.533401,6.25489,135.55208,9.533401,0.732882,,,,,,,,,,,,,,,,,135.55208,9.623338,0.0324915,135.55208,9.623338,-0.0022359379,,,,,,,,,,,,,,,,,,,,,,,,,,,,,135.55208,9.623338,1.0000001e-07,135.55208,9.623338,7.0,,,,,,,
135.55208,9.563379,0.0020824035,135.55208,9.563379,0.0007734642,,,,,,,,,,,,,,,,,,,,,,,,,,,,,,,,,,,,,,,,,,,,,,,,,,,,,,,,,,,,,135.55208,9.563379,5.2529755,135.55208,9.563379,0.8836872,,,,,,,,,,,,,,,,,135.55208,9.653317,0.030075861,135.55208,9.653317,0.0043914374,,,,,,,,,,,,,,,,,,,,,,,,,,,,,135.55208,9.653317,1.0000001e-07,135.55208,9.653317,7.0,,,,,,,
135.55208,9.593359,0.0023947642,135.55208,9.593359,0.0010412019,,,,,,,,,,,,,,,,,,,,,,,,,,,,,,,,,,,,,,,,,,,,,,,,,,,,,,,,,,,,,135.55208,9.593359,6.3794727,135.55208,9.593359,1.9380765,,,,,,,,,,,,,,,,,135.55208,9.683296,0.03302563,135.55208,9.683296,0.0020395538,,,,,,,,,,,,,,,,,,,,,,,,,,,,,135.55208,9.683296,1.0000001e-07,135.55208,9.683296,7.0,,,,,,,
135.55208,9.623338,0.0021419008,135.55208,9.623338,0.00066934404,,,,,,,,,,,,,,,,,,,,,,,,,,,,,,,,,,,,,,,,,,,,,,,,,,,,,,,,,,,,,135.55208,9.623338,5.459608,135.55208,9.623338,0.50289893,,,,,,,,,,,,,,,,,135.55208,9.713276,0.029031498,135.55208,9.713276,0.00010256745,,,,,,,,,,,,,,,,,,,,,,,,,,,,,135.55208,9.713276,1.0000001e-07,135.55208,9.713276,7.0,,,,,,,
135.55208,9.653317,0.002052655,135.55208,9.653317,0.0009222073,,,,,,,,,,,,,,,,,,,,,,,,,,,,,,,,,,,,,,,,,,,,,,,,,,,,,,,,,,,,,135.55208,9.653317,5.212746,135.55208,9.653317,1.4029676,,,,,,,,,,,,,,,,,135.55208,9.743255,0.03372458,135.55208,9.743255,0.0024011296,,,,,,,,,,,,,,,,,,,,,,,,,,,,,135.55208,9.743255,1.0000001e-07,135.55208,9.743255,7.0,,,,,,,
135.55208,9.683296,0.002231147,135.55208,9.683296,0.0008478358,,,,,,,,,,,,,,,,,,,,,,,,,,,,,,,,,,,,,,,,,,,,,,,,,,,,,,,,,,,,,135.55208,9.683296,5.757946,135.55208,9.683296,1.1135782,,,,,,,,,,,,,,,,,135.55208,9.773234,0.03346251,135.55208,9.773234,0.0057058963,,,,,,,,,,,,,,,,,,,,,,,,,,,,,135.55208,9.773234,1.0000001e-07,135.55208,9.773234,7.0,,,,,,,
135.55208,9.713276,0.0020377808,135.55208,9.713276,0.0007288413,,,,,,,,,,,,,,,,,,,,,,,,,,,,,,,,,,,,,,,,,,,,,,,,,,,,,,,,,,,,,135.55208,9.713276,5.058112,135.55208,9.713276,0.67673177,,,,,,,,,,,,,,,,,135.55208,9.803213,0.03130525,135.55208,9.803213,0.0029568018,,,,,,,,,,,,,,,,,,,,,,,,,,,,,135.55208,9.803213,1.0000001e-07,135.55208,9.803213,7.0,,,,,,,
135.55208,9.743255,0.0021716496,135.55208,9.743255,0.0007883386,,,,,,,,,,,,,,,,,,,,,,,,,,,,,,,,,,,,,,,,,,,,,,,,,,,,,,,,,,,,,135.55208,9.743255,5.5808506,135.55208,9.743255,0.8842959,,,,,,,,,,,,,,,,,135.55208,9.833193,0.027533937,135.55208,9.833193,0.0006430397,,,,,,,,,,,,,,,,,,,,,,,,,,,,,135.55208,9.833193,1.0000001e-07,135.55208,9.833193,7.0,,,,,,,
135.55208,9.773234,0.002141901,135.55208,9.773234,0.000951956,,,,,,,,,,,,,,,,,,,,,,,,,,,,,,,,,,,,,,,,,,,,,,,,,,,,,,,,,,,,,135.55208,9.773234,5.4282975,135.55208,9.773234,1.556655,,,,,,,,,,,,,,,,,135.55208,9.863172,0.036391035,135.55208,9.863172,0.00012781461,,,,,,,,,,,,,,,,,,,,,,,,,,,,,135.55208,9.863172,1.0000001e-07,135.55208,9.863172,7.0,,,,,,,
135.55208,9.803213,0.002097278,135.55208,9.803213,0.00087758445,,,,,,,,,,,,,,,,,,,,,,,,,,,,,,,,,,,,,,,,,,,,,,,,,,,,,,,,,,,,,135.55208,9.803213,5.2445965,135.55208,9.803213,1.2162786,,,,,,,,,,,,,,,,,135.55208,9.893151,0.029792033,135.55208,9.893151,0.0018856057,,,,,,,,,,,,,,,,,,,,,,,,,,,,,135.55208,9.893151,1.0000001e-07,135.55208,9.893151,7.0,,,,,,,
135.55208,9.833193,0.001948535,135.55208,9.833193,0.00077346415,,,,,,,,,,,,,,,,,,,,,,,,,,,,,,,,,,,,,,,,,,,,,,,,,,,,,,,,,,,,,135.55208,9.833193,4.7405205,135.55208,9.833193,0.87856156,,,,,,,,,,,,,,,,,135.55208,9.92313,0.03499515,135.55208,9.92313,0.0013583443,,,,,,,,,,,,,,,,,,,,,,,,,,,,,135.55208,9.92313,1.0000001e-07,135.55208,9.92313,7.0,,,,,,,
135.55208,9.863172,0.0022608952,135.55208,9.863172,0.00069909263,,,,,,,,,,,,,,,,,,,,,,,,,,,,,,,,,,,,,,,,,,,,,,,,,,,,,,,,,,,,,135.55208,9.863172,5.8194075,135.55208,9.863172,0.5534899,,,,,,,,,,,,,,,,,135.55208,9.95311,0.032270566,135.55208,9.95311,0.0052471687,,,,,,,,,,,,,,,,,,,,,,,,,,,,,135.55208,9.95311,1.0000001e-07,135.55208,9.95311,7.0,,,,,,,
135.55208,9.893151,0.0020675296,135.55208,9.893151,0.00080321287,,,,,,,,,,,,,,,,,,,,,,,,,,,,,,,,,,,,,,,,,,,,,,,,,,,,,,,,,,,,,135.55208,9.893151,5.1875215,135.55208,9.893151,0.95359176,,,,,,,,,,,,,,,,,135.55208,9.9830885,0.031156894,135.55208,9.9830885,0.0009472662,,,,,,,,,,,,,,,,,,,,,,,,,,,,,135.55208,9.9830885,1.0000001e-07,135.55208,9.9830885,7.0,,,,,,,
135.55208,9.92313,0.002186524,135.55208,9.92313,0.00071396696,,,,,,,,,,,,,,,,,,,,,,,,,,,,,,,,,,,,,,,,,,,,,,,,,,,,,,,,,,,,,135.55208,9.92313,5.620856,135.55208,9.92313,0.7610312,,,,,,,,,,,,,,,,,135.55208,10.013068,0.036446344,135.55208,10.013068,0.003917439,,,,,,,,,,,,,,,,,,,,,,,,,,,,,135.55208,10.013068,1.0000001e-07,135.55208,10.013068,7.0,,,,,,,
135.55208,9.95311,0.002097278,135.55208,9.95311,0.0009965788,,,,,,,,,,,,,,,,,,,,,,,,,,,,,,,,,,,,,,,,,,,,,,,,,,,,,,,,,,,,,135.55208,9.95311,5.3372564,135.55208,9.95311,1.5512265,,,,,,,,,,,,,,,,,135.55208,10.043048,0.026075996,135.55208,10.043048,0.0007755616,,,,,,,,,,,,,,,,,,,,,,,,,,,,,135.55208,10.043048,1.0000001e-07,135.55208,10.043048,7.0,,,,,,,
135.55208,9.9830885,0.0020675296,135.55208,9.9830885,0.0008032128,,,,,,,,,,,,,,,,,,,,,,,,,,,,,,,,,,,,,,,,,,,,,,,,,,,,,,,,,,,,,135.55208,9.9830885,5.1782193,135.55208,9.9830885,1.0224361,,,,,,,,,,,,,,,,,135.55208,10.073027,0.033949707,135.55208,10.073027,0.0025661339,,,,,,,,,,,,,,,,,,,,,,,,,,,,,135.55208,10.073027,1.0000001e-07,135.55208,10.073027,7.0,,,,,,,
135.55208,10.013068,0.0022311467,135.55208,10.013068,0.0008329614,,,,,,,,,,,,,,,,,,,,,,,,,,,,,,,,,,,,,,,,,,,,,,,,,,,,,,,,,,,,,135.55208,10.013068,5.8496714,135.55208,10.013068,1.0140665,,,,,,,,,,,,,,,,,135.55208,10.103006,0.030778535,135.55208,10.103006,0.0016897257,,,,,,,,,,,,,,,,,,,,,,,,,,,,,135.55208,10.103006,1.0000001e-07,135.55208,10.103006,7.0,,,,,,,
135.55208,10.043047,0.0017849174,135.55208,10.043047,0.0007734642,,,,,,,,,,,,,,,,,,,,,,,,,,,,,,,,,,,,,,,,,,,,,,,,,,,,,,,,,,,,,135.55208,10.043047,4.2045207,135.55208,10.043047,0.925274,,,,,,,,,,,,,,,,,135.55208,10.132985,0.038313534,135.55208,10.132985,-0.000166904,,,,,,,,,,,,,,,,,,,,,,,,,,,,,135.55208,10.132985,1.0000001e-07,135.55208,10.132985,7.0,,,,,,,
135.55208,10.073027,0.0022162725,135.55208,10.073027,0.0007883385,,,,,,,,,,,,,,,,,,,,,,,,,,,,,,,,,,,,,,,,,,,,,,,,,,,,,,,,,,,,,135.55208,10.073027,5.6562424,135.55208,10.073027,0.8978064,,,,,,,,,,,,,,,,,135.55208,10.162965,0.03391212,135.55208,10.162965,0.0043310057,,,,,,,,,,,,,,,,,,,,,,,,,,,,,135.55208,10.162965,1.0000001e-07,135.55208,10.162965,7.0,,,,,,,
135.55208,10.103005,0.0020377808,135.55208,10.103005,0.0007883384,,,,,,,,,,,,,,,,,,,,,,,,,,,,,,,,,,,,,,,,,,,,,,,,,,,,,,,,,,,,,135.55208,10.103005,5.104222,135.55208,10.103005,0.91377187,,,,,,,,,,,,,,,,,135.55208,10.192944,0.027118703,135.55208,10.192944,-0.0045490307,,,,,,,,,,,,,,,,,,,,,,,,,,,,,135.55208,10.192944,1.0000001e-07,135.55208,10.192944,7.0,,,,,,,
135.55208,10.132985,0.0022162728,135.55208,10.132985,0.00071396696,,,,,,,,,,,,,,,,,,,,,,,,,,,,,,,,,,,,,,,,,,,,,,,,,,,,,,,,,,,,,135.55208,10.132985,5.739973,135.55208,10.132985,0.55324,,,,,,,,,,,,,,,,,135.55208,10.222923,0.024474088,135.55208,10.222923,0.0004265415,,,,,,,,,,,,,,,,,,,,,,,,,,,,,135.55208,10.222923,1.0000001e-07,135.55208,10.222923,7.0,,,,,,,
135.55208,10.162964,0.002097278,135.55208,10.162964,0.00086271006,,,,,,,,,,,,,,,,,,,,,,,,,,,,,,,,,,,,,,,,,,,,,,,,,,,,,,,,,,,,,135.55208,10.162964,5.327085,135.55208,10.162964,1.226017,,,,,,,,,,,,,,,,,135.55208,10.252902,0.027252914,135.55208,10.252902,-0.0002551746,,,,,,,,,,,,,,,,,,,,,,,,,,,,,135.55208,10.252902,1.0000001e-07,135.55208,10.252902,7.0,,,,,,,
135.55208,10.192944,0.0018295404,135.55208,10.192944,0.0005503495,,,,,,,,,,,,,,,,,,,,,,,,,,,,,,,,,,,,,,,,,,,,,,,,,,,,,,,,,,,,,135.55208,10.192944,4.343165,135.55208,10.192944,0.014996052,,,,,,,,,,,,,,,,,135.55208,10.282882,0.02675575,135.55208,10.282882,0.0031784226,,,,,,,,,,,,,,,,,,,,,,,,,,,,,135.55208,10.282882,1.0000001e-07,135.55208,10.282882,7.0,,,,,,,
135.55208,10.222922,0.0017105459,135.55208,10.222922,0.00077346415,,,,,,,,,,,,,,,,,,,,,,,,,,,,,,,,,,,,,,,,,,,,,,,,,,,,,,,,,,,,,135.55208,10.222922,3.9066305,135.55208,10.222922,0.84629345,,,,,,,,,,,,,,,,,135.55208,10.3128605,0.029300703,135.55208,10.3128605,0.004380149,,,,,,,,,,,,,,,,,,,,,,,,,,,,,135.55208,10.3128605,1.0000001e-07,135.55208,10.3128605,7.0,,,,,,,
135.55208,10.252902,0.0018592891,135.55208,10.252902,0.00068421825,,,,,,,,,,,,,,,,,,,,,,,,,,,,,,,,,,,,,,,,,,,,,,,,,,,,,,,,,,,,,135.55208,10.252902,4.474863,135.55208,10.252902,0.497881,,,,,,,,,,,,,,,,,135.55208,10.34284,0.031077346,135.55208,10.34284,-0.0010290886,,,,,,,,,,,,,,,,,,,,,,,,,,,,,135.55208,10.34284,1.0000001e-07,135.55208,10.34284,7.0,,,,,,,
135.55208,10.282882,0.0017997916,135.55208,10.282882,0.0008032128,,,,,,,,,,,,,,,,,,,,,,,,,,,,,,,,,,,,,,,,,,,,,,,,,,,,,,,,,,,,,135.55208,10.282882,4.2444277,135.55208,10.282882,0.9393496,,,,,,,,,,,,,,,,,135.55208,10.372819,0.030176558,135.55208,10.372819,0.0028472682,,,,,,,,,,,,,,,,,,,,,,,,,,,,,135.55208,10.372819,1.0000001e-07,135.55208,10.372819,7.0,,,,,,,
135.55208,10.3128605,0.0017849174,135.55208,10.3128605,0.0008924587,,,,,,,,,,,,,,,,,,,,,,,,,,,,,,,,,,,,,,,,,,,,,,,,,,,,,,,,,,,,,135.55208,10.3128605,4.239647,135.55208,10.3128605,1.3265814,,,,,,,,,,,,,,,,,135.55208,10.402799,0.024114816,135.55208,10.402799,0.0062828436,,,,,,,,,,,,,,,,,,,,,,,,,,,,,135.55208,10.402799,1.0000001e-07,135.55208,10.402799,7.0,,,,,,,
135.55208,10.34284,0.0019039118,135.55208,10.34284,0.0006842183,,,,,,,,,,,,,,,,,,,,,,,,,,,,,,,,,,,,,,,,,,,,,,,,,,,,,,,,,,,,,135.55208,10.34284,4.6539316,135.55208,10.34284,0.52436125,,,,,,,,,,,,,,,,,135.55208,10.432777,0.031823535,135.55208,10.432777,0.00068703917,,,,,,,,,,,,,,,,,,,,,,,,,,,,,135.55208,10.432777,1.0000001e-07,135.55208,10.432777,7.0,,,,,,,
135.55208,10.372819,0.0018741632,135.55208,10.372819,0.00080321287,,,,,,,,,,,,,,,,,,,,,,,,,,,,,,,,,,,,,,,,,,,,,,,,,,,,,,,,,,,,,135.55208,10.372819,4.5161333,135.55208,10.372819,0.95464885,,,,,,,,,,,,,,,,,135.55208,10.462757,0.032989558,135.55208,10.462757,0.0073668114,,,,,,,,,,,,,,,,,,,,,,,,,,,,,135.55208,10.462757,1.0000001e-07,135.55208,10.462757,7.0,,,,,,,
135.55208,10.402799,0.0016510485,135.55208,10.402799,0.00093708164,,,,,,,,,,,,,,,,,,,,,,,,,,,,,,,,,,,,,,,,,,,,,,,,,,,,,,,,,,,,,135.55208,10.402799,3.769134,135.55208,10.402799,1.5487951,,,,,,,,,,,,,,,,,135.55208,10.492736,0.04233116,135.55208,10.492736,-0.0007199182,,,,,,,,,,,,,,,,,,,,,,,,,,,,,135.55208,10.492736,1.0000001e-07,135.55208,10.492736,7.0,,,,,,,
135.55208,10.432777,0.001993158,135.55208,10.432777,0.0006842183,,,,,,,,,,,,,,,,,,,,,,,,,,,,,,,,,,,,,,,,,,,,,,,,,,,,,,,,,,,,,135.55208,10.432777,4.935527,135.55208,10.432777,0.47983694,,,,,,,,,,,,,,,,,135.55208,10.522716,0.03195015,135.55208,10.522716,0.00136253,,,,,,,,,,,,,,,,,,,,,,,,,,,,,135.55208,10.522716,1.0000001e-07,135.55208,10.522716,7.0,,,,,,,
135.55208,10.462757,0.0019634091,135.55208,10.462757,0.0009370816,,,,,,,,,,,,,,,,,,,,,,,,,,,,,,,,,,,,,,,,,,,,,,,,,,,,,,,,,,,,,135.55208,10.462757,4.822191,135.55208,10.462757,1.3449323,,,,,,,,,,,,,,,,,135.55208,10.552694,0.027735347,135.55208,10.552694,-0.0022466863,,,,,,,,,,,,,,,,,,,,,,,,,,,,,135.55208,10.552694,1.0000001e-07,135.55208,10.552694,7.0,,,,,,,
135.55208,10.492736,0.0022757696,135.55208,10.492736,0.00068421825,,,,,,,,,,,,,,,,,,,,,,,,,,,,,,,,,,,,,,,,,,,,,,,,,,,,,,,,,,,,,135.55208,10.492736,5.9412637,135.55208,10.492736,0.45284468,,,,,,,,,,,,,,,,,135.55208,10.582674,0.028028237,135.55208,10.582674,-0.0036731085,,,,,,,,,,,,,,,,,,,,,,,,,,,,,135.55208,10.582674,1.0000001e-07,135.55208,10.582674,7.0,,,,,,,
135.55208,10.522716,0.0018592889,135.55208,10.522716,0.0007734642,,,,,,,,,,,,,,,,,,,,,,,,,,,,,,,,,,,,,,,,,,,,,,,,,,,,,,,,,,,,,135.55208,10.522716,4.41243,135.55208,10.522716,0.8167784,,,,,,,,,,,,,,,,,135.55208,10.612653,0.03103549,135.55208,10.612653,-0.0010096492,,,,,,,,,,,,,,,,,,,,,,,,,,,,,135.55208,10.612653,1.0000001e-07,135.55208,10.612653,7.0,,,,,,,
135.55208,10.552694,0.0018146661,135.55208,10.552694,0.00065446965,,,,,,,,,,,,,,,,,,,,,,,,,,,,,,,,,,,,,,,,,,,,,,,,,,,,,,,,,,,,,135.55208,10.552694,4.2737656,135.55208,10.552694,0.33198303,,,,,,,,,,,,,,,,,135.55208,10.6426325,0.023365317,135.55208,10.6426325,0.00019106641,,,,,,,,,,,,,,,,,,,,,,,,,,,,,135.55208,10.6426325,1.0000001e-07,135.55208,10.6426325,7.0,,,,,,,
135.55208,10.582674,0.0017254201,135.55208,10.582674,0.00062472105,,,,,,,,,,,,,,,,,,,,,,,,,,,,,,,,,,,,,,,,,,,,,,,,,,,,,,,,,,,,,135.55208,10.582674,3.9951563,135.55208,10.582674,0.24810372,,,,,,,,,,,,,,,,,135.55208,10.672611,0.028837178,135.55208,10.672611,0.00070814346,,,,,,,,,,,,,,,,,,,,,,,,,,,,,135.55208,10.672611,1.0000001e-07,135.55208,10.672611,7.0,,,,,,,
135.55208,10.612653,0.0018444149,135.55208,10.612653,0.00069909263,,,,,,,,,,,,,,,,,,,,,,,,,,,,,,,,,,,,,,,,,,,,,,,,,,,,,,,,,,,,,135.55208,10.612653,4.4345083,135.55208,10.612653,0.5497865,,,,,,,,,,,,,,,,,135.55208,10.702591,0.01858741,135.55208,10.702591,-0.0026541501,,,,,,,,,,,,,,,,,,,,,,,,,,,,,135.55208,10.702591,1.0000001e-07,135.55208,10.702591,7.0,,,,,,,
135.55208,10.6426325,0.0015320542,135.55208,10.6426325,0.0006842183,,,,,,,,,,,,,,,,,,,,,,,,,,,,,,,,,,,,,,,,,,,,,,,,,,,,,,,,,,,,,135.55208,10.6426325,3.2832503,135.55208,10.6426325,0.5106675,,,,,,,,,,,,,,,,,135.55208,10.73257,0.02011237,135.55208,10.73257,0.00037122672,,,,,,,,,,,,,,,,,,,,,,,,,,,,,135.55208,10.73257,1.0000001e-07,135.55208,10.73257,7.0,,,,,,,
135.55208,10.672611,0.0018146661,135.55208,10.672611,0.00072884123,,,,,,,,,,,,,,,,,,,,,,,,,,,,,,,,,,,,,,,,,,,,,,,,,,,,,,,,,,,,,135.55208,10.672611,4.3153024,135.55208,10.672611,0.6806451,,,,,,,,,,,,,,,,,135.55208,10.762549,0.02710143,135.55208,10.762549,2.384486e-05,,,,,,,,,,,,,,,,,,,,,,,,,,,,,135.55208,10.762549,1.0000001e-07,135.55208,10.762549,7.0,,,,,,,
135.55208,10.702591,0.0014428082,135.55208,10.702591,0.0006098467,,,,,,,,,,,,,,,,,,,,,,,,,,,,,,,,,,,,,,,,,,,,,,,,,,,,,,,,,,,,,135.55208,10.702591,2.9695177,135.55208,10.702591,0.28808892,,,,,,,,,,,,,,,,,135.55208,10.792528,0.033130936,135.55208,10.792528,-0.0014688418,,,,,,,,,,,,,,,,,,,,,,,,,,,,,135.55208,10.792528,1.0000001e-07,135.55208,10.792528,7.0,,,,,,,
135.55208,10.73257,0.0014428083,135.55208,10.73257,0.0006842183,,,,,,,,,,,,,,,,,,,,,,,,,,,,,,,,,,,,,,,,,,,,,,,,,,,,,,,,,,,,,135.55208,10.73257,2.952219,135.55208,10.73257,0.47422707,,,,,,,,,,,,,,,,,135.55208,10.822508,0.027226023,135.55208,10.822508,0.0032200762,,,,,,,,,,,,,,,,,,,,,,,,,,,,,135.55208,10.822508,1.0000001e-07,135.55208,10.822508,7.0,,,,,,,
135.55208,10.762549,0.0017402944,135.55208,10.762549,0.00074371556,,,,,,,,,,,,,,,,,,,,,,,,,,,,,,,,,,,,,,,,,,,,,,,,,,,,,,,,,,,,,135.55208,10.762549,4.036379,135.55208,10.762549,0.8146819,,,,,,,,,,,,,,,,,135.55208,10.852488,0.02589818,135.55208,10.852488,-0.0008364295,,,,,,,,,,,,,,,,,,,,,,,,,,,,,135.55208,10.852488,1.0000001e-07,135.55208,10.852488,7.0,,,,,,,
135.55208,10.792528,0.0018592891,135.55208,10.792528,0.0006395954,,,,,,,,,,,,,,,,,,,,,,,,,,,,,,,,,,,,,,,,,,,,,,,,,,,,,,,,,,,,,135.55208,10.792528,4.4664607,135.55208,10.792528,0.34395394,,,,,,,,,,,,,,,,,135.55208,10.882466,0.032405455,135.55208,10.882466,0.0023358262,,,,,,,,,,,,,,,,,,,,,,,,,,,,,135.55208,10.882466,1.0000001e-07,135.55208,10.882466,7.0,,,,,,,
135.55208,10.822508,0.0016361743,135.55208,10.822508,0.0008032128,,,,,,,,,,,,,,,,,,,,,,,,,,,,,,,,,,,,,,,,,,,,,,,,,,,,,,,,,,,,,135.55208,10.822508,3.6768732,135.55208,10.822508,0.96061176,,,,,,,,,,,,,,,,,135.55208,10.912446,0.021499418,135.55208,10.912446,0.003318166,,,,,,,,,,,,,,,,,,,,,,,,,,,,,135.55208,10.912446,1.0000001e-07,135.55208,10.912446,7.0,,,,,,,
135.55208,10.852487,0.0016659227,135.55208,10.852487,0.00062472105,,,,,,,,,,,,,,,,,,,,,,,,,,,,,,,,,,,,,,,,,,,,,,,,,,,,,,,,,,,,,135.55208,10.852487,3.8173876,135.55208,10.852487,0.27406684,,,,,,,,,,,,,,,,,135.55208,10.942425,0.02706729,135.55208,10.942425,-0.0031095345,,,,,,,,,,,,,,,,,,,,,,,,,,,,,135.55208,10.942425,1.0000001e-07,135.55208,10.942425,7.0,,,,,,,
135.55208,10.882466,0.0018592891,135.55208,10.882466,0.0007437156,,,,,,,,,,,,,,,,,,,,,,,,,,,,,,,,,,,,,,,,,,,,,,,,,,,,,,,,,,,,,135.55208,10.882466,4.483095,135.55208,10.882466,0.70684445,,,,,,,,,,,,,,,,,135.55208,10.9724045,0.023541944,135.55208,10.9724045,-0.0027381491,,,,,,,,,,,,,,,,,,,,,,,,,,,,,135.55208,10.9724045,1.0000001e-07,135.55208,10.9724045,7.0,,,,,,,
135.55208,10.912445,0.001472557,135.55208,10.912445,0.0007883385,,,,,,,,,,,,,,,,,,,,,,,,,,,,,,,,,,,,,,,,,,,,,,,,,,,,,,,,,,,,,135.55208,10.912445,3.1159554,135.55208,10.912445,0.9239619,,,,,,,,,,,,,,,,,135.55208,11.002383,0.029168509,135.55208,11.002383,-0.0038450498,,,,,,,,,,,,,,,,,,,,,,,,,,,,,135.55208,11.002383,1.0000001e-07,135.55208,11.002383,7.0,,,,,,,
135.55208,10.942425,0.0016659229,135.55208,10.942425,0.0006395954,,,,,,,,,,,,,,,,,,,,,,,,,,,,,,,,,,,,,,,,,,,,,,,,,,,,,,,,,,,,,135.55208,10.942425,3.795627,135.55208,10.942425,0.34093347,,,,,,,,,,,,,,,,,135.55208,11.032363,0.029253861,135.55208,11.032363,-0.0010004865,,,,,,,,,,,,,,,,,,,,,,,,,,,,,135.55208,11.032363,1.0000001e-07,135.55208,11.032363,7.0,,,,,,,
135.55208,10.972404,0.0015915515,135.55208,10.972404,0.0006544697,,,,,,,,,,,,,,,,,,,,,,,,,,,,,,,,,,,,,,,,,,,,,,,,,,,,,,,,,,,,,135.55208,10.972404,3.5095358,135.55208,10.972404,0.43068138,,,,,,,,,,,,,,,,,135.55208,11.062342,0.027933227,135.55208,11.062342,0.0022767251,,,,,,,,,,,,,,,,,,,,,,,,,,,,,135.55208,11.062342,1.0000001e-07,135.55208,11.062342,7.0,,,,,,,
135.55208,11.002383,0.0016659229,135.55208,11.002383,0.00062472105,,,,,,,,,,,,,,,,,,,,,,,,,,,,,,,,,,,,,,,,,,,,,,,,,,,,,,,,,,,,,135.55208,11.002383,3.7693548,135.55208,11.002383,0.33651194,,,,,,,,,,,,,,,,,135.55208,11.092321,0.032051697,135.55208,11.092321,0.0025413893,,,,,,,,,,,,,,,,,,,,,,,,,,,,,135.55208,11.092321,1.0000001e-07,135.55208,11.092321,7.0,,,,,,,
135.55208,11.032362,0.0017105459,135.55208,11.032362,0.0006693441,,,,,,,,,,,,,,,,,,,,,,,,,,,,,,,,,,,,,,,,,,,,,,,,,,,,,,,,,,,,,135.55208,11.032362,3.9673593,135.55208,11.032362,0.39170137,,,,,,,,,,,,,,,,,135.55208,11.1223,0.025514979,135.55208,11.1223,-0.0046983873,,,,,,,,,,,,,,,,,,,,,,,,,,,,,135.55208,11.1223,1.0000001e-07,135.55208,11.1223,7.0,,,,,,,
135.55208,11.062342,0.0016807973,135.55208,11.062342,0.0007883385,,,,,,,,,,,,,,,,,,,,,,,,,,,,,,,,,,,,,,,,,,,,,,,,,,,,,,,,,,,,,135.55208,11.062342,3.8304672,135.55208,11.062342,0.8798568,,,,,,,,,,,,,,,,,135.55208,11.15228,0.029626403,135.55208,11.15228,0.0058824983,,,,,,,,,,,,,,,,,,,,,,,,,,,,,135.55208,11.15228,1.0000001e-07,135.55208,11.15228,7.0,,,,,,,
135.55208,11.092321,0.0018295404,135.55208,11.092321,0.00078833854,,,,,,,,,,,,,,,,,,,,,,,,,,,,,,,,,,,,,,,,,,,,,,,,,,,,,,,,,,,,,135.55208,11.092321,4.4060526,135.55208,11.092321,0.83441895,,,,,,,,,,,,,,,,,135.55208,11.182259,0.024544448,135.55208,11.182259,0.0028586457,,,,,,,,,,,,,,,,,,,,,,,,,,,,,135.55208,11.182259,1.0000001e-07,135.55208,11.182259,7.0,,,,,,,
135.55208,11.1223,0.0016361744,135.55208,11.1223,0.00056522386,,,,,,,,,,,,,,,,,,,,,,,,,,,,,,,,,,,,,,,,,,,,,,,,,,,,,,,,,,,,,135.55208,11.1223,3.6755803,135.55208,11.1223,0.116690665,,,,,,,,,,,,,,,,,135.55208,11.212238,0.022061907,135.55208,11.212238,-0.0048936564,,,,,,,,,,,,,,,,,,,,,,,,,,,,,135.55208,11.212238,1.0000001e-07,135.55208,11.212238,7.0,,,,,,,
135.55208,11.15228,0.0017551689,135.55208,11.15228,0.00083296146,,,,,,,,,,,,,,,,,,,,,,,,,,,,,,,,,,,,,,,,,,,,,,,,,,,,,,,,,,,,,135.55208,11.15228,4.0879993,135.55208,11.15228,1.0200282,,,,,,,,,,,,,,,,,135.55208,11.242217,0.031395897,135.55208,11.242217,0.0012239539,,,,,,,,,,,,,,,,,,,,,,,,,,,,,135.55208,11.242217,1.0000001e-07,135.55208,11.242217,7.0,,,,,,,
135.55208,11.182259,0.0015618026,135.55208,11.182259,0.00080321287,,,,,,,,,,,,,,,,,,,,,,,,,,,,,,,,,,,,,,,,,,,,,,,,,,,,,,,,,,,,,135.55208,11.182259,3.3909929,135.55208,11.182259,0.9834521,,,,,,,,,,,,,,,,,135.55208,11.272197,0.023368536,135.55208,11.272197,0.0036522588,,,,,,,,,,,,,,,,,,,,,,,,,,,,,135.55208,11.272197,1.0000001e-07,135.55208,11.272197,7.0,,,,,,,
135.55208,11.212238,0.001427934,135.55208,11.212238,0.0005206009,,,,,,,,,,,,,,,,,,,,,,,,,,,,,,,,,,,,,,,,,,,,,,,,,,,,,,,,,,,,,135.55208,11.212238,2.9432364,135.55208,11.212238,-0.07819462,,,,,,,,,,,,,,,,,135.55208,11.3021755,0.025497414,135.55208,11.3021755,0.0038211984,,,,,,,,,,,,,,,,,,,,,,,,,,,,,135.55208,11.3021755,1.0000001e-07,135.55208,11.3021755,7.0,,,,,,,
135.55208,11.242217,0.0017997918,135.55208,11.242217,0.000713967,,,,,,,,,,,,,,,,,,,,,,,,,,,,,,,,,,,,,,,,,,,,,,,,,,,,,,,,,,,,,135.55208,11.242217,4.2388163,135.55208,11.242217,0.6630058,,,,,,,,,,,,,,,,,135.55208,11.332155,0.028381748,135.55208,11.332155,-0.0030420509,,,,,,,,,,,,,,,,,,,,,,,,,,,,,135.55208,11.332155,1.0000001e-07,135.55208,11.332155,7.0,,,,,,,
135.55208,11.272197,0.0015023054,135.55208,11.272197,0.0007734641,,,,,,,,,,,,,,,,,,,,,,,,,,,,,,,,,,,,,,,,,,,,,,,,,,,,,,,,,,,,,135.55208,11.272197,3.1864529,135.55208,11.272197,0.82254237,,,,,,,,,,,,,,,,,135.55208,11.362134,0.022142878,135.55208,11.362134,-0.00071040844,,,,,,,,,,,,,,,,,,,,,,,,,,,,,135.55208,11.362134,1.0000001e-07,135.55208,11.362134,7.0,,,,,,,
135.55208,11.3021755,0.0015320542,135.55208,11.3021755,0.0007883386,,,,,,,,,,,,,,,,,,,,,,,,,,,,,,,,,,,,,,,,,,,,,,,,,,,,,,,,,,,,,135.55208,11.3021755,3.29719,135.55208,11.3021755,0.8853878,,,,,,,,,,,,,,,,,135.55208,11.392114,0.035439767,135.55208,11.392114,0.004822213,,,,,,,,,,,,,,,,,,,,,,,,,,,,,135.55208,11.392114,1.0000001e-07,135.55208,11.392114,7.0,,,,,,,
135.55208,11.332155,0.0016212999,135.55208,11.332155,0.0006098468,,,,,,,,,,,,,,,,,,,,,,,,,,,,,,,,,,,,,,,,,,,,,,,,,,,,,,,,,,,,,135.55208,11.332155,3.6822674,135.55208,11.332155,0.21492887,,,,,,,,,,,,,,,,,135.55208,11.422092,0.028468676,135.55208,11.422092,0.0011779044,,,,,,,,,,,,,,,,,,,,,,,,,,,,,135.55208,11.422092,1.0000001e-07,135.55208,11.422092,7.0,,,,,,,
135.55208,11.362134,0.0014428082,135.55208,11.362134,0.0006842183,,,,,,,,,,,,,,,,,,,,,,,,,,,,,,,,,,,,,,,,,,,,,,,,,,,,,,,,,,,,,135.55208,11.362134,2.9689927,135.55208,11.362134,0.54436606,,,,,,,,,,,,,,,,,135.55208,11.452072,0.031218164,135.55208,11.452072,0.004443989,,,,,,,,,,,,,,,,,,,,,,,,,,,,,135.55208,11.452072,1.0000001e-07,135.55208,11.452072,7.0,,,,,,,
135.55208,11.392114,0.0017997918,135.55208,11.392114,0.00084783573,,,,,,,,,,,,,,,,,,,,,,,,,,,,,,,,,,,,,,,,,,,,,,,,,,,,,,,,,,,,,135.55208,11.392114,4.280862,135.55208,11.392114,1.0598361,,,,,,,,,,,,,,,,,135.55208,11.482051,0.020700313,135.55208,11.482051,0.0017195534,,,,,,,,,,,,,,,,,,,,,,,,,,,,,135.55208,11.482051,1.0000001e-07,135.55208,11.482051,7.0,,,,,,,
135.55208,11.422092,0.0016510488,135.55208,11.422092,0.0006990926,,,,,,,,,,,,,,,,,,,,,,,,,,,,,,,,,,,,,,,,,,,,,,,,,,,,,,,,,,,,,135.55208,11.422092,3.73503,135.55208,11.422092,0.64601403,,,,,,,,,,,,,,,,,135.55208,11.512031,0.017329555,135.55208,11.512031,0.0038281034,,,,,,,,,,,,,,,,,,,,,,,,,,,,,135.55208,11.512031,1.0000001e-07,135.55208,11.512031,7.0,,,,,,,
135.55208,11.452072,0.0016807972,135.55208,11.452072,0.0007734642,,,,,,,,,,,,,,,,,,,,,,,,,,,,,,,,,,,,,,,,,,,,,,,,,,,,,,,,,,,,,135.55208,11.452072,3.845139,135.55208,11.452072,0.8243123,,,,,,,,,,,,,,,,,135.55208,11.542009,0.02329897,135.55208,11.542009,-0.0064856764,,,,,,,,,,,,,,,,,,,,,,,,,,,,,135.55208,11.542009,1.0000001e-07,135.55208,11.542009,7.0,,,,,,,
135.55208,11.482051,0.0013238137,135.55208,11.482051,0.00074371556,,,,,,,,,,,,,,,,,,,,,,,,,,,,,,,,,,,,,,,,,,,,,,,,,,,,,,,,,,,,,135.55208,11.482051,2.55142,135.55208,11.482051,0.708751,,,,,,,,,,,,,,,,,135.55208,11.571989,0.034590587,135.55208,11.571989,0.001430384,,,,,,,,,,,,,,,,,,,,,,,,,,,,,135.55208,11.571989,1.0000001e-07,135.55208,11.571989,7.0,,,,,,,
135.55208,11.512031,0.0012643165,135.55208,11.512031,0.00078833854,,,,,,,,,,,,,,,,,,,,,,,,,,,,,,,,,,,,,,,,,,,,,,,,,,,,,,,,,,,,,135.55208,11.512031,2.304756,135.55208,11.512031,0.865213,,,,,,,,,,,,,,,,,135.55208,11.601968,0.035561234,135.55208,11.601968,0.0055043506,,,,,,,,,,,,,,,,,,,,,,,,,,,,,135.55208,11.601968,1.0000001e-07,135.55208,11.601968,7.0,,,,,,,
135.55208,11.542009,0.0014725568,135.55208,11.542009,0.00052060094,,,,,,,,,,,,,,,,,,,,,,,,,,,,,,,,,,,,,,,,,,,,,,,,,,,,,,,,,,,,,135.55208,11.542009,3.0753179,135.55208,11.542009,-0.013621714,,,,,,,,,,,,,,,,,135.55208,11.6319475,0.028088957,135.55208,11.6319475,0.00048652623,,,,,,,,,,,,,,,,,,,,,,,,,,,,,135.55208,11.6319475,1.0000001e-07,135.55208,11.6319475,7.0,,,,,,,
135.55208,11.571989,0.0018146661,135.55208,11.571989,0.0008180871,,,,,,,,,,,,,,,,,,,,,,,,,,,,,,,,,,,,,,,,,,,,,,,,,,,,,,,,,,,,,135.55208,11.571989,4.286318,135.55208,11.571989,1.0824571,,,,,,,,,,,,,,,,,135.55208,11.661927,0.022721946,135.55208,11.661927,0.005016357,,,,,,,,,,,,,,,,,,,,,,,,,,,,,135.55208,11.661927,1.0000001e-07,135.55208,11.661927,7.0,,,,,,,
135.55208,11.601968,0.0017849174,135.55208,11.601968,0.00086271006,,,,,,,,,,,,,,,,,,,,,,,,,,,,,,,,,,,,,,,,,,,,,,,,,,,,,,,,,,,,,135.55208,11.601968,4.1851454,135.55208,11.601968,1.1942524,,,,,,,,,,,,,,,,,135.55208,11.691906,0.01730733,135.55208,11.691906,0.0023441368,,,,,,,,,,,,,,,,,,,,,,,,,,,,,135.55208,11.691906,1.0000001e-07,135.55208,11.691906,7.0,,,,,,,
135.55208,11.6319475,0.0015618029,135.55208,11.6319475,0.0006693441,,,,,,,,,,,,,,,,,,,,,,,,,,,,,,,,,,,,,,,,,,,,,,,,,,,,,,,,,,,,,135.55208,11.6319475,3.3897052,135.55208,11.6319475,0.4044491,,,,,,,,,,,,,,,,,135.55208,11.721886,0.02305368,135.55208,11.721886,0.0004953508,,,,,,,,,,,,,,,,,,,,,,,,,,,,,135.55208,11.721886,1.0000001e-07,135.55208,11.721886,7.0,,,,,,,
135.55208,11.661926,0.0013535625,135.55208,11.661926,0.0008180872,,,,,,,,,,,,,,,,,,,,,,,,,,,,,,,,,,,,,,,,,,,,,,,,,,,,,,,,,,,,,135.55208,11.661926,2.6728888,135.55208,11.661926,1.0433828,,,,,,,,,,,,,,,,,135.55208,11.751864,0.025276402,135.55208,11.751864,0.0032796497,,,,,,,,,,,,,,,,,,,,,,,,,,,,,135.55208,11.751864,1.0000001e-07,135.55208,11.751864,7.0,,,,,,,
135.55208,11.691906,0.0012048192,135.55208,11.691906,0.0007437155,,,,,,,,,,,,,,,,,,,,,,,,,,,,,,,,,,,,,,,,,,,,,,,,,,,,,,,,,,,,,135.55208,11.691906,2.1485567,135.55208,11.691906,0.6329716,,,,,,,,,,,,,,,,,135.55208,11.781844,0.038477577,135.55208,11.781844,-0.0013624098,,,,,,,,,,,,,,,,,,,,,,,,,,,,,135.55208,11.781844,1.0000001e-07,135.55208,11.781844,7.0,,,,,,,
135.55208,11.721885,0.0014279338,135.55208,11.721885,0.00066934404,,,,,,,,,,,,,,,,,,,,,,,,,,,,,,,,,,,,,,,,,,,,,,,,,,,,,,,,,,,,,135.55208,11.721885,2.8805463,135.55208,11.721885,0.43023723,,,,,,,,,,,,,,,,,135.55208,11.811823,0.023922656,135.55208,11.811823,0.0012144814,,,,,,,,,,,,,,,,,,,,,,,,,,,,,135.55208,11.811823,1.0000001e-07,135.55208,11.811823,7.0,,,,,,,
135.55208,11.751864,0.0015171799,135.55208,11.751864,0.0007883385,,,,,,,,,,,,,,,,,,,,,,,,,,,,,,,,,,,,,,,,,,,,,,,,,,,,,,,,,,,,,135.55208,11.751864,3.25815,135.55208,11.751864,0.8876285,,,,,,,,,,,,,,,,,135.55208,11.841803,0.02701559,135.55208,11.841803,0.0001255607,,,,,,,,,,,,,,,,,,,,,,,,,,,,,135.55208,11.841803,1.0000001e-07,135.55208,11.841803,7.0,,,,,,,
135.55208,11.781843,0.0017997916,135.55208,11.781843,0.0006098468,,,,,,,,,,,,,,,,,,,,,,,,,,,,,,,,,,,,,,,,,,,,,,,,,,,,,,,,,,,,,135.55208,11.781843,4.255775,135.55208,11.781843,0.22202586,,,,,,,,,,,,,,,,,135.55208,11.871781,0.027183844,135.55208,11.871781,-0.0007755661,,,,,,,,,,,,,,,,,,,,,,,,,,,,,135.55208,11.871781,1.0000001e-07,135.55208,11.871781,7.0,,,,,,,
135.55208,11.811823,0.001383311,135.55208,11.811823,0.0007734642,,,,,,,,,,,,,,,,,,,,,,,,,,,,,,,,,,,,,,,,,,,,,,,,,,,,,,,,,,,,,135.55208,11.811823,2.78378,135.55208,11.811823,0.9311606,,,,,,,,,,,,,,,,,135.55208,11.901761,0.02330912,135.55208,11.901761,0.002701212,,,,,,,,,,,,,,,,,,,,,,,,,,,,,135.55208,11.901761,1.0000001e-07,135.55208,11.901761,7.0,,,,,,,
135.55208,11.841802,0.0015023054,135.55208,11.841802,0.00065446965,,,,,,,,,,,,,,,,,,,,,,,,,,,,,,,,,,,,,,,,,,,,,,,,,,,,,,,,,,,,,135.55208,11.841802,3.1793795,135.55208,11.841802,0.41490725,,,,,,,,,,,,,,,,,135.55208,11.93174,0.02898106,135.55208,11.93174,0.0067665884,,,,,,,,,,,,,,,,,,,,,,,,,,,,,135.55208,11.93174,1.0000001e-07,135.55208,11.93174,7.0,,,,,,,
135.55208,11.871781,0.0014725567,135.55208,11.871781,0.0006842183,,,,,,,,,,,,,,,,,,,,,,,,,,,,,,,,,,,,,,,,,,,,,,,,,,,,,,,,,,,,,135.55208,11.871781,3.1065948,135.55208,11.871781,0.47843778,,,,,,,,,,,,,,,,,135.55208,11.9617195,0.030668326,135.55208,11.9617195,0.00053504785,,,,,,,,,,,,,,,,,,,,,,,,,,,,,135.55208,11.9617195,1.0000001e-07,135.55208,11.9617195,7.0,,,,,,,
135.55208,11.90176,0.0014130597,135.55208,11.90176,0.00072884123,,,,,,,,,,,,,,,,,,,,,,,,,,,,,,,,,,,,,,,,,,,,,,,,,,,,,,,,,,,,,135.55208,11.90176,2.876032,135.55208,11.90176,0.6919808,,,,,,,,,,,,,,,,,135.55208,11.991698,0.013709983,135.55208,11.991698,0.0027338509,,,,,,,,,,,,,,,,,,,,,,,,,,,,,135.55208,11.991698,1.0000001e-07,135.55208,11.991698,7.0,,,,,,,
135.55208,11.93174,0.0015171799,135.55208,11.93174,0.0008032128,,,,,,,,,,,,,,,,,,,,,,,,,,,,,,,,,,,,,,,,,,,,,,,,,,,,,,,,,,,,,135.55208,11.93174,3.215869,135.55208,11.93174,0.8953605,,,,,,,,,,,,,,,,,135.55208,12.021678,0.03164258,135.55208,12.021678,-0.0023519443,,,,,,,,,,,,,,,,,,,,,,,,,,,,,135.55208,12.021678,1.0000001e-07,135.55208,12.021678,7.0,,,,,,,
135.55208,11.9617195,0.0016213,135.55208,11.9617195,0.0006842183,,,,,,,,,,,,,,,,,,,,,,,,,,,,,,,,,,,,,,,,,,,,,,,,,,,,,,,,,,,,,135.55208,11.9617195,3.6083553,135.55208,11.9617195,0.52789193,,,,,,,,,,,,,,,,,135.55208,12.051657,0.020987071,135.55208,12.051657,-0.00033994613,,,,,,,,,,,,,,,,,,,,,,,,,,,,,135.55208,12.051657,1.0000001e-07,135.55208,12.051657,7.0,,,,,,,
135.55208,11.991698,0.0011601964,135.55208,11.991698,0.000669344,,,,,,,,,,,,,,,,,,,,,,,,,,,,,,,,,,,,,,,,,,,,,,,,,,,,,,,,,,,,,135.55208,11.991698,1.9537174,135.55208,11.991698,0.47455084,,,,,,,,,,,,,,,,,135.55208,12.081636,0.023186406,135.55208,12.081636,0.0032616947,,,,,,,,,,,,,,,,,,,,,,,,,,,,,135.55208,12.081636,1.0000001e-07,135.55208,12.081636,7.0,,,,,,,
135.55208,12.021678,0.0016213,135.55208,12.021678,0.00058009813,,,,,,,,,,,,,,,,,,,,,,,,,,,,,,,,,,,,,,,,,,,,,,,,,,,,,,,,,,,,,135.55208,12.021678,3.6410768,135.55208,12.021678,0.047326565,,,,,,,,,,,,,,,,,135.55208,12.111615,0.012683433,135.55208,12.111615,0.0074990764,,,,,,,,,,,,,,,,,,,,,,,,,,,,,135.55208,12.111615,1.0000001e-07,135.55208,12.111615,7.0,,,,,,,
135.55208,12.051657,0.0012494423,135.55208,12.051657,0.0006395953,,,,,,,,,,,,,,,,,,,,,,,,,,,,,,,,,,,,,,,,,,,,,,,,,,,,,,,,,,,,,135.55208,12.051657,2.3044803,135.55208,12.051657,0.33392,,,,,,,,,,,,,,,,,135.55208,12.141595,0.02146051,135.55208,12.141595,0.00068089046,,,,,,,,,,,,,,,,,,,,,,,,,,,,,135.55208,12.141595,1.0000001e-07,135.55208,12.141595,7.0,,,,,,,
135.55208,12.081636,0.0013535623,135.55208,12.081636,0.00080321275,,,,,,,,,,,,,,,,,,,,,,,,,,,,,,,,,,,,,,,,,,,,,,,,,,,,,,,,,,,,,135.55208,12.081636,2.6389704,135.55208,12.081636,0.88519347,,,,,,,,,,,,,,,,,135.55208,12.171574,0.02152574,135.55208,12.171574,0.0034559488,,,,,,,,,,,,,,,,,,,,,,,,,,,,,135.55208,12.171574,1.0000001e-07,135.55208,12.171574,7.0,,,,,,,
135.55208,12.111615,0.001145322,135.55208,12.111615,0.0008032128,,,,,,,,,,,,,,,,,,,,,,,,,,,,,,,,,,,,,,,,,,,,,,,,,,,,,,,,,,,,,135.55208,12.111615,1.9348693,135.55208,12.111615,0.8933288,,,,,,,,,,,,,,,,,135.55208,12.201553,0.025812514,135.55208,12.201553,0.0017688436,,,,,,,,,,,,,,,,,,,,,,,,,,,,,135.55208,12.201553,1.0000001e-07,135.55208,12.201553,7.0,,,,,,,
135.55208,12.141595,0.0013089394,135.55208,12.141595,0.00066934404,,,,,,,,,,,,,,,,,,,,,,,,,,,,,,,,,,,,,,,,,,,,,,,,,,,,,,,,,,,,,135.55208,12.141595,2.4836485,135.55208,12.141595,0.35230336,,,,,,,,,,,,,,,,,135.55208,12.231532,0.015341199,135.55208,12.231532,0.0036090678,,,,,,,,,,,,,,,,,,,,,,,,,,,,,135.55208,12.231532,1.0000001e-07,135.55208,12.231532,7.0,,,,,,,
135.55208,12.171574,0.0012791909,135.55208,12.171574,0.0007437156,,,,,,,,,,,,,,,,,,,,,,,,,,,,,,,,,,,,,,,,,,,,,,,,,,,,,,,,,,,,,135.55208,12.171574,2.4114184,135.55208,12.171574,0.75860435,,,,,,,,,,,,,,,,,135.55208,12.261512,0.021303015,135.55208,12.261512,0.0034375035,,,,,,,,,,,,,,,,,,,,,,,,,,,,,135.55208,12.261512,1.0000001e-07,135.55208,12.261512,7.0,,,,,,,
135.55208,12.201553,0.0013684367,135.55208,12.201553,0.00072884123,,,,,,,,,,,,,,,,,,,,,,,,,,,,,,,,,,,,,,,,,,,,,,,,,,,,,,,,,,,,,135.55208,12.201553,2.6870131,135.55208,12.201553,0.695197,,,,,,,,,,,,,,,,,135.55208,12.291491,0.01696635,135.55208,12.291491,0.009470675,,,,,,,,,,,,,,,,,,,,,,,,,,,,,135.55208,12.291491,1.0000001e-07,135.55208,12.291491,7.0,,,,,,,
135.55208,12.231532,0.0011601963,135.55208,12.231532,0.00077346415,,,,,,,,,,,,,,,,,,,,,,,,,,,,,,,,,,,,,,,,,,,,,,,,,,,,,,,,,,,,,135.55208,12.231532,1.9751153,135.55208,12.231532,0.8652103,,,,,,,,,,,,,,,,,135.55208,12.32147,0.031149967,135.55208,12.32147,0.00019071618,,,,,,,,,,,,,,,,,,,,,,,,,,,,,135.55208,12.32147,1.0000001e-07,135.55208,12.32147,7.0,,,,,,,
135.55208,12.261512,0.0012791906,135.55208,12.261512,0.0008032128,,,,,,,,,,,,,,,,,,,,,,,,,,,,,,,,,,,,,,,,,,,,,,,,,,,,,,,,,,,,,135.55208,12.261512,2.3960872,135.55208,12.261512,0.9510705,,,,,,,,,,,,,,,,,135.55208,12.351449,0.02610021,135.55208,12.351449,0.006031962,,,,,,,,,,,,,,,,,,,,,,,,,,,,,135.55208,12.351449,1.0000001e-07,135.55208,12.351449,7.0,,,,,,,
135.55208,12.291491,0.0011601963,135.55208,12.291491,0.00093708164,,,,,,,,,,,,,,,,,,,,,,,,,,,,,,,,,,,,,,,,,,,,,,,,,,,,,,,,,,,,,135.55208,12.291491,1.993018,135.55208,12.291491,1.430766,,,,,,,,,,,,,,,,,135.55208,12.381429,0.01766372,135.55208,12.381429,0.0021617927,,,,,,,,,,,,,,,,,,,,,,,,,,,,,135.55208,12.381429,1.0000001e-07,135.55208,12.381429,7.0,,,,,,,
135.55208,12.32147,0.0015766771,135.55208,12.32147,0.0006395954,,,,,,,,,,,,,,,,,,,,,,,,,,,,,,,,,,,,,,,,,,,,,,,,,,,,,,,,,,,,,135.55208,12.32147,3.4221625,135.55208,12.32147,0.32764304,,,,,,,,,,,,,,,,,135.55208,12.411407,0.027384771,135.55208,12.411407,0.003939782,,,,,,,,,,,,,,,,,,,,,,,,,,,,,135.55208,12.411407,1.0000001e-07,135.55208,12.411407,7.0,,,,,,,
135.55208,12.351449,0.0013981853,135.55208,12.351449,0.0007734642,,,,,,,,,,,,,,,,,,,,,,,,,,,,,,,,,,,,,,,,,,,,,,,,,,,,,,,,,,,,,135.55208,12.351449,2.7857718,135.55208,12.351449,0.77657485,,,,,,,,,,,,,,,,,135.55208,12.441387,0.023907807,135.55208,12.441387,-0.0001663943,,,,,,,,,,,,,,,,,,,,,,,,,,,,,135.55208,12.441387,1.0000001e-07,135.55208,12.441387,7.0,,,,,,,
135.55208,12.381429,0.001145322,135.55208,12.381429,0.0006395954,,,,,,,,,,,,,,,,,,,,,,,,,,,,,,,,,,,,,,,,,,,,,,,,,,,,,,,,,,,,,135.55208,12.381429,1.9216542,135.55208,12.381429,0.3285409,,,,,,,,,,,,,,,,,135.55208,12.471366,0.027201055,135.55208,12.471366,0.0002043481,,,,,,,,,,,,,,,,,,,,,,,,,,,,,135.55208,12.471366,1.0000001e-07,135.55208,12.471366,7.0,,,,,,,
135.55208,12.411407,0.0013981854,135.55208,12.411407,0.0008180872,,,,,,,,,,,,,,,,,,,,,,,,,,,,,,,,,,,,,,,,,,,,,,,,,,,,,,,,,,,,,135.55208,12.411407,2.8364599,135.55208,12.411407,1.0059953,,,,,,,,,,,,,,,,,135.55208,12.501346,0.019455884,135.55208,12.501346,0.004640088,,,,,,,,,,,,,,,,,,,,,,,,,,,,,135.55208,12.501346,1.0000001e-07,135.55208,12.501346,7.0,,,,,,,
135.55208,12.441387,0.0013238137,135.55208,12.441387,0.0006098467,,,,,,,,,,,,,,,,,,,,,,,,,,,,,,,,,,,,,,,,,,,,,,,,,,,,,,,,,,,,,135.55208,12.441387,2.555105,135.55208,12.441387,0.3025256,,,,,,,,,,,,,,,,,135.55208,12.531325,0.01035592,135.55208,12.531325,0.0075436938,,,,,,,,,,,,,,,,,,,,,,,,,,,,,135.55208,12.531325,1.0000001e-07,135.55208,12.531325,7.0,,,,,,,
135.55208,12.471366,0.0014725567,135.55208,12.471366,0.00069909263,,,,,,,,,,,,,,,,,,,,,,,,,,,,,,,,,,,,,,,,,,,,,,,,,,,,,,,,,,,,,135.55208,12.471366,3.0491247,135.55208,12.471366,0.51461977,,,,,,,,,,,,,,,,,135.55208,12.561304,0.029482748,135.55208,12.561304,-0.0030392415,,,,,,,,,,,,,,,,,,,,,,,,,,,,,135.55208,12.561304,1.0000001e-07,135.55208,12.561304,7.0,,,,,,,
135.55208,12.501346,0.0011453221,135.55208,12.501346,0.0008180871,,,,,,,,,,,,,,,,,,,,,,,,,,,,,,,,,,,,,,,,,,,,,,,,,,,,,,,,,,,,,135.55208,12.501346,1.9427891,135.55208,12.501346,1.04934,,,,,,,,,,,,,,,,,135.55208,12.591284,0.031888556,135.55208,12.591284,0.004579556,,,,,,,,,,,,,,,,,,,,,,,,,,,,,135.55208,12.591284,1.0000001e-07,135.55208,12.591284,7.0,,,,,,,
135.55208,12.531324,0.0010412019,135.55208,12.531324,0.00080321287,,,,,,,,,,,,,,,,,,,,,,,,,,,,,,,,,,,,,,,,,,,,,,,,,,,,,,,,,,,,,135.55208,12.531324,1.5925187,135.55208,12.531324,0.94051087,,,,,,,,,,,,,,,,,135.55208,12.621263,0.020076023,135.55208,12.621263,0.0039238315,,,,,,,,,,,,,,,,,,,,,,,,,,,,,135.55208,12.621263,1.0000001e-07,135.55208,12.621263,7.0,,,,,,,
135.55208,12.561304,0.0014874312,135.55208,12.561304,0.0005354752,,,,,,,,,,,,,,,,,,,,,,,,,,,,,,,,,,,,,,,,,,,,,,,,,,,,,,,,,,,,,135.55208,12.561304,3.1553564,135.55208,12.561304,-0.09150356,,,,,,,,,,,,,,,,,135.55208,12.651242,0.021713931,135.55208,12.651242,-0.0008304084,,,,,,,,,,,,,,,,,,,,,,,,,,,,,135.55208,12.651242,1.0000001e-07,135.55208,12.651242,7.0,,,,,,,
135.55208,12.591283,0.001532054,135.55208,12.591283,0.0007883385,,,,,,,,,,,,,,,,,,,,,,,,,,,,,,,,,,,,,,,,,,,,,,,,,,,,,,,,,,,,,135.55208,12.591283,3.2356024,135.55208,12.591283,0.8831223,,,,,,,,,,,,,,,,,135.55208,12.681221,0.03155695,135.55208,12.681221,0.0032554923,,,,,,,,,,,,,,,,,,,,,,,,,,,,,135.55208,12.681221,1.0000001e-07,135.55208,12.681221,7.0,,,,,,,
135.55208,12.621263,0.0011453221,135.55208,12.621263,0.0007734642,,,,,,,,,,,,,,,,,,,,,,,,,,,,,,,,,,,,,,,,,,,,,,,,,,,,,,,,,,,,,135.55208,12.621263,1.9270505,135.55208,12.621263,0.809987,,,,,,,,,,,,,,,,,135.55208,12.711201,0.025062554,135.55208,12.711201,0.0009980559,,,,,,,,,,,,,,,,,,,,,,,,,,,,,135.55208,12.711201,1.0000001e-07,135.55208,12.711201,7.0,,,,,,,
135.55208,12.651241,0.0012940652,135.55208,12.651241,0.0006098468,,,,,,,,,,,,,,,,,,,,,,,,,,,,,,,,,,,,,,,,,,,,,,,,,,,,,,,,,,,,,135.55208,12.651241,2.413334,135.55208,12.651241,0.18867564,,,,,,,,,,,,,,,,,135.55208,12.741179,0.028511124,135.55208,12.741179,0.0006907624,,,,,,,,,,,,,,,,,,,,,,,,,,,,,135.55208,12.741179,1.0000001e-07,135.55208,12.741179,7.0,,,,,,,
135.55208,12.681221,0.0015023054,135.55208,12.681221,0.0007437156,,,,,,,,,,,,,,,,,,,,,,,,,,,,,,,,,,,,,,,,,,,,,,,,,,,,,,,,,,,,,135.55208,12.681221,3.2073345,135.55208,12.681221,0.7751626,,,,,,,,,,,,,,,,,135.55208,12.771159,0.016381487,135.55208,12.771159,0.0050605456,,,,,,,,,,,,,,,,,,,,,,,,,,,,,135.55208,12.771159,1.0000001e-07,135.55208,12.771159,7.0,,,,,,,
135.55208,12.7112,0.0013386882,135.55208,12.7112,0.00066934404,,,,,,,,,,,,,,,,,,,,,,,,,,,,,,,,,,,,,,,,,,,,,,,,,,,,,,,,,,,,,135.55208,12.7112,2.614369,135.55208,12.7112,0.47453296,,,,,,,,,,,,,,,,,135.55208,12.801138,0.024565933,135.55208,12.801138,-0.0017768631,,,,,,,,,,,,,,,,,,,,,,,,,,,,,135.55208,12.801138,1.0000001e-07,135.55208,12.801138,7.0,,,,,,,
135.55208,12.741179,0.0014428083,135.55208,12.741179,0.0006842183,,,,,,,,,,,,,,,,,,,,,,,,,,,,,,,,,,,,,,,,,,,,,,,,,,,,,,,,,,,,,135.55208,12.741179,2.9323888,135.55208,12.741179,0.49798048,,,,,,,,,,,,,,,,,135.55208,12.831118,0.017643921,135.55208,12.831118,-0.0019166004,,,,,,,,,,,,,,,,,,,,,,,,,,,,,135.55208,12.831118,1.0000001e-07,135.55208,12.831118,7.0,,,,,,,
135.55208,12.771158,0.0011006992,135.55208,12.771158,0.0007437156,,,,,,,,,,,,,,,,,,,,,,,,,,,,,,,,,,,,,,,,,,,,,,,,,,,,,,,,,,,,,135.55208,12.771158,1.744952,135.55208,12.771158,0.7707087,,,,,,,,,,,,,,,,,135.55208,12.861096,0.02195989,135.55208,12.861096,0.006818263,,,,,,,,,,,,,,,,,,,,,,,,,,,,,135.55208,12.861096,1.0000001e-07,135.55208,12.861096,7.0,,,,,,,
135.55208,12.801138,0.0012791909,135.55208,12.801138,0.0006098468,,,,,,,,,,,,,,,,,,,,,,,,,,,,,,,,,,,,,,,,,,,,,,,,,,,,,,,,,,,,,135.55208,12.801138,2.3640263,135.55208,12.801138,0.2290161,,,,,,,,,,,,,,,,,135.55208,12.891076,0.016495116,135.55208,12.891076,0.0074944263,,,,,,,,,,,,,,,,,,,,,,,,,,,,,135.55208,12.891076,1.0000001e-07,135.55208,12.891076,7.0,,,,,,,
135.55208,12.831118,0.0011601963,135.55208,12.831118,0.00058009813,,,,,,,,,,,,,,,,,,,,,,,,,,,,,,,,,,,,,,,,,,,,,,,,,,,,,,,,,,,,,135.55208,12.831118,2.0084927,135.55208,12.831118,0.056926727,,,,,,,,,,,,,,,,,135.55208,12.921055,0.01676684,135.55208,12.921055,-0.0023245467,,,,,,,,,,,,,,,,,,,,,,,,,,,,,135.55208,12.921055,1.0000001e-07,135.55208,12.921055,7.0,,,,,,,
135.55208,12.861096,0.0012048192,135.55208,12.861096,0.00078833854,,,,,,,,,,,,,,,,,,,,,,,,,,,,,,,,,,,,,,,,,,,,,,,,,,,,,,,,,,,,,135.55208,12.861096,2.1589725,135.55208,12.861096,0.9378226,,,,,,,,,,,,,,,,,135.55208,12.951035,0.018851643,135.55208,12.951035,-0.00025729608,,,,,,,,,,,,,,,,,,,,,,,,,,,,,135.55208,12.951035,1.0000001e-07,135.55208,12.951035,7.0,,,,,,,
135.55208,12.891076,0.0010858248,135.55208,12.891076,0.0008180871,,,,,,,,,,,,,,,,,,,,,,,,,,,,,,,,,,,,,,,,,,,,,,,,,,,,,,,,,,,,,135.55208,12.891076,1.7300028,135.55208,12.891076,0.9296529,,,,,,,,,,,,,,,,,135.55208,12.981013,0.033301406,135.55208,12.981013,0.0076859426,,,,,,,,,,,,,,,,,,,,,,,,,,,,,135.55208,12.981013,1.0000001e-07,135.55208,12.981013,7.0,,,,,,,
135.55208,12.921055,0.001100699,135.55208,12.921055,0.0006098468,,,,,,,,,,,,,,,,,,,,,,,,,,,,,,,,,,,,,,,,,,,,,,,,,,,,,,,,,,,,,135.55208,12.921055,1.7416682,135.55208,12.921055,0.3081366,,,,,,,,,,,,,,,,,135.55208,13.010993,0.02077537,135.55208,13.010993,0.0026430618,,,,,,,,,,,,,,,,,,,,,,,,,,,,,135.55208,13.010993,1.0000001e-07,135.55208,13.010993,7.0,,,,,,,
135.55208,12.951035,0.0011155733,135.55208,12.951035,0.00066934404,,,,,,,,,,,,,,,,,,,,,,,,,,,,,,,,,,,,,,,,,,,,,,,,,,,,,,,,,,,,,135.55208,12.951035,1.8517579,135.55208,12.951035,0.47671306,,,,,,,,,,,,,,,,,135.55208,13.040972,0.020354174,135.55208,13.040972,-0.00044592418,,,,,,,,,,,,,,,,,,,,,,,,,,,,,135.55208,13.040972,1.0000001e-07,135.55208,13.040972,7.0,,,,,,,
135.55208,12.981013,0.0014874312,135.55208,12.981013,0.0008180871,,,,,,,,,,,,,,,,,,,,,,,,,,,,,,,,,,,,,,,,,,,,,,,,,,,,,,,,,,,,,135.55208,12.981013,3.1381128,135.55208,12.981013,1.0636357,,,,,,,,,,,,,,,,,135.55208,13.070951,0.017757462,135.55208,13.070951,-0.0011258963,,,,,,,,,,,,,,,,,,,,,,,,,,,,,135.55208,13.070951,1.0000001e-07,135.55208,13.070951,7.0,,,,,,,
135.55208,13.010993,0.0011750706,135.55208,13.010993,0.00074371556,,,,,,,,,,,,,,,,,,,,,,,,,,,,,,,,,,,,,,,,,,,,,,,,,,,,,,,,,,,,,135.55208,13.010993,2.0429091,135.55208,13.010993,0.6453497,,,,,,,,,,,,,,,,,135.55208,13.10093,0.024207458,135.55208,13.10093,-0.005421568,,,,,,,,,,,,,,,,,,,,,,,,,,,,,135.55208,13.10093,1.0000001e-07,135.55208,13.10093,7.0,,,,,,,
135.55208,13.040972,0.001234568,135.55208,13.040972,0.0006098468,,,,,,,,,,,,,,,,,,,,,,,,,,,,,,,,,,,,,,,,,,,,,,,,,,,,,,,,,,,,,135.55208,13.040972,2.2705822,135.55208,13.040972,0.3193171,,,,,,,,,,,,,,,,,135.55208,13.13091,0.016870996,135.55208,13.13091,0.0010144244,,,,,,,,,,,,,,,,,,,,,,,,,,,,,135.55208,13.13091,1.0000001e-07,135.55208,13.13091,7.0,,,,,,,
135.55208,13.070951,0.0011453221,135.55208,13.070951,0.00062472105,,,,,,,,,,,,,,,,,,,,,,,,,,,,,,,,,,,,,,,,,,,,,,,,,,,,,,,,,,,,,135.55208,13.070951,1.9238095,135.55208,13.070951,0.3507258,,,,,,,,,,,,,,,,,135.55208,13.160889,0.01948636,135.55208,13.160889,0.0010931732,,,,,,,,,,,,,,,,,,,,,,,,,,,,,135.55208,13.160889,1.0000001e-07,135.55208,13.160889,7.0,,,,,,,
135.55208,13.10093,0.0012643165,135.55208,13.10093,0.0005354752,,,,,,,,,,,,,,,,,,,,,,,,,,,,,,,,,,,,,,,,,,,,,,,,,,,,,,,,,,,,,135.55208,13.10093,2.3229609,135.55208,13.10093,-0.025358656,,,,,,,,,,,,,,,,,135.55208,13.190868,0.032193612,135.55208,13.190868,0.00034954317,,,,,,,,,,,,,,,,,,,,,,,,,,,,,135.55208,13.190868,1.0000001e-07,135.55208,13.190868,7.0,,,,,,,
135.55208,13.13091,0.001100699,135.55208,13.13091,0.0006395953,,,,,,,,,,,,,,,,,,,,,,,,,,,,,,,,,,,,,,,,,,,,,,,,,,,,,,,,,,,,,135.55208,13.13091,1.7343546,135.55208,13.13091,0.29263082,,,,,,,,,,,,,,,,,135.55208,13.220847,0.016516782,135.55208,13.220847,-3.3692457e-05,,,,,,,,,,,,,,,,,,,,,,,,,,,,,135.55208,13.220847,1.0000001e-07,135.55208,13.220847,7.0,,,,,,,
135.55208,13.160889,0.0012345678,135.55208,13.160889,0.00068421836,,,,,,,,,,,,,,,,,,,,,,,,,,,,,,,,,,,,,,,,,,,,,,,,,,,,,,,,,,,,,135.55208,13.160889,2.2410111,135.55208,13.160889,0.49805328,,,,,,,,,,,,,,,,,135.55208,13.250827,0.030007388,135.55208,13.250827,0.0029976184,,,,,,,,,,,,,,,,,,,,,,,,,,,,,135.55208,13.250827,1.0000001e-07,135.55208,13.250827,7.0,,,,,,,
135.55208,13.190868,0.0014576825,135.55208,13.190868,0.0006098468,,,,,,,,,,,,,,,,,,,,,,,,,,,,,,,,,,,,,,,,,,,,,,,,,,,,,,,,,,,,,135.55208,13.190868,3.0321736,135.55208,13.190868,0.23333628,,,,,,,,,,,,,,,,,135.55208,13.280806,0.022960728,135.55208,13.280806,-0.0014103901,,,,,,,,,,,,,,,,,,,,,,,,,,,,,135.55208,13.280806,1.0000001e-07,135.55208,13.280806,7.0,,,,,,,
135.55208,13.220847,0.0010709505,135.55208,13.220847,0.0005949724,,,,,,,,,,,,,,,,,,,,,,,,,,,,,,,,,,,,,,,,,,,,,,,,,,,,,,,,,,,,,135.55208,13.220847,1.6604804,135.55208,13.220847,0.20781928,,,,,,,,,,,,,,,,,135.55208,13.310785,0.019053673,135.55208,13.310785,0.0025488755,,,,,,,,,,,,,,,,,,,,,,,,,,,,,135.55208,13.310785,1.0000001e-07,135.55208,13.310785,7.0,,,,,,,
135.55208,13.250827,0.0013238138,135.55208,13.250827,0.0007883385,,,,,,,,,,,,,,,,,,,,,,,,,,,,,,,,,,,,,,,,,,,,,,,,,,,,,,,,,,,,,135.55208,13.250827,2.579194,135.55208,13.250827,0.8064549,,,,,,,,,,,,,,,,,135.55208,13.340765,0.03040031,135.55208,13.340765,0.00327799,,,,,,,,,,,,,,,,,,,,,,,,,,,,,135.55208,13.340765,1.0000001e-07,135.55208,13.340765,7.0,,,,,,,
135.55208,13.280806,0.0013089395,135.55208,13.280806,0.0006395954,,,,,,,,,,,,,,,,,,,,,,,,,,,,,,,,,,,,,,,,,,,,,,,,,,,,,,,,,,,,,135.55208,13.280806,2.5220509,135.55208,13.280806,0.30258358,,,,,,,,,,,,,,,,,135.55208,13.370744,0.021254085,135.55208,13.370744,0.0066331346,,,,,,,,,,,,,,,,,,,,,,,,,,,,,135.55208,13.370744,1.0000001e-07,135.55208,13.370744,7.0,,,,,,,
135.55208,13.310785,0.0011453219,135.55208,13.310785,0.000669344,,,,,,,,,,,,,,,,,,,,,,,,,,,,,,,,,,,,,,,,,,,,,,,,,,,,,,,,,,,,,135.55208,13.310785,1.9067192,135.55208,13.310785,0.45575392,,,,,,,,,,,,,,,,,135.55208,13.400723,0.021914685,135.55208,13.400723,0.00013410507,,,,,,,,,,,,,,,,,,,,,,,,,,,,,135.55208,13.400723,1.0000001e-07,135.55208,13.400723,7.0,,,,,,,
135.55208,13.340764,0.0013684367,135.55208,13.340764,0.000713967,,,,,,,,,,,,,,,,,,,,,,,,,,,,,,,,,,,,,,,,,,,,,,,,,,,,,,,,,,,,,135.55208,13.340764,2.7153373,135.55208,13.340764,0.6547882,,,,,,,,,,,,,,,,,135.55208,13.430702,0.029277682,135.55208,13.430702,-0.0107131535,,,,,,,,,,,,,,,,,,,,,,,,,,,,,135.55208,13.430702,1.0000001e-07,135.55208,13.430702,7.0,,,,,,,
135.55208,13.370744,0.0012048193,135.55208,13.370744,0.0007883384,,,,,,,,,,,,,,,,,,,,,,,,,,,,,,,,,,,,,,,,,,,,,,,,,,,,,,,,,,,,,135.55208,13.370744,2.123639,135.55208,13.370744,0.8811466,,,,,,,,,,,,,,,,,135.55208,13.460682,0.02317495,135.55208,13.460682,-0.00015347358,,,,,,,,,,,,,,,,,,,,,,,,,,,,,135.55208,13.460682,1.0000001e-07,135.55208,13.460682,7.0,,,,,,,
135.55208,13.4007225,0.0012643165,135.55208,13.4007225,0.0006395954,,,,,,,,,,,,,,,,,,,,,,,,,,,,,,,,,,,,,,,,,,,,,,,,,,,,,,,,,,,,,135.55208,13.4007225,2.3272753,135.55208,13.4007225,0.27265948,,,,,,,,,,,,,,,,,135.55208,13.490661,0.019274913,135.55208,13.490661,-0.0019988827,,,,,,,,,,,,,,,,,,,,,,,,,,,,,135.55208,13.490661,1.0000001e-07,135.55208,13.490661,7.0,,,,,,,
135.55208,13.430702,0.0013386881,135.55208,13.430702,0.00047597795,,,,,,,,,,,,,,,,,,,,,,,,,,,,,,,,,,,,,,,,,,,,,,,,,,,,,,,,,,,,,135.55208,13.430702,2.614145,135.55208,13.430702,-0.2796222,,,,,,,,,,,,,,,,,135.55208,13.52064,0.014712892,135.55208,13.52064,-0.0047424715,,,,,,,,,,,,,,,,,,,,,,,,,,,,,135.55208,13.52064,1.0000001e-07,135.55208,13.52064,7.0,,,,,,,
135.55208,13.460681,0.001234568,135.55208,13.460681,0.0005800982,,,,,,,,,,,,,,,,,,,,,,,,,,,,,,,,,,,,,,,,,,,,,,,,,,,,,,,,,,,,,135.55208,13.460681,2.2621586,135.55208,13.460681,0.10476781,,,,,,,,,,,,,,,,,135.55208,13.550619,0.016328469,135.55208,13.550619,4.1977917e-05,,,,,,,,,,,,,,,,,,,,,,,,,,,,,135.55208,13.550619,1.0000001e-07,135.55208,13.550619,7.0,,,,,,,
135.55208,13.490661,0.0011899448,135.55208,13.490661,0.0005949724,,,,,,,,,,,,,,,,,,,,,,,,,,,,,,,,,,,,,,,,,,,,,,,,,,,,,,,,,,,,,135.55208,13.490661,2.1019282,135.55208,13.490661,0.18796544,,,,,,,,,,,,,,,,,135.55208,13.580599,0.020289686,135.55208,13.580599,-0.00612669,,,,,,,,,,,,,,,,,,,,,,,,,,,,,135.55208,13.580599,1.0000001e-07,135.55208,13.580599,7.0,,,,,,,
135.55208,13.520639,0.0010560763,135.55208,13.520639,0.0005354752,,,,,,,,,,,,,,,,,,,,,,,,,,,,,,,,,,,,,,,,,,,,,,,,,,,,,,,,,,,,,135.55208,13.520639,1.5888559,135.55208,13.520639,-0.02696539,,,,,,,,,,,,,,,,,135.55208,13.610578,0.022707514,135.55208,13.610578,-0.009003857,,,,,,,,,,,,,,,,,,,,,,,,,,,,,135.55208,13.610578,1.0000001e-07,135.55208,13.610578,7.0,,,,,,,
135.55208,13.550619,0.0010263275,135.55208,13.550619,0.0006395954,,,,,,,,,,,,,,,,,,,,,,,,,,,,,,,,,,,,,,,,,,,,,,,,,,,,,,,,,,,,,135.55208,13.550619,1.5161469,135.55208,13.550619,0.37553772,,,,,,,,,,,,,,,,,135.55208,13.640557,0.017406167,135.55208,13.640557,-0.0069136936,,,,,,,,,,,,,,,,,,,,,,,,,,,,,135.55208,13.640557,1.0000001e-07,135.55208,13.640557,7.0,,,,,,,
135.55208,13.580598,0.001189945,135.55208,13.580598,0.00058009813,,,,,,,,,,,,,,,,,,,,,,,,,,,,,,,,,,,,,,,,,,,,,,,,,,,,,,,,,,,,,135.55208,13.580598,2.1236582,135.55208,13.580598,0.1295306,,,,,,,,,,,,,,,,,135.55208,13.670536,0.017398063,135.55208,13.670536,0.0011958813,,,,,,,,,,,,,,,,,,,,,,,,,,,,,135.55208,13.670536,1.0000001e-07,135.55208,13.670536,7.0,,,,,,,
135.55208,13.610578,0.0011601964,135.55208,13.610578,0.0004759779,,,,,,,,,,,,,,,,,,,,,,,,,,,,,,,,,,,,,,,,,,,,,,,,,,,,,,,,,,,,,135.55208,13.610578,2.0317814,135.55208,13.610578,-0.2965504,,,,,,,,,,,,,,,,,135.55208,13.700516,0.0145117445,135.55208,13.700516,0.0048707183,,,,,,,,,,,,,,,,,,,,,,,,,,,,,135.55208,13.700516,1.0000001e-07,135.55208,13.700516,7.0,,,,,,,
135.55208,13.640556,0.0010263276,135.55208,13.640556,0.0004908523,,,,,,,,,,,,,,,,,,,,,,,,,,,,,,,,,,,,,,,,,,,,,,,,,,,,,,,,,,,,,135.55208,13.640556,1.5401797,135.55208,13.640556,-0.2502329,,,,,,,,,,,,,,,,,135.55208,13.7304945,0.031204956,135.55208,13.7304945,-0.0019464778,,,,,,,,,,,,,,,,,,,,,,,,,,,,,135.55208,13.7304945,1.0000001e-07,135.55208,13.7304945,7.0,,,,,,,
135.55208,13.670536,0.0010858248,135.55208,13.670536,0.0006395954,,,,,,,,,,,,,,,,,,,,,,,,,,,,,,,,,,,,,,,,,,,,,,,,,,,,,,,,,,,,,135.55208,13.670536,1.7119364,135.55208,13.670536,0.30896565,,,,,,,,,,,,,,,,,135.55208,13.760474,0.030069726,135.55208,13.760474,-0.005079611,,,,,,,,,,,,,,,,,,,,,,,,,,,,,135.55208,13.760474,1.0000001e-07,135.55208,13.760474,7.0,,,,,,,
135.55208,13.700516,0.001100699,135.55208,13.700516,0.00080321287,,,,,,,,,,,,,,,,,,,,,,,,,,,,,,,,,,,,,,,,,,,,,,,,,,,,,,,,,,,,,135.55208,13.700516,1.7846419,135.55208,13.700516,1.0702957,,,,,,,,,,,,,,,,,135.55208,13.790453,0.026632622,135.55208,13.790453,0.0065948167,,,,,,,,,,,,,,,,,,,,,,,,,,,,,135.55208,13.790453,1.0000001e-07,135.55208,13.790453,7.0,,,,,,,
135.55208,13.7304945,0.0013535625,135.55208,13.7304945,0.0006098467,,,,,,,,,,,,,,,,,,,,,,,,,,,,,,,,,,,,,,,,,,,,,,,,,,,,,,,,,,,,,135.55208,13.7304945,2.6448286,135.55208,13.7304945,0.31333077,,,,,,,,,,,,,,,,,135.55208,13.820433,0.019559078,135.55208,13.820433,-0.008596479,,,,,,,,,,,,,,,,,,,,,,,,,,,,,135.55208,13.820433,1.0000001e-07,135.55208,13.820433,7.0,,,,,,,
135.55208,13.760474,0.0012940652,135.55208,13.760474,0.0005503495,,,,,,,,,,,,,,,,,,,,,,,,,,,,,,,,,,,,,,,,,,,,,,,,,,,,,,,,,,,,,135.55208,13.760474,2.465693,135.55208,13.760474,-0.044777647,,,,,,,,,,,,,,,,,135.55208,13.850411,0.02362248,135.55208,13.850411,0.011384998,,,,,,,,,,,,,,,,,,,,,,,,,,,,,135.55208,13.850411,1.0000001e-07,135.55208,13.850411,7.0,,,,,,,
135.55208,13.790453,0.0011601964,135.55208,13.790453,0.00080321275,,,,,,,,,,,,,,,,,,,,,,,,,,,,,,,,,,,,,,,,,,,,,,,,,,,,,,,,,,,,,135.55208,13.790453,1.9809042,135.55208,13.790453,0.92974114,,,,,,,,,,,,,,,,,135.55208,13.880391,0.011551104,135.55208,13.880391,0.0077154688,,,,,,,,,,,,,,,,,,,,,,,,,,,,,135.55208,13.880391,1.0000001e-07,135.55208,13.880391,7.0,,,,,,,
135.55208,13.820433,0.0011453221,135.55208,13.820433,0.0004759779,,,,,,,,,,,,,,,,,,,,,,,,,,,,,,,,,,,,,,,,,,,,,,,,,,,,,,,,,,,,,135.55208,13.820433,1.9379232,135.55208,13.820433,-0.26085165,,,,,,,,,,,,,,,,,135.55208,13.91037,0.024170484,135.55208,13.91037,0.0023521858,,,,,,,,,,,,,,,,,,,,,,,,,,,,,135.55208,13.91037,1.0000001e-07,135.55208,13.91037,7.0,,,,,,,
135.55208,13.850411,0.0012196936,135.55208,13.850411,0.00080321287,,,,,,,,,,,,,,,,,,,,,,,,,,,,,,,,,,,,,,,,,,,,,,,,,,,,,,,,,,,,,135.55208,13.850411,2.177661,135.55208,13.850411,1.0659081,,,,,,,,,,,,,,,,,135.55208,13.94035,0.0175927,135.55208,13.94035,-0.0071093757,,,,,,,,,,,,,,,,,,,,,,,,,,,,,135.55208,13.94035,1.0000001e-07,135.55208,13.94035,7.0,,,,,,,
135.55208,13.880391,0.000951956,135.55208,13.880391,0.0007734642,,,,,,,,,,,,,,,,,,,,,,,,,,,,,,,,,,,,,,,,,,,,,,,,,,,,,,,,,,,,,135.55208,13.880391,1.21952,135.55208,13.880391,0.87542564,,,,,,,,,,,,,,,,,135.55208,13.970328,0.03147705,135.55208,13.970328,0.0012782032,,,,,,,,,,,,,,,,,,,,,,,,,,,,,135.55208,13.970328,1.0000001e-07,135.55208,13.970328,7.0,,,,,,,
135.55208,13.91037,0.001189945,135.55208,13.91037,0.0007585899,,,,,,,,,,,,,,,,,,,,,,,,,,,,,,,,,,,,,,,,,,,,,,,,,,,,,,,,,,,,,135.55208,13.91037,2.0993323,135.55208,13.91037,0.72633225,,,,,,,,,,,,,,,,,135.55208,14.000308,0.0149019845,135.55208,14.000308,0.010030452,,,,,,,,,,,,,,,,,,,,,,,,,,,,,135.55208,14.000308,1.0000001e-07,135.55208,14.000308,7.0,,,,,,,
135.55208,13.94035,0.0010858248,135.55208,13.94035,0.0005503495,,,,,,,,,,,,,,,,,,,,,,,,,,,,,,,,,,,,,,,,,,,,,,,,,,,,,,,,,,,,,135.55208,13.94035,1.7141389,135.55208,13.94035,0.00960293,,,,,,,,,,,,,,,,,135.55208,14.030287,0.009521513,135.55208,14.030287,0.0072584855,,,,,,,,,,,,,,,,,,,,,,,,,,,,,135.55208,14.030287,1.0000001e-07,135.55208,14.030287,7.0,,,,,,,
135.55208,13.970328,0.001338688,135.55208,13.970328,0.00065446977,,,,,,,,,,,,,,,,,,,,,,,,,,,,,,,,,,,,,,,,,,,,,,,,,,,,,,,,,,,,,135.55208,13.970328,2.60921,135.55208,13.970328,0.4859782,,,,,,,,,,,,,,,,,135.55208,14.0602665,0.022985483,135.55208,14.0602665,0.0021179898,,,,,,,,,,,,,,,,,,,,,,,,,,,,,135.55208,14.0602665,1.0000001e-07,135.55208,14.0602665,7.0,,,,,,,
135.55208,14.000308,0.0009668303,135.55208,14.000308,0.00086271006,,,,,,,,,,,,,,,,,,,,,,,,,,,,,,,,,,,,,,,,,,,,,,,,,,,,,,,,,,,,,135.55208,14.000308,1.2881657,135.55208,14.000308,1.1417475,,,,,,,,,,,,,,,,,135.55208,14.090245,0.011263194,135.55208,14.090245,0.0035064805,,,,,,,,,,,,,,,,,,,,,,,,,,,,,135.55208,14.090245,1.0000001e-07,135.55208,14.090245,7.0,,,,,,,
135.55208,14.030287,0.00092220743,135.55208,14.030287,0.0008180871,,,,,,,,,,,,,,,,,,,,,,,,,,,,,,,,,,,,,,,,,,,,,,,,,,,,,,,,,,,,,135.55208,14.030287,1.119076,135.55208,14.030287,0.88731205,,,,,,,,,,,,,,,,,135.55208,14.120225,0.026395641,135.55208,14.120225,0.0013052239,,,,,,,,,,,,,,,,,,,,,,,,,,,,,135.55208,14.120225,1.0000001e-07,135.55208,14.120225,7.0,,,,,,,
135.55208,14.0602665,0.001145322,135.55208,14.0602665,0.000713967,,,,,,,,,,,,,,,,,,,,,,,,,,,,,,,,,,,,,,,,,,,,,,,,,,,,,,,,,,,,,135.55208,14.0602665,1.9292818,135.55208,14.0602665,0.65560186,,,,,,,,,,,,,,,,,135.55208,14.150205,0.025347155,135.55208,14.150205,-0.00115928,,,,,,,,,,,,,,,,,,,,,,,,,,,,,135.55208,14.150205,1.0000001e-07,135.55208,14.150205,7.0,,,,,,,
135.55208,14.090245,0.00093708164,135.55208,14.090245,0.0007437156,,,,,,,,,,,,,,,,,,,,,,,,,,,,,,,,,,,,,,,,,,,,,,,,,,,,,,,,,,,,,135.55208,14.090245,1.1945034,135.55208,14.090245,0.65422744,,,,,,,,,,,,,,,,,135.55208,14.180183,0.013765352,135.55208,14.180183,-0.0062940624,,,,,,,,,,,,,,,,,,,,,,,,,,,,,135.55208,14.180183,1.0000001e-07,135.55208,14.180183,7.0,,,,,,,
135.55208,14.120225,0.0012196936,135.55208,14.120225,0.0006544697,,,,,,,,,,,,,,,,,,,,,,,,,,,,,,,,,,,,,,,,,,,,,,,,,,,,,,,,,,,,,135.55208,14.120225,2.2112837,135.55208,14.120225,0.4458702,,,,,,,,,,,,,,,,,135.55208,14.210163,0.018337194,135.55208,14.210163,0.009596446,,,,,,,,,,,,,,,,,,,,,,,,,,,,,135.55208,14.210163,1.0000001e-07,135.55208,14.210163,7.0,,,,,,,
135.55208,14.150204,0.0012048193,135.55208,14.150204,0.0006544697,,,,,,,,,,,,,,,,,,,,,,,,,,,,,,,,,,,,,,,,,,,,,,,,,,,,,,,,,,,,,135.55208,14.150204,2.1385508,135.55208,14.150204,0.42372718,,,,,,,,,,,,,,,,,135.55208,14.240142,0.012040987,135.55208,14.240142,-0.0014412816,,,,,,,,,,,,,,,,,,,,,,,,,,,,,135.55208,14.240142,1.0000001e-07,135.55208,14.240142,7.0,,,,,,,
135.55208,14.180183,0.0009817047,135.55208,14.180183,0.0005652238,,,,,,,,,,,,,,,,,,,,,,,,,,,,,,,,,,,,,,,,,,,,,,,,,,,,,,,,,,,,,135.55208,14.180183,1.3671595,135.55208,14.180183,0.071683,,,,,,,,,,,,,,,,,135.55208,14.270122,0.009594626,135.55208,14.270122,0.001047083,,,,,,,,,,,,,,,,,,,,,,,,,,,,,135.55208,14.270122,1.0000001e-07,135.55208,14.270122,7.0,,,,,,,
135.55208,14.210162,0.0011155735,135.55208,14.210162,0.00080321287,,,,,,,,,,,,,,,,,,,,,,,,,,,,,,,,,,,,,,,,,,,,,,,,,,,,,,,,,,,,,135.55208,14.210162,1.7959101,135.55208,14.210162,0.8982028,,,,,,,,,,,,,,,,,135.55208,14.3001,0.012928735,135.55208,14.3001,-0.0008979606,,,,,,,,,,,,,,,,,,,,,,,,,,,,,135.55208,14.3001,1.0000001e-07,135.55208,14.3001,7.0,,,,,,,
135.55208,14.240142,0.0008924587,135.55208,14.240142,0.0006247211,,,,,,,,,,,,,,,,,,,,,,,,,,,,,,,,,,,,,,,,,,,,,,,,,,,,,,,,,,,,,135.55208,14.240142,1.0513043,135.55208,14.240142,0.3041035,,,,,,,,,,,,,,,,,135.55208,14.33008,0.024075009,135.55208,14.33008,-0.010970131,,,,,,,,,,,,,,,,,,,,,,,,,,,,,135.55208,14.33008,1.0000001e-07,135.55208,14.33008,7.0,,,,,,,
135.55208,14.270121,0.000951956,135.55208,14.270121,0.00066934404,,,,,,,,,,,,,,,,,,,,,,,,,,,,,,,,,,,,,,,,,,,,,,,,,,,,,,,,,,,,,135.55208,14.270121,1.2558022,135.55208,14.270121,0.42818743,,,,,,,,,,,,,,,,,135.55208,14.360059,0.023974968,135.55208,14.360059,0.009983791,,,,,,,,,,,,,,,,,,,,,,,,,,,,,135.55208,14.360059,1.0000001e-07,135.55208,14.360059,7.0,,,,,,,
135.55208,14.3001,0.0010263275,135.55208,14.3001,0.0006395953,,,,,,,,,,,,,,,,,,,,,,,,,,,,,,,,,,,,,,,,,,,,,,,,,,,,,,,,,,,,,135.55208,14.3001,1.5142745,135.55208,14.3001,0.40947077,,,,,,,,,,,,,,,,,135.55208,14.3900385,0.020340132,135.55208,14.3900385,0.006213734,,,,,,,,,,,,,,,,,,,,,,,,,,,,,135.55208,14.3900385,1.0000001e-07,135.55208,14.3900385,7.0,,,,,,,
135.55208,14.330079,0.0010858248,135.55208,14.330079,0.00040160643,,,,,,,,,,,,,,,,,,,,,,,,,,,,,,,,,,,,,,,,,,,,,,,,,,,,,,,,,,,,,135.55208,14.330079,1.75204,135.55208,14.330079,-0.49755478,,,,,,,,,,,,,,,,,135.55208,14.420017,0.021858415,135.55208,14.420017,0.0041984553,,,,,,,,,,,,,,,,,,,,,,,,,,,,,135.55208,14.420017,1.0000001e-07,135.55208,14.420017,7.0,,,,,,,
135.55208,14.360059,0.0011453221,135.55208,14.360059,0.0007883385,,,,,,,,,,,,,,,,,,,,,,,,,,,,,,,,,,,,,,,,,,,,,,,,,,,,,,,,,,,,,135.55208,14.360059,1.9076551,135.55208,14.360059,0.92775196,,,,,,,,,,,,,,,,,135.55208,14.449997,0.009962476,135.55208,14.449997,0.005483665,,,,,,,,,,,,,,,,,,,,,,,,,,,,,135.55208,14.449997,1.0000001e-07,135.55208,14.449997,7.0,,,,,,,
135.55208,14.390038,0.0010858248,135.55208,14.390038,0.00074371556,,,,,,,,,,,,,,,,,,,,,,,,,,,,,,,,,,,,,,,,,,,,,,,,,,,,,,,,,,,,,135.55208,14.390038,1.7069316,135.55208,14.390038,0.7584282,,,,,,,,,,,,,,,,,135.55208,14.479976,0.025515564,135.55208,14.479976,-0.006742835,,,,,,,,,,,,,,,,,,,,,,,,,,,,,135.55208,14.479976,1.0000001e-07,135.55208,14.479976,7.0,,,,,,,
135.55208,14.420017,0.0011601964,135.55208,14.420017,0.00068421825,,,,,,,,,,,,,,,,,,,,,,,,,,,,,,,,,,,,,,,,,,,,,,,,,,,,,,,,,,,,,135.55208,14.420017,1.9991989,135.55208,14.420017,0.53924805,,,,,,,,,,,,,,,,,135.55208,14.509955,0.017709093,135.55208,14.509955,-0.004270328,,,,,,,,,,,,,,,,,,,,,,,,,,,,,135.55208,14.509955,1.0000001e-07,135.55208,14.509955,7.0,,,,,,,
135.55208,14.449996,0.00090733304,135.55208,14.449996,0.0007288412,,,,,,,,,,,,,,,,,,,,,,,,,,,,,,,,,,,,,,,,,,,,,,,,,,,,,,,,,,,,,135.55208,14.449996,1.11564,135.55208,14.449996,0.7109827,,,,,,,,,,,,,,,,,135.55208,14.539934,0.02485711,135.55208,14.539934,0.019512739,,,,,,,,,,,,,,,,,,,,,,,,,,,,,135.55208,14.539934,1.0000001e-07,135.55208,14.539934,7.0,,,,,,,
135.55208,14.479976,0.0011750706,135.55208,14.479976,0.00047597795,,,,,,,,,,,,,,,,,,,,,,,,,,,,,,,,,,,,,,,,,,,,,,,,,,,,,,,,,,,,,135.55208,14.479976,2.0286996,135.55208,14.479976,-0.25914207,,,,,,,,,,,,,,,,,135.55208,14.569914,0.015466935,135.55208,14.569914,-0.0025017203,,,,,,,,,,,,,,,,,,,,,,,,,,,,,135.55208,14.569914,1.0000001e-07,135.55208,14.569914,7.0,,,,,,,
135.55208,14.509955,0.0009519559,135.55208,14.509955,0.00053547526,,,,,,,,,,,,,,,,,,,,,,,,,,,,,,,,,,,,,,,,,,,,,,,,,,,,,,,,,,,,,135.55208,14.509955,1.2380418,135.55208,14.509955,-0.01826819,,,,,,,,,,,,,,,,,135.55208,14.599893,0.020749003,135.55208,14.599893,0.004351975,,,,,,,,,,,,,,,,,,,,,,,,,,,,,135.55208,14.599893,1.0000001e-07,135.55208,14.599893,7.0,,,,,,,
135.55208,14.539934,0.0011750706,135.55208,14.539934,0.0010263275,,,,,,,,,,,,,,,,,,,,,,,,,,,,,,,,,,,,,,,,,,,,,,,,,,,,,,,,,,,,,135.55208,14.539934,2.0087352,135.55208,14.539934,1.7770039,,,,,,,,,,,,,,,,,135.55208,14.629872,0.013712203,135.55208,14.629872,-0.004282748,,,,,,,,,,,,,,,,,,,,,,,,,,,,,135.55208,14.629872,1.0000001e-07,135.55208,14.629872,7.0,,,,,,,
135.55208,14.569914,0.0010114531,135.55208,14.569914,0.00056522375,,,,,,,,,,,,,,,,,,,,,,,,,,,,,,,,,,,,,,,,,,,,,,,,,,,,,,,,,,,,,135.55208,14.569914,1.4387366,135.55208,14.569914,0.0029406333,,,,,,,,,,,,,,,,,135.55208,14.659851,0.03529361,135.55208,14.659851,-0.000250297,,,,,,,,,,,,,,,,,,,,,,,,,,,,,135.55208,14.659851,1.0000001e-07,135.55208,14.659851,7.0,,,,,,,
135.55208,14.599893,0.0011006991,135.55208,14.599893,0.00065446977,,,,,,,,,,,,,,,,,,,,,,,,,,,,,,,,,,,,,,,,,,,,,,,,,,,,,,,,,,,,,135.55208,14.599893,1.7321845,135.55208,14.599893,0.43072346,,,,,,,,,,,,,,,,,135.55208,14.689831,0.017292015,135.55208,14.689831,-0.0005036583,,,,,,,,,,,,,,,,,,,,,,,,,,,,,135.55208,14.689831,1.0000001e-07,135.55208,14.689831,7.0,,,,,,,
135.55208,14.629872,0.0009519559,135.55208,14.629872,0.00056522386,,,,,,,,,,,,,,,,,,,,,,,,,,,,,,,,,,,,,,,,,,,,,,,,,,,,,,,,,,,,,135.55208,14.629872,1.2484679,135.55208,14.629872,0.037196398,,,,,,,,,,,,,,,,,135.55208,14.71981,0.022790497,135.55208,14.71981,0.00064835395,,,,,,,,,,,,,,,,,,,,,,,,,,,,,135.55208,14.71981,1.0000001e-07,135.55208,14.71981,7.0,,,,,,,
135.55208,14.659851,0.0013238138,135.55208,14.659851,0.00065446965,,,,,,,,,,,,,,,,,,,,,,,,,,,,,,,,,,,,,,,,,,,,,,,,,,,,,,,,,,,,,135.55208,14.659851,2.5688365,135.55208,14.659851,0.37855986,,,,,,,,,,,,,,,,,135.55208,14.749789,0.01875517,135.55208,14.749789,0.00823388,,,,,,,,,,,,,,,,,,,,,,,,,,,,,135.55208,14.749789,1.0000001e-07,135.55208,14.749789,7.0,,,,,,,
135.55208,14.689831,0.0009668302,135.55208,14.689831,0.0006395954,,,,,,,,,,,,,,,,,,,,,,,,,,,,,,,,,,,,,,,,,,,,,,,,,,,,,,,,,,,,,135.55208,14.689831,1.2906182,135.55208,14.689831,0.3141302,,,,,,,,,,,,,,,,,135.55208,14.779768,0.018753253,135.55208,14.779768,0.013761772,,,,,,,,,,,,,,,,,,,,,,,,,,,,,135.55208,14.779768,1.0000001e-07,135.55208,14.779768,7.0,,,,,,,
135.55208,14.71981,0.0011155733,135.55208,14.71981,0.0007139669,,,,,,,,,,,,,,,,,,,,,,,,,,,,,,,,,,,,,,,,,,,,,,,,,,,,,,,,,,,,,135.55208,14.71981,1.8061271,135.55208,14.71981,0.6267364,,,,,,,,,,,,,,,,,135.55208,14.809748,0.016736286,135.55208,14.809748,0.010177252,,,,,,,,,,,,,,,,,,,,,,,,,,,,,135.55208,14.809748,1.0000001e-07,135.55208,14.809748,7.0,,,,,,,
135.55208,14.749789,0.0010114531,135.55208,14.749789,0.0007585899,,,,,,,,,,,,,,,,,,,,,,,,,,,,,,,,,,,,,,,,,,,,,,,,,,,,,,,,,,,,,135.55208,14.749789,1.446191,135.55208,14.749789,0.77038705,,,,,,,,,,,,,,,,,135.55208,14.839726,0.0012239784,135.55208,14.839726,-0.0021415977,,,,,,,,,,,,,,,,,,,,,,,,,,,,,135.55208,14.839726,1.0000001e-07,135.55208,14.839726,7.0,,,,,,,
135.55208,14.779768,0.0010263275,135.55208,14.779768,0.00086271,,,,,,,,,,,,,,,,,,,,,,,,,,,,,,,,,,,,,,,,,,,,,,,,,,,,,,,,,,,,,135.55208,14.779768,1.4856266,135.55208,14.779768,1.1621978,,,,,,,,,,,,,,,,,135.55208,14.869706,0.014360736,135.55208,14.869706,0.0061153173,,,,,,,,,,,,,,,,,,,,,,,,,,,,,135.55208,14.869706,1.0000001e-07,135.55208,14.869706,7.0,,,,,,,
135.55208,14.809748,0.000996579,135.55208,14.809748,0.00084783573,,,,,,,,,,,,,,,,,,,,,,,,,,,,,,,,,,,,,,,,,,,,,,,,,,,,,,,,,,,,,135.55208,14.809748,1.4220058,135.55208,14.809748,1.0124795,,,,,,,,,,,,,,,,,135.55208,14.899685,0.018372117,135.55208,14.899685,0.00050804927,,,,,,,,,,,,,,,,,,,,,,,,,,,,,135.55208,14.899685,1.0000001e-07,135.55208,14.899685,7.0,,,,,,,
135.55208,14.839726,0.0007437155,135.55208,14.839726,0.00056522386,,,,,,,,,,,,,,,,,,,,,,,,,,,,,,,,,,,,,,,,,,,,,,,,,,,,,,,,,,,,,135.55208,14.839726,0.4928243,135.55208,14.839726,0.10322148,,,,,,,,,,,,,,,,,135.55208,14.929665,0.019883625,135.55208,14.929665,0.00016568167,,,,,,,,,,,,,,,,,,,,,,,,,,,,,135.55208,14.929665,1.0000001e-07,135.55208,14.929665,7.0,,,,,,,
135.55208,14.869706,0.00093708164,135.55208,14.869706,0.0007139669,,,,,,,,,,,,,,,,,,,,,,,,,,,,,,,,,,,,,,,,,,,,,,,,,,,,,,,,,,,,,135.55208,14.869706,1.1789924,135.55208,14.869706,0.6286033,,,,,,,,,,,,,,,,,135.55208,14.959643,0.021605521,135.55208,14.959643,-0.0071846866,,,,,,,,,,,,,,,,,,,,,,,,,,,,,135.55208,14.959643,1.0000001e-07,135.55208,14.959643,7.0,,,,,,,
135.55208,14.899685,0.0010263276,135.55208,14.899685,0.0006395954,,,,,,,,,,,,,,,,,,,,,,,,,,,,,,,,,,,,,,,,,,,,,,,,,,,,,,,,,,,,,135.55208,14.899685,1.5315739,135.55208,14.899685,0.33682466,,,,,,,,,,,,,,,,,135.55208,14.989623,0.017049571,135.55208,14.989623,-0.005008488,,,,,,,,,,,,,,,,,,,,,,,,,,,,,135.55208,14.989623,1.0000001e-07,135.55208,14.989623,7.0,,,,,,,
135.55208,14.929665,0.0010560763,135.55208,14.929665,0.0006395954,,,,,,,,,,,,,,,,,,,,,,,,,,,,,,,,,,,,,,,,,,,,,,,,,,,,,,,,,,,,,135.55208,14.929665,1.6447018,135.55208,14.929665,0.2799951,,,,,,,,,,,,,,,,,135.55208,15.019603,0.034498766,135.55208,15.019603,0.01252575,,,,,,,,,,,,,,,,,,,,,,,,,,,,,135.55208,15.019603,1.0000001e-07,135.55208,15.019603,7.0,,,,,,,
135.55208,14.959643,0.0010709505,135.55208,14.959643,0.0005354752,,,,,,,,,,,,,,,,,,,,,,,,,,,,,,,,,,,,,,,,,,,,,,,,,,,,,,,,,,,,,135.55208,14.959643,1.6621933,135.55208,14.959643,-0.057075102,,,,,,,,,,,,,,,,,135.55208,15.049582,0.02411037,135.55208,15.049582,-0.0011939437,,,,,,,,,,,,,,,,,,,,,,,,,,,,,135.55208,15.049582,1.0000001e-07,135.55208,15.049582,7.0,,,,,,,
135.55208,14.989623,0.0009519559,135.55208,14.989623,0.0005949724,,,,,,,,,,,,,,,,,,,,,,,,,,,,,,,,,,,,,,,,,,,,,,,,,,,,,,,,,,,,,135.55208,14.989623,1.2240068,135.55208,14.989623,0.14615491,,,,,,,,,,,,,,,,,135.55208,15.079561,0.010018464,135.55208,15.079561,0.0025716089,,,,,,,,,,,,,,,,,,,,,,,,,,,,,135.55208,15.079561,1.0000001e-07,135.55208,15.079561,7.0,,,,,,,
135.55208,15.019602,0.0012196936,135.55208,15.019602,0.00083296146,,,,,,,,,,,,,,,,,,,,,,,,,,,,,,,,,,,,,,,,,,,,,,,,,,,,,,,,,,,,,135.55208,15.019602,2.180668,135.55208,15.019602,1.106571,,,,,,,,,,,,,,,,,135.55208,15.10954,0.014169607,135.55208,15.10954,0.003957064,,,,,,,,,,,,,,,,,,,,,,,,,,,,,135.55208,15.10954,1.0000001e-07,135.55208,15.10954,7.0,,,,,,,
135.55208,15.049582,0.0010858248,135.55208,15.049582,0.00065446977,,,,,,,,,,,,,,,,,,,,,,,,,,,,,,,,,,,,,,,,,,,,,,,,,,,,,,,,,,,,,135.55208,15.049582,1.7006553,135.55208,15.049582,0.4875991,,,,,,,,,,,,,,,,,135.55208,15.13952,0.020799924,135.55208,15.13952,-0.00399543,,,,,,,,,,,,,,,,,,,,,,,,,,,,,135.55208,15.13952,1.0000001e-07,135.55208,15.13952,7.0,,,,,,,
135.55208,15.07956,0.00084783573,135.55208,15.07956,0.000669344,,,,,,,,,,,,,,,,,,,,,,,,,,,,,,,,,,,,,,,,,,,,,,,,,,,,,,,,,,,,,135.55208,15.07956,0.8498806,135.55208,15.07956,0.49643046,,,,,,,,,,,,,,,,,135.55208,15.169498,0.025001897,135.55208,15.169498,-0.0040341765,,,,,,,,,,,,,,,,,,,,,,,,,,,,,135.55208,15.169498,1.0000001e-07,135.55208,15.169498,7.0,,,,,,,
135.55208,15.10954,0.0010114531,135.55208,15.10954,0.0006544697,,,,,,,,,,,,,,,,,,,,,,,,,,,,,,,,,,,,,,,,,,,,,,,,,,,,,,,,,,,,,135.55208,15.10954,1.4401633,135.55208,15.10954,0.5095921,,,,,,,,,,,,,,,,,135.55208,15.199478,0.014401157,135.55208,15.199478,0.015500347,,,,,,,,,,,,,,,,,,,,,,,,,,,,,135.55208,15.199478,1.0000001e-07,135.55208,15.199478,7.0,,,,,,,
135.55208,15.139519,0.0010560761,135.55208,15.139519,0.0005652238,,,,,,,,,,,,,,,,,,,,,,,,,,,,,,,,,,,,,,,,,,,,,,,,,,,,,,,,,,,,,135.55208,15.139519,1.6018481,135.55208,15.139519,0.046930153,,,,,,,,,,,,,,,,,135.55208,15.229457,0.016798167,135.55208,15.229457,0.0023398465,,,,,,,,,,,,,,,,,,,,,,,,,,,,,135.55208,15.229457,1.0000001e-07,135.55208,15.229457,7.0,,,,,,,
135.55208,15.169498,0.0011006991,135.55208,15.169498,0.0006098467,,,,,,,,,,,,,,,,,,,,,,,,,,,,,,,,,,,,,,,,,,,,,,,,,,,,,,,,,,,,,135.55208,15.169498,1.756395,135.55208,15.169498,0.15091732,,,,,,,,,,,,,,,,,135.55208,15.259437,0.012918554,135.55208,15.259437,0.004666961,,,,,,,,,,,,,,,,,,,,,,,,,,,,,135.55208,15.259437,1.0000001e-07,135.55208,15.259437,7.0,,,,,,,
135.55208,15.199477,0.00087758445,135.55208,15.199477,0.00086271,,,,,,,,,,,,,,,,,,,,,,,,,,,,,,,,,,,,,,,,,,,,,,,,,,,,,,,,,,,,,135.55208,15.199477,0.9712794,135.55208,15.199477,1.1287665,,,,,,,,,,,,,,,,,135.55208,15.289415,0.034619283,135.55208,15.289415,0.0050993133,,,,,,,,,,,,,,,,,,,,,,,,,,,,,135.55208,15.289415,1.0000001e-07,135.55208,15.289415,7.0,,,,,,,
135.55208,15.229457,0.0009668303,135.55208,15.229457,0.00059497246,,,,,,,,,,,,,,,,,,,,,,,,,,,,,,,,,,,,,,,,,,,,,,,,,,,,,,,,,,,,,135.55208,15.229457,1.289527,135.55208,15.229457,0.22675,,,,,,,,,,,,,,,,,135.55208,15.319395,0.018733647,135.55208,15.319395,0.012600933,,,,,,,,,,,,,,,,,,,,,,,,,,,,,135.55208,15.319395,1.0000001e-07,135.55208,15.319395,7.0,,,,,,,
135.55208,15.259436,0.0009668302,135.55208,15.259436,0.0006693439,,,,,,,,,,,,,,,,,,,,,,,,,,,,,,,,,,,,,,,,,,,,,,,,,,,,,,,,,,,,,135.55208,15.259436,1.3287772,135.55208,15.259436,0.42964655,,,,,,,,,,,,,,,,,135.55208,15.349374,0.018705374,135.55208,15.349374,-0.0018408158,,,,,,,,,,,,,,,,,,,,,,,,,,,,,135.55208,15.349374,1.0000001e-07,135.55208,15.349374,7.0,,,,,,,
135.55208,15.289415,0.0012494423,135.55208,15.289415,0.0006395953,,,,,,,,,,,,,,,,,,,,,,,,,,,,,,,,,,,,,,,,,,,,,,,,,,,,,,,,,,,,,135.55208,15.289415,2.3283517,135.55208,15.289415,0.37483332,,,,,,,,,,,,,,,,,135.55208,15.379354,0.011615311,135.55208,15.379354,0.007371432,,,,,,,,,,,,,,,,,,,,,,,,,,,,,135.55208,15.379354,1.0000001e-07,135.55208,15.379354,7.0,,,,,,,
135.55208,15.319394,0.0010412018,135.55208,15.319394,0.00080321287,,,,,,,,,,,,,,,,,,,,,,,,,,,,,,,,,,,,,,,,,,,,,,,,,,,,,,,,,,,,,135.55208,15.319394,1.5438766,135.55208,15.319394,0.9519795,,,,,,,,,,,,,,,,,135.55208,15.409332,0.012982736,135.55208,15.409332,-0.0022627173,,,,,,,,,,,,,,,,,,,,,,,,,,,,,135.55208,15.409332,1.0000001e-07,135.55208,15.409332,7.0,,,,,,,
135.55208,15.349374,0.000996579,135.55208,15.349374,0.0005503495,,,,,,,,,,,,,,,,,,,,,,,,,,,,,,,,,,,,,,,,,,,,,,,,,,,,,,,,,,,,,135.55208,15.349374,1.4166903,135.55208,15.349374,0.06404929,,,,,,,,,,,,,,,,,135.55208,15.439312,0.011327993,135.55208,15.439312,-0.0078086425,,,,,,,,,,,,,,,,,,,,,,,,,,,,,135.55208,15.439312,1.0000001e-07,135.55208,15.439312,7.0,,,,,,,
135.55208,15.379354,0.0008924587,135.55208,15.379354,0.0007585899,,,,,,,,,,,,,,,,,,,,,,,,,,,,,,,,,,,,,,,,,,,,,,,,,,,,,,,,,,,,,135.55208,15.379354,1.0122043,135.55208,15.379354,0.77160484,,,,,,,,,,,,,,,,,135.55208,15.469291,0.01141861,135.55208,15.469291,5.715625e-05,,,,,,,,,,,,,,,,,,,,,,,,,,,,,135.55208,15.469291,1.0000001e-07,135.55208,15.469291,7.0,,,,,,,
135.55208,15.409332,0.00093708164,135.55208,15.409332,0.0006395953,,,,,,,,,,,,,,,,,,,,,,,,,,,,,,,,,,,,,,,,,,,,,,,,,,,,,,,,,,,,,135.55208,15.409332,1.2074187,135.55208,15.409332,0.37110582,,,,,,,,,,,,,,,,,135.55208,15.49927,0.021170877,135.55208,15.49927,-0.0028657655,,,,,,,,,,,,,,,,,,,,,,,,,,,,,135.55208,15.49927,1.0000001e-07,135.55208,15.49927,7.0,,,,,,,
135.55208,15.439312,0.00083296146,135.55208,15.439312,0.00052060094,,,,,,,,,,,,,,,,,,,,,,,,,,,,,,,,,,,,,,,,,,,,,,,,,,,,,,,,,,,,,135.55208,15.439312,0.7937464,135.55208,15.439312,-0.064777866,,,,,,,,,,,,,,,,,135.55208,15.529249,0.009101757,135.55208,15.529249,-0.0032271992,,,,,,,,,,,,,,,,,,,,,,,,,,,,,135.55208,15.529249,1.0000001e-07,135.55208,15.529249,7.0,,,,,,,
135.55208,15.469291,0.00090733304,135.55208,15.469291,0.0006395954,,,,,,,,,,,,,,,,,,,,,,,,,,,,,,,,,,,,,,,,,,,,,,,,,,,,,,,,,,,,,135.55208,15.469291,1.0918267,135.55208,15.469291,0.34497207,,,,,,,,,,,,,,,,,135.55208,15.559229,0.006673529,135.55208,15.559229,0.0042226496,,,,,,,,,,,,,,,,,,,,,,,,,,,,,135.55208,15.559229,1.0000001e-07,135.55208,15.559229,7.0,,,,,,,
135.55208,15.49927,0.000996579,135.55208,15.49927,0.0005503495,,,,,,,,,,,,,,,,,,,,,,,,,,,,,,,,,,,,,,,,,,,,,,,,,,,,,,,,,,,,,135.55208,15.49927,1.38804,135.55208,15.49927,-0.038584966,,,,,,,,,,,,,,,,,135.55208,15.589208,0.009549277,135.55208,15.589208,0.0003061997,,,,,,,,,,,,,,,,,,,,,,,,,,,,,135.55208,15.589208,1.0000001e-07,135.55208,15.589208,7.0,,,,,,,
135.55208,15.529249,0.00083296135,135.55208,15.529249,0.00050572655,,,,,,,,,,,,,,,,,,,,,,,,,,,,,,,,,,,,,,,,,,,,,,,,,,,,,,,,,,,,,135.55208,15.529249,0.8301278,135.55208,15.529249,-0.21614924,,,,,,,,,,,,,,,,,135.55208,15.619187,0.0059506274,135.55208,15.619187,0.0062465984,,,,,,,,,,,,,,,,,,,,,,,,,,,,,135.55208,15.619187,1.0000001e-07,135.55208,15.619187,7.0,,,,,,,
135.55208,15.559229,0.0007883385,135.55208,15.559229,0.00077346415,,,,,,,,,,,,,,,,,,,,,,,,,,,,,,,,,,,,,,,,,,,,,,,,,,,,,,,,,,,,,135.55208,15.559229,0.6602357,135.55208,15.559229,0.90598804,,,,,,,,,,,,,,,,,135.55208,15.649166,0.004505826,135.55208,15.649166,-0.0016483408,,,,,,,,,,,,,,,,,,,,,,,,,,,,,135.55208,15.649166,1.0000001e-07,135.55208,15.649166,7.0,,,,,,,
135.55208,15.589208,0.00083296146,135.55208,15.589208,0.0006395953,,,,,,,,,,,,,,,,,,,,,,,,,,,,,,,,,,,,,,,,,,,,,,,,,,,,,,,,,,,,,135.55208,15.589208,0.77927184,135.55208,15.589208,0.41510248,,,,,,,,,,,,,,,,,135.55208,15.679146,0.011117542,135.55208,15.679146,-0.0048125423,,,,,,,,,,,,,,,,,,,,,,,,,,,,,135.55208,15.679146,1.0000001e-07,135.55208,15.679146,7.0,,,,,,,
135.55208,15.619187,0.00083296146,135.55208,15.619187,0.000713967,,,,,,,,,,,,,,,,,,,,,,,,,,,,,,,,,,,,,,,,,,,,,,,,,,,,,,,,,,,,,135.55208,15.619187,0.7858562,135.55208,15.619187,0.59409076,,,,,,,,,,,,,,,,,135.55208,15.709125,0.028116664,135.55208,15.709125,0.009721343,,,,,,,,,,,,,,,,,,,,,,,,,,,,,135.55208,15.709125,1.0000001e-07,135.55208,15.709125,7.0,,,,,,,
135.55208,15.649166,0.0007437156,135.55208,15.649166,0.0006098467,,,,,,,,,,,,,,,,,,,,,,,,,,,,,,,,,,,,,,,,,,,,,,,,,,,,,,,,,,,,,135.55208,15.649166,0.4785195,135.55208,15.649166,0.3752002,,,,,,,,,,,,,,,,,135.55208,15.739104,0.001872386,135.55208,15.739104,-0.0034986713,,,,,,,,,,,,,,,,,,,,,,,,,,,,,135.55208,15.739104,1.0000001e-07,135.55208,15.739104,7.0,,,,,,,
135.55208,15.679146,0.00086271006,135.55208,15.679146,0.00060984667,,,,,,,,,,,,,,,,,,,,,,,,,,,,,,,,,,,,,,,,,,,,,,,,,,,,,,,,,,,,,135.55208,15.679146,0.8776778,135.55208,15.679146,0.21189658,,,,,,,,,,,,,,,,,135.55208,15.769083,0.023554465,135.55208,15.769083,-0.0029638587,,,,,,,,,,,,,,,,,,,,,,,,,,,,,135.55208,15.769083,1.0000001e-07,135.55208,15.769083,7.0,,,,,,,
135.55208,15.709125,0.0011155733,135.55208,15.709125,0.0007585899,,,,,,,,,,,,,,,,,,,,,,,,,,,,,,,,,,,,,,,,,,,,,,,,,,,,,,,,,,,,,135.55208,15.709125,1.8292707,135.55208,15.709125,0.829262,,,,,,,,,,,,,,,,,135.55208,15.799063,0.01820648,135.55208,15.799063,0.0032219305,,,,,,,,,,,,,,,,,,,,,,,,,,,,,135.55208,15.799063,1.0000001e-07,135.55208,15.799063,7.0,,,,,,,
135.55208,15.739104,0.00068421825,135.55208,15.739104,0.0005354752,,,,,,,,,,,,,,,,,,,,,,,,,,,,,,,,,,,,,,,,,,,,,,,,,,,,,,,,,,,,,135.55208,15.739104,0.33824486,135.55208,15.739104,0.022438433,,,,,,,,,,,,,,,,,135.55208,15.829042,0.033450212,135.55208,15.829042,-0.00063512946,,,,,,,,,,,,,,,,,,,,,,,,,,,,,135.55208,15.829042,1.0000001e-07,135.55208,15.829042,7.0,,,,,,,
135.55208,15.769083,0.0010412018,135.55208,15.769083,0.0005503495,,,,,,,,,,,,,,,,,,,,,,,,,,,,,,,,,,,,,,,,,,,,,,,,,,,,,,,,,,,,,135.55208,15.769083,1.5781406,135.55208,15.769083,0.041045435,,,,,,,,,,,,,,,,,135.55208,15.859021,0.013422041,135.55208,15.859021,0.009411495,,,,,,,,,,,,,,,,,,,,,,,,,,,,,135.55208,15.859021,1.0000001e-07,135.55208,15.859021,7.0,,,,,,,
135.55208,15.799063,0.0009668302,135.55208,15.799063,0.0007288412,,,,,,,,,,,,,,,,,,,,,,,,,,,,,,,,,,,,,,,,,,,,,,,,,,,,,,,,,,,,,135.55208,15.799063,1.3459697,135.55208,15.799063,0.7342518,,,,,,,,,,,,,,,,,135.55208,15.889001,0.021779472,135.55208,15.889001,-0.00069729163,,,,,,,,,,,,,,,,,,,,,,,,,,,,,135.55208,15.889001,1.0000001e-07,135.55208,15.889001,7.0,,,,,,,
135.55208,15.8290415,0.0011750706,135.55208,15.8290415,0.0005652238,,,,,,,,,,,,,,,,,,,,,,,,,,,,,,,,,,,,,,,,,,,,,,,,,,,,,,,,,,,,,135.55208,15.8290415,2.0615923,135.55208,15.8290415,0.09407859,,,,,,,,,,,,,,,,,135.55208,15.91898,0.0032902823,135.55208,15.91898,0.008048836,,,,,,,,,,,,,,,,,,,,,,,,,,,,,135.55208,15.91898,1.0000001e-07,135.55208,15.91898,7.0,,,,,,,
135.55208,15.859021,0.0009073329,135.55208,15.859021,0.000713967,,,,,,,,,,,,,,,,,,,,,,,,,,,,,,,,,,,,,,,,,,,,,,,,,,,,,,,,,,,,,135.55208,15.859021,1.095269,135.55208,15.859021,0.65853286,,,,,,,,,,,,,,,,,135.55208,15.948959,0.022879906,135.55208,15.948959,-0.005589427,,,,,,,,,,,,,,,,,,,,,,,,,,,,,135.55208,15.948959,1.0000001e-07,135.55208,15.948959,7.0,,,,,,,
135.55208,15.889,0.0010709505,135.55208,15.889,0.0005949724,,,,,,,,,,,,,,,,,,,,,,,,,,,,,,,,,,,,,,,,,,,,,,,,,,,,,,,,,,,,,135.55208,15.889,1.6753955,135.55208,15.889,0.25737014,,,,,,,,,,,,,,,,,135.55208,15.978938,0.021093875,135.55208,15.978938,0.002493372,,,,,,,,,,,,,,,,,,,,,,,,,,,,,135.55208,15.978938,1.0000001e-07,135.55208,15.978938,7.0,,,,,,,
135.55208,15.91898,0.00071396696,135.55208,15.91898,0.0007139669,,,,,,,,,,,,,,,,,,,,,,,,,,,,,,,,,,,,,,,,,,,,,,,,,,,,,,,,,,,,,135.55208,15.91898,0.37153423,135.55208,15.91898,0.57954097,,,,,,,,,,,,,,,,,135.55208,16.008917,0.01885945,135.55208,16.008917,-0.0036789593,,,,,,,,,,,,,,,,,,,,,,,,,,,,,135.55208,16.008917,1.0000001e-07,135.55208,16.008917,7.0,,,,,,,
135.55208,15.948958,0.0010263275,135.55208,15.948958,0.0005206008,,,,,,,,,,,,,,,,,,,,,,,,,,,,,,,,,,,,,,,,,,,,,,,,,,,,,,,,,,,,,135.55208,15.948958,1.483914,135.55208,15.948958,-0.0831017,,,,,,,,,,,,,,,,,135.55208,16.038897,0.010484014,135.55208,16.038897,0.008967468,,,,,,,,,,,,,,,,,,,,,,,,,,,,,135.55208,16.038897,1.0000001e-07,135.55208,16.038897,7.0,,,,,,,
135.55208,15.978938,0.0010114531,135.55208,15.978938,0.000669344,,,,,,,,,,,,,,,,,,,,,,,,,,,,,,,,,,,,,,,,,,,,,,,,,,,,,,,,,,,,,135.55208,15.978938,1.4286866,135.55208,15.978938,0.4904694,,,,,,,,,,,,,,,,,135.55208,16.068876,0.022961382,135.55208,16.068876,-0.002004496,,,,,,,,,,,,,,,,,,,,,,,,,,,,,135.55208,16.068876,1.0000001e-07,135.55208,16.068876,7.0,,,,,,,
135.55208,16.008917,0.0009817046,135.55208,16.008917,0.00056522375,,,,,,,,,,,,,,,,,,,,,,,,,,,,,,,,,,,,,,,,,,,,,,,,,,,,,,,,,,,,,135.55208,16.008917,1.3409287,135.55208,16.008917,0.017306698,,,,,,,,,,,,,,,,,135.55208,16.098856,0.010037422,135.55208,16.098856,-0.007618008,,,,,,,,,,,,,,,,,,,,,,,,,,,,,135.55208,16.098856,1.0000001e-07,135.55208,16.098856,7.0,,,,,,,
135.55208,16.038897,0.00087758433,135.55208,16.038897,0.0007139669,,,,,,,,,,,,,,,,,,,,,,,,,,,,,,,,,,,,,,,,,,,,,,,,,,,,,,,,,,,,,135.55208,16.038897,0.96799344,135.55208,16.038897,0.615429,,,,,,,,,,,,,,,,,135.55208,16.128834,0.0096857045,135.55208,16.128834,0.00736632,,,,,,,,,,,,,,,,,,,,,,,,,,,,,135.55208,16.128834,1.0000001e-07,135.55208,16.128834,7.0,,,,,,,
135.55208,16.068876,0.0010263275,135.55208,16.068876,0.0006098468,,,,,,,,,,,,,,,,,,,,,,,,,,,,,,,,,,,,,,,,,,,,,,,,,,,,,,,,,,,,,135.55208,16.068876,1.5073528,135.55208,16.068876,0.25803703,,,,,,,,,,,,,,,,,135.55208,16.158813,0.0233533,135.55208,16.158813,0.0069048833,,,,,,,,,,,,,,,,,,,,,,,,,,,,,135.55208,16.158813,1.0000001e-07,135.55208,16.158813,7.0,,,,,,,
135.55208,16.098854,0.0007734641,135.55208,16.098854,0.0005503495,,,,,,,,,,,,,,,,,,,,,,,,,,,,,,,,,,,,,,,,,,,,,,,,,,,,,,,,,,,,,135.55208,16.098854,0.5890978,135.55208,16.098854,-0.020337977,,,,,,,,,,,,,,,,,135.55208,16.188793,0.010028397,135.55208,16.188793,-0.00433788,,,,,,,,,,,,,,,,,,,,,,,,,,,,,135.55208,16.188793,1.0000001e-07,135.55208,16.188793,7.0,,,,,,,
135.55208,16.128834,0.00083296146,135.55208,16.128834,0.00072884123,,,,,,,,,,,,,,,,,,,,,,,,,,,,,,,,,,,,,,,,,,,,,,,,,,,,,,,,,,,,,135.55208,16.128834,0.80148625,135.55208,16.128834,0.63204026,,,,,,,,,,,,,,,,,135.55208,16.218773,0.009561226,135.55208,16.218773,-0.0043770503,,,,,,,,,,,,,,,,,,,,,,,,,,,,,135.55208,16.218773,1.0000001e-07,135.55208,16.218773,7.0,,,,,,,
135.55208,16.158813,0.0010263275,135.55208,16.158813,0.00063959544,,,,,,,,,,,,,,,,,,,,,,,,,,,,,,,,,,,,,,,,,,,,,,,,,,,,,,,,,,,,,135.55208,16.158813,1.5462358,135.55208,16.158813,0.30305675,,,,,,,,,,,,,,,,,135.55208,16.24875,0.022565378,135.55208,16.24875,-0.0084683215,,,,,,,,,,,,,,,,,,,,,,,,,,,,,135.55208,16.24875,1.0000001e-07,135.55208,16.24875,7.0,,,,,,,
135.55208,16.188793,0.00083296146,135.55208,16.188793,0.0005503495,,,,,,,,,,,,,,,,,,,,,,,,,,,,,,,,,,,,,,,,,,,,,,,,,,,,,,,,,,,,,135.55208,16.188793,0.7957542,135.55208,16.188793,-0.029640457,,,,,,,,,,,,,,,,,135.55208,16.27873,0.011786119,135.55208,16.27873,0.002896933,,,,,,,,,,,,,,,,,,,,,,,,,,,,,135.55208,16.27873,1.0000001e-07,135.55208,16.27873,7.0,,,,,,,
135.55208,16.218773,0.00084783573,135.55208,16.218773,0.0005949724,,,,,,,,,,,,,,,,,,,,,,,,,,,,,,,,,,,,,,,,,,,,,,,,,,,,,,,,,,,,,135.55208,16.218773,0.8719953,135.55208,16.218773,0.15747589,,,,,,,,,,,,,,,,,135.55208,16.30871,0.025954077,135.55208,16.30871,-0.01255421,,,,,,,,,,,,,,,,,,,,,,,,,,,,,135.55208,16.30871,1.0000001e-07,135.55208,16.30871,7.0,,,,,,,
135.55208,16.24875,0.0010412019,135.55208,16.24875,0.00043135503,,,,,,,,,,,,,,,,,,,,,,,,,,,,,,,,,,,,,,,,,,,,,,,,,,,,,,,,,,,,,135.55208,16.24875,1.5561384,135.55208,16.24875,-0.44103038,,,,,,,,,,,,,,,,,135.55208,16.33869,0.02397447,135.55208,16.33869,0.011765273,,,,,,,,,,,,,,,,,,,,,,,,,,,,,135.55208,16.33869,1.0000001e-07,135.55208,16.33869,7.0,,,,,,,
135.55208,16.27873,0.0008924587,135.55208,16.27873,0.0006842183,,,,,,,,,,,,,,,,,,,,,,,,,,,,,,,,,,,,,,,,,,,,,,,,,,,,,,,,,,,,,135.55208,16.27873,1.0203502,135.55208,16.27873,0.6095895,,,,,,,,,,,,,,,,,135.55208,16.368668,0.023613561,135.55208,16.368668,-0.0061862846,,,,,,,,,,,,,,,,,,,,,,,,,,,,,135.55208,16.368668,1.0000001e-07,135.55208,16.368668,7.0,,,,,,,
135.55208,16.30871,0.0010709505,135.55208,16.30871,0.00046110366,,,,,,,,,,,,,,,,,,,,,,,,,,,,,,,,,,,,,,,,,,,,,,,,,,,,,,,,,,,,,135.55208,16.30871,1.6569811,135.55208,16.30871,-0.3003299,,,,,,,,,,,,,,,,,135.55208,16.398647,0.016914334,135.55208,16.398647,-0.008686249,,,,,,,,,,,,,,,,,,,,,,,,,,,,,135.55208,16.398647,1.0000001e-07,135.55208,16.398647,7.0,,,,,,,
135.55208,16.33869,0.0010114531,135.55208,16.33869,0.0008180872,,,,,,,,,,,,,,,,,,,,,,,,,,,,,,,,,,,,,,,,,,,,,,,,,,,,,,,,,,,,,135.55208,16.33869,1.4391052,135.55208,16.33869,1.0219594,,,,,,,,,,,,,,,,,135.55208,16.428627,0.022536486,135.55208,16.428627,0.0050327466,,,,,,,,,,,,,,,,,,,,,,,,,,,,,135.55208,16.428627,1.0000001e-07,135.55208,16.428627,7.0,,,,,,,
135.55208,16.368668,0.000996579,135.55208,16.368668,0.0005652238,,,,,,,,,,,,,,,,,,,,,,,,,,,,,,,,,,,,,,,,,,,,,,,,,,,,,,,,,,,,,135.55208,16.368668,1.4061737,135.55208,16.368668,0.047911637,,,,,,,,,,,,,,,,,135.55208,16.458607,0.003832868,135.55208,16.458607,0.0067963726,,,,,,,,,,,,,,,,,,,,,,,,,,,,,135.55208,16.458607,1.0000001e-07,135.55208,16.458607,7.0,,,,,,,
135.55208,16.398647,0.0009370816,135.55208,16.398647,0.0004611036,,,,,,,,,,,,,,,,,,,,,,,,,,,,,,,,,,,,,,,,,,,,,,,,,,,,,,,,,,,,,135.55208,16.398647,1.1819593,135.55208,16.398647,-0.30483758,,,,,,,,,,,,,,,,,135.55208,16.488585,0.0101089645,135.55208,16.488585,0.004368285,,,,,,,,,,,,,,,,,,,,,,,,,,,,,135.55208,16.488585,1.0000001e-07,135.55208,16.488585,7.0,,,,,,,
135.55208,16.428627,0.000996579,135.55208,16.428627,0.0006842183,,,,,,,,,,,,,,,,,,,,,,,,,,,,,,,,,,,,,,,,,,,,,,,,,,,,,,,,,,,,,135.55208,16.428627,1.3842795,135.55208,16.428627,0.5003131,,,,,,,,,,,,,,,,,135.55208,16.518564,0.022389026,135.55208,16.518564,-0.005893966,,,,,,,,,,,,,,,,,,,,,,,,,,,,,135.55208,16.518564,1.0000001e-07,135.55208,16.518564,7.0,,,,,,,
135.55208,16.458607,0.0007288413,135.55208,16.458607,0.0007139669,,,,,,,,,,,,,,,,,,,,,,,,,,,,,,,,,,,,,,,,,,,,,,,,,,,,,,,,,,,,,135.55208,16.458607,0.42369044,135.55208,16.458607,0.57166755,,,,,,,,,,,,,,,,,135.55208,16.548544,0.029314352,135.55208,16.548544,0.001368322,,,,,,,,,,,,,,,,,,,,,,,,,,,,,135.55208,16.548544,1.0000001e-07,135.55208,16.548544,7.0,,,,,,,
135.55208,16.488585,0.0007734642,135.55208,16.488585,0.00068421825,,,,,,,,,,,,,,,,,,,,,,,,,,,,,,,,,,,,,,,,,,,,,,,,,,,,,,,,,,,,,135.55208,16.488585,0.6170356,135.55208,16.488585,0.48976627,,,,,,,,,,,,,,,,,135.55208,16.578524,0.011185771,135.55208,16.578524,0.0068583544,,,,,,,,,,,,,,,,,,,,,,,,,,,,,135.55208,16.578524,1.0000001e-07,135.55208,16.578524,7.0,,,,,,,
135.55208,16.518564,0.000951956,135.55208,16.518564,0.00050572655,,,,,,,,,,,,,,,,,,,,,,,,,,,,,,,,,,,,,,,,,,,,,,,,,,,,,,,,,,,,,135.55208,16.518564,1.2387719,135.55208,16.518564,-0.13019393,,,,,,,,,,,,,,,,,135.55208,16.608501,0.0065076444,135.55208,16.608501,0.0013000811,,,,,,,,,,,,,,,,,,,,,,,,,,,,,135.55208,16.608501,1.0000001e-07,135.55208,16.608501,7.0,,,,,,,
135.55208,16.548544,0.0010412018,135.55208,16.548544,0.0006544697,,,,,,,,,,,,,,,,,,,,,,,,,,,,,,,,,,,,,,,,,,,,,,,,,,,,,,,,,,,,,135.55208,16.548544,1.5329125,135.55208,16.548544,0.3692891,,,,,,,,,,,,,,,,,135.55208,16.638481,0.012664974,135.55208,16.638481,0.004450904,,,,,,,,,,,,,,,,,,,,,,,,,,,,,135.55208,16.638481,1.0000001e-07,135.55208,16.638481,7.0,,,,,,,
135.55208,16.578524,0.0008180871,135.55208,16.578524,0.0006990926,,,,,,,,,,,,,,,,,,,,,,,,,,,,,,,,,,,,,,,,,,,,,,,,,,,,,,,,,,,,,135.55208,16.578524,0.7556365,135.55208,16.578524,0.564036,,,,,,,,,,,,,,,,,135.55208,16.66846,0.022484966,135.55208,16.66846,0.001191643,,,,,,,,,,,,,,,,,,,,,,,,,,,,,135.55208,16.66846,1.0000001e-07,135.55208,16.66846,7.0,,,,,,,
135.55208,16.608501,0.00080321287,135.55208,16.608501,0.00062472105,,,,,,,,,,,,,,,,,,,,,,,,,,,,,,,,,,,,,,,,,,,,,,,,,,,,,,,,,,,,,135.55208,16.608501,0.6926009,135.55208,16.608501,0.30459827,,,,,,,,,,,,,,,,,135.55208,16.69844,0.014124106,135.55208,16.69844,-0.0010951292,,,,,,,,,,,,,,,,,,,,,,,,,,,,,135.55208,16.69844,1.0000001e-07,135.55208,16.69844,7.0,,,,,,,
135.55208,16.638481,0.00086271006,135.55208,16.638481,0.00068421825,,,,,,,,,,,,,,,,,,,,,,,,,,,,,,,,,,,,,,,,,,,,,,,,,,,,,,,,,,,,,135.55208,16.638481,0.9294603,135.55208,16.638481,0.5547965,,,,,,,,,,,,,,,,,135.55208,16.72842,0.017766587,135.55208,16.72842,0.0060815285,,,,,,,,,,,,,,,,,,,,,,,,,,,,,135.55208,16.72842,1.0000001e-07,135.55208,16.72842,7.0,,,,,,,
135.55208,16.66846,0.000996579,135.55208,16.66846,0.00058009813,,,,,,,,,,,,,,,,,,,,,,,,,,,,,,,,,,,,,,,,,,,,,,,,,,,,,,,,,,,,,135.55208,16.66846,1.3836688,135.55208,16.66846,0.1178205,,,,,,,,,,,,,,,,,135.55208,16.758398,0.02061381,135.55208,16.758398,-0.0045432113,,,,,,,,,,,,,,,,,,,,,,,,,,,,,135.55208,16.758398,1.0000001e-07,135.55208,16.758398,7.0,,,,,,,
135.55208,16.69844,0.0008924587,135.55208,16.69844,0.00058009813,,,,,,,,,,,,,,,,,,,,,,,,,,,,,,,,,,,,,,,,,,,,,,,,,,,,,,,,,,,,,135.55208,16.69844,1.0395675,135.55208,16.69844,0.19231471,,,,,,,,,,,,,,,,,135.55208,16.788378,0.01568546,135.55208,16.788378,-0.010778237,,,,,,,,,,,,,,,,,,,,,,,,,,,,,135.55208,16.788378,1.0000001e-07,135.55208,16.788378,7.0,,,,,,,
135.55208,16.728418,0.0008924586,135.55208,16.728418,0.00068421825,,,,,,,,,,,,,,,,,,,,,,,,,,,,,,,,,,,,,,,,,,,,,,,,,,,,,,,,,,,,,135.55208,16.728418,1.0451001,135.55208,16.728418,0.55775195,,,,,,,,,,,,,,,,,135.55208,16.818357,0.019613078,135.55208,16.818357,0.011908383,,,,,,,,,,,,,,,,,,,,,,,,,,,,,135.55208,16.818357,1.0000001e-07,135.55208,16.818357,7.0,,,,,,,
135.55208,16.758398,0.0009073329,135.55208,16.758398,0.0005354752,,,,,,,,,,,,,,,,,,,,,,,,,,,,,,,,,,,,,,,,,,,,,,,,,,,,,,,,,,,,,135.55208,16.758398,1.0700729,135.55208,16.758398,-0.05515653,,,,,,,,,,,,,,,,,135.55208,16.848337,0.031038063,135.55208,16.848337,0.004750207,,,,,,,,,,,,,,,,,,,,,,,,,,,,,135.55208,16.848337,1.0000001e-07,135.55208,16.848337,7.0,,,,,,,
135.55208,16.788378,0.00087758445,135.55208,16.788378,0.00043135503,,,,,,,,,,,,,,,,,,,,,,,,,,,,,,,,,,,,,,,,,,,,,,,,,,,,,,,,,,,,,135.55208,16.788378,0.9495998,135.55208,16.788378,-0.4777409,,,,,,,,,,,,,,,,,135.55208,16.878315,0.021341737,135.55208,16.878315,-0.005299443,,,,,,,,,,,,,,,,,,,,,,,,,,,,,135.55208,16.878315,1.0000001e-07,135.55208,16.878315,7.0,,,,,,,
135.55208,16.818357,0.0009668303,135.55208,16.818357,0.0007734641,,,,,,,,,,,,,,,,,,,,,,,,,,,,,,,,,,,,,,,,,,,,,,,,,,,,,,,,,,,,,135.55208,16.818357,1.2958654,135.55208,16.818357,0.7877891,,,,,,,,,,,,,,,,,135.55208,16.908295,0.022051416,135.55208,16.908295,0.009605517,,,,,,,,,,,,,,,,,,,,,,,,,,,,,135.55208,16.908295,1.0000001e-07,135.55208,16.908295,7.0,,,,,,,
135.55208,16.848335,0.0010114532,135.55208,16.848335,0.00069909263,,,,,,,,,,,,,,,,,,,,,,,,,,,,,,,,,,,,,,,,,,,,,,,,,,,,,,,,,,,,,135.55208,16.848335,1.4759738,135.55208,16.848335,0.6159428,,,,,,,,,,,,,,,,,135.55208,16.938274,-0.0020834971,135.55208,16.938274,0.0033510355,,,,,,,,,,,,,,,,,,,,,,,,,,,,,135.55208,16.938274,1.0000001e-07,135.55208,16.938274,7.0,,,,,,,
135.55208,16.878315,0.0010114532,135.55208,16.878315,0.00055034953,,,,,,,,,,,,,,,,,,,,,,,,,,,,,,,,,,,,,,,,,,,,,,,,,,,,,,,,,,,,,135.55208,16.878315,1.4342968,135.55208,16.878315,0.06464912,,,,,,,,,,,,,,,,,135.55208,16.968254,0.023742724,135.55208,16.968254,6.658315e-05,,,,,,,,,,,,,,,,,,,,,,,,,,,,,135.55208,16.968254,1.0000001e-07,135.55208,16.968254,7.0,,,,,,,
135.55208,16.908295,0.0009222073,135.55208,16.908295,0.0007437156,,,,,,,,,,,,,,,,,,,,,,,,,,,,,,,,,,,,,,,,,,,,,,,,,,,,,,,,,,,,,135.55208,16.908295,1.1611383,135.55208,16.908295,0.65965986,,,,,,,,,,,,,,,,,135.55208,16.998232,0.023871409,135.55208,16.998232,0.0001762706,,,,,,,,,,,,,,,,,,,,,,,,,,,,,135.55208,16.998232,1.0000001e-07,135.55208,16.998232,7.0,,,,,,,
135.55208,16.938274,0.0006395953,135.55208,16.938274,0.00065446965,,,,,,,,,,,,,,,,,,,,,,,,,,,,,,,,,,,,,,,,,,,,,,,,,,,,,,,,,,,,,135.55208,16.938274,0.124163255,135.55208,16.938274,0.3753208,,,,,,,,,,,,,,,,,135.55208,17.028212,0.013588127,135.55208,17.028212,0.008022573,,,,,,,,,,,,,,,,,,,,,,,,,,,,,135.55208,17.028212,1.0000001e-07,135.55208,17.028212,7.0,,,,,,,
135.55208,16.968252,0.000996579,135.55208,16.968252,0.0006395954,,,,,,,,,,,,,,,,,,,,,,,,,,,,,,,,,,,,,,,,,,,,,,,,,,,,,,,,,,,,,135.55208,16.968252,1.3862149,135.55208,16.968252,0.34402773,,,,,,,,,,,,,,,,,135.55208,17.058191,0.00918915,135.55208,17.058191,-0.0023400167,,,,,,,,,,,,,,,,,,,,,,,,,,,,,135.55208,17.058191,1.0000001e-07,135.55208,17.058191,7.0,,,,,,,
135.55208,16.998232,0.0010114532,135.55208,16.998232,0.00062472105,,,,,,,,,,,,,,,,,,,,,,,,,,,,,,,,,,,,,,,,,,,,,,,,,,,,,,,,,,,,,135.55208,16.998232,1.4652133,135.55208,16.998232,0.37033954,,,,,,,,,,,,,,,,,135.55208,17.088171,0.003938371,135.55208,17.088171,0.0041183326,,,,,,,,,,,,,,,,,,,,,,,,,,,,,135.55208,17.088171,1.0000001e-07,135.55208,17.088171,7.0,,,,,,,
135.55208,17.028212,0.0008180871,135.55208,17.028212,0.0007139669,,,,,,,,,,,,,,,,,,,,,,,,,,,,,,,,,,,,,,,,,,,,,,,,,,,,,,,,,,,,,135.55208,17.028212,0.75766975,135.55208,17.028212,0.6810452,,,,,,,,,,,,,,,,,135.55208,17.118149,0.015664207,135.55208,17.118149,0.0018920228,,,,,,,,,,,,,,,,,,,,,,,,,,,,,135.55208,17.118149,1.0000001e-07,135.55208,17.118149,7.0,,,,,,,
135.55208,17.058191,0.00083296146,135.55208,17.058191,0.0005800982,,,,,,,,,,,,,,,,,,,,,,,,,,,,,,,,,,,,,,,,,,,,,,,,,,,,,,,,,,,,,135.55208,17.058191,0.81886816,135.55208,17.058191,0.050510354,,,,,,,,,,,,,,,,,135.55208,17.148129,0.014483737,135.55208,17.148129,0.002332791,,,,,,,,,,,,,,,,,,,,,,,,,,,,,135.55208,17.148129,1.0000001e-07,135.55208,17.148129,7.0,,,,,,,
135.55208,17.088171,0.0007139669,135.55208,17.088171,0.0006395954,,,,,,,,,,,,,,,,,,,,,,,,,,,,,,,,,,,,,,,,,,,,,,,,,,,,,,,,,,,,,135.55208,17.088171,0.364716,135.55208,17.088171,0.33177534,,,,,,,,,,,,,,,,,135.55208,17.178108,0.016767219,135.55208,17.178108,-0.010095473,,,,,,,,,,,,,,,,,,,,,,,,,,,,,135.55208,17.178108,1.0000001e-07,135.55208,17.178108,7.0,,,,,,,
135.55208,17.118149,0.00086271006,135.55208,17.118149,0.0006990926,,,,,,,,,,,,,,,,,,,,,,,,,,,,,,,,,,,,,,,,,,,,,,,,,,,,,,,,,,,,,135.55208,17.118149,0.94097257,135.55208,17.118149,0.6142638,,,,,,,,,,,,,,,,,135.55208,17.208088,0.006775098,135.55208,17.208088,-0.005701544,,,,,,,,,,,,,,,,,,,,,,,,,,,,,135.55208,17.208088,1.0000001e-07,135.55208,17.208088,7.0,,,,,,,
135.55208,17.148129,0.00090733304,135.55208,17.148129,0.00063959544,,,,,,,,,,,,,,,,,,,,,,,,,,,,,,,,,,,,,,,,,,,,,,,,,,,,,,,,,,,,,135.55208,17.148129,1.0971435,135.55208,17.148129,0.26317573,,,,,,,,,,,,,,,,,135.55208,17.238066,0.0069688144,135.55208,17.238066,2.554072e-05,,,,,,,,,,,,,,,,,,,,,,,,,,,,,135.55208,17.238066,1.0000001e-07,135.55208,17.238066,7.0,,,,,,,
135.55208,17.178108,0.0008924586,135.55208,17.178108,0.00047597795,,,,,,,,,,,,,,,,,,,,,,,,,,,,,,,,,,,,,,,,,,,,,,,,,,,,,,,,,,,,,135.55208,17.178108,1.0228333,135.55208,17.178108,-0.26465285,,,,,,,,,,,,,,,,,135.55208,17.268045,0.01294417,135.55208,17.268045,0.0044843345,,,,,,,,,,,,,,,,,,,,,,,,,,,,,135.55208,17.268045,1.0000001e-07,135.55208,17.268045,7.0,,,,,,,
135.55208,17.208088,0.0007288413,135.55208,17.208088,0.0005354752,,,,,,,,,,,,,,,,,,,,,,,,,,,,,,,,,,,,,,,,,,,,,,,,,,,,,,,,,,,,,135.55208,17.208088,0.4408959,135.55208,17.208088,0.017785825,,,,,,,,,,,,,,,,,135.55208,17.298025,0.013732174,135.55208,17.298025,0.0033403104,,,,,,,,,,,,,,,,,,,,,,,,,,,,,135.55208,17.298025,1.0000001e-07,135.55208,17.298025,7.0,,,,,,,
135.55208,17.238066,0.0007883385,135.55208,17.238066,0.0006247211,,,,,,,,,,,,,,,,,,,,,,,,,,,,,,,,,,,,,,,,,,,,,,,,,,,,,,,,,,,,,135.55208,17.238066,0.6672876,135.55208,17.238066,0.25673664,,,,,,,,,,,,,,,,,135.55208,17.328005,0.006058423,135.55208,17.328005,0.0041227266,,,,,,,,,,,,,,,,,,,,,,,,,,,,,135.55208,17.328005,1.0000001e-07,135.55208,17.328005,7.0,,,,,,,
135.55208,17.268045,0.00083296146,135.55208,17.268045,0.00068421825,,,,,,,,,,,,,,,,,,,,,,,,,,,,,,,,,,,,,,,,,,,,,,,,,,,,,,,,,,,,,135.55208,17.268045,0.7802446,135.55208,17.268045,0.45851305,,,,,,,,,,,,,,,,,135.55208,17.357983,0.008952855,135.55208,17.357983,0.009812783,,,,,,,,,,,,,,,,,,,,,,,,,,,,,135.55208,17.357983,1.0000001e-07,135.55208,17.357983,7.0,,,,,,,
135.55208,17.298025,0.00087758445,135.55208,17.298025,0.0006544697,,,,,,,,,,,,,,,,,,,,,,,,,,,,,,,,,,,,,,,,,,,,,,,,,,,,,,,,,,,,,135.55208,17.298025,0.9682425,135.55208,17.298025,0.42444843,,,,,,,,,,,,,,,,,135.55208,17.387962,0.035997555,135.55208,17.387962,0.016502148,,,,,,,,,,,,,,,,,,,,,,,,,,,,,135.55208,17.387962,1.0000001e-07,135.55208,17.387962,7.0,,,,,,,
135.55208,17.328005,0.000713967,135.55208,17.328005,0.00065446965,,,,,,,,,,,,,,,,,,,,,,,,,,,,,,,,,,,,,,,,,,,,,,,,,,,,,,,,,,,,,135.55208,17.328005,0.37599346,135.55208,17.328005,0.35008484,,,,,,,,,,,,,,,,,135.55208,17.417942,0.02106364,135.55208,17.417942,-0.0023709817,,,,,,,,,,,,,,,,,,,,,,,,,,,,,135.55208,17.417942,1.0000001e-07,135.55208,17.417942,7.0,,,,,,,
135.55208,17.357983,0.00074371556,135.55208,17.357983,0.0007437155,,,,,,,,,,,,,,,,,,,,,,,,,,,,,,,,,,,,,,,,,,,,,,,,,,,,,,,,,,,,,135.55208,17.357983,0.48179013,135.55208,17.357983,0.7418249,,,,,,,,,,,,,,,,,135.55208,17.447922,0.011007234,135.55208,17.447922,-0.010062245,,,,,,,,,,,,,,,,,,,,,,,,,,,,,135.55208,17.447922,1.0000001e-07,135.55208,17.447922,7.0,,,,,,,
135.55208,17.387962,0.0011155733,135.55208,17.387962,0.00078833854,,,,,,,,,,,,,,,,,,,,,,,,,,,,,,,,,,,,,,,,,,,,,,,,,,,,,,,,,,,,,135.55208,17.387962,1.8381315,135.55208,17.387962,0.90601474,,,,,,,,,,,,,,,,,135.55208,17.477901,0.019623969,135.55208,17.477901,0.0069928244,,,,,,,,,,,,,,,,,,,,,,,,,,,,,135.55208,17.477901,1.0000001e-07,135.55208,17.477901,7.0,,,,,,,
135.55208,17.417942,0.0009222073,135.55208,17.417942,0.0005503495,,,,,,,,,,,,,,,,,,,,,,,,,,,,,,,,,,,,,,,,,,,,,,,,,,,,,,,,,,,,,135.55208,17.417942,1.1544844,135.55208,17.417942,-0.0055263424,,,,,,,,,,,,,,,,,135.55208,17.50788,0.019938022,135.55208,17.50788,-0.0011187249,,,,,,,,,,,,,,,,,,,,,,,,,,,,,135.55208,17.50788,1.0000001e-07,135.55208,17.50788,7.0,,,,,,,
135.55208,17.447922,0.00077346415,135.55208,17.447922,0.0004908523,,,,,,,,,,,,,,,,,,,,,,,,,,,,,,,,,,,,,,,,,,,,,,,,,,,,,,,,,,,,,135.55208,17.447922,0.62037617,135.55208,17.447922,-0.2635994,,,,,,,,,,,,,,,,,135.55208,17.537859,-0.0006340612,135.55208,17.537859,-0.0068892706,,,,,,,,,,,,,,,,,,,,,,,,,,,,,135.55208,17.537859,1.0000001e-07,135.55208,17.537859,7.0,,,,,,,
135.55208,17.4779,0.00086270995,135.55208,17.4779,0.0006990927,,,,,,,,,,,,,,,,,,,,,,,,,,,,,,,,,,,,,,,,,,,,,,,,,,,,,,,,,,,,,135.55208,17.4779,0.9137806,135.55208,17.4779,0.54007345,,,,,,,,,,,,,,,,,135.55208,17.567839,0.015458491,135.55208,17.567839,0.0020008914,,,,,,,,,,,,,,,,,,,,,,,,,,,,,135.55208,17.567839,1.0000001e-07,135.55208,17.567839,7.0,,,,,,,
135.55208,17.50788,0.0008924587,135.55208,17.50788,0.0006098467,,,,,,,,,,,,,,,,,,,,,,,,,,,,,,,,,,,,,,,,,,,,,,,,,,,,,,,,,,,,,135.55208,17.50788,1.008056,135.55208,17.50788,0.16230384,,,,,,,,,,,,,,,,,135.55208,17.597818,0.007811146,135.55208,17.597818,-0.008324134,,,,,,,,,,,,,,,,,,,,,,,,,,,,,135.55208,17.597818,1.0000001e-07,135.55208,17.597818,7.0,,,,,,,
135.55208,17.537859,0.00069909263,135.55208,17.537859,0.00047597795,,,,,,,,,,,,,,,,,,,,,,,,,,,,,,,,,,,,,,,,,,,,,,,,,,,,,,,,,,,,,135.55208,17.537859,0.35247707,135.55208,17.537859,-0.2958665,,,,,,,,,,,,,,,,,135.55208,17.627796,0.002143573,135.55208,17.627796,-0.0049117645,,,,,,,,,,,,,,,,,,,,,,,,,,,,,135.55208,17.627796,1.0000001e-07,135.55208,17.627796,7.0,,,,,,,
135.55208,17.567839,0.0008329615,135.55208,17.567839,0.0005949724,,,,,,,,,,,,,,,,,,,,,,,,,,,,,,,,,,,,,,,,,,,,,,,,,,,,,,,,,,,,,135.55208,17.567839,0.82923603,135.55208,17.567839,0.18831481,,,,,,,,,,,,,,,,,135.55208,17.657776,0.019495182,135.55208,17.657776,0.013839137,,,,,,,,,,,,,,,,,,,,,,,,,,,,,135.55208,17.657776,1.0000001e-07,135.55208,17.657776,7.0,,,,,,,
135.55208,17.597816,0.0007585899,135.55208,17.597816,0.0004908522,,,,,,,,,,,,,,,,,,,,,,,,,,,,,,,,,,,,,,,,,,,,,,,,,,,,,,,,,,,,,135.55208,17.597816,0.54403377,135.55208,17.597816,-0.19963312,,,,,,,,,,,,,,,,,135.55208,17.687756,0.018929338,135.55208,17.687756,0.0071457783,,,,,,,,,,,,,,,,,,,,,,,,,,,,,135.55208,17.687756,1.0000001e-07,135.55208,17.687756,7.0,,,,,,,
135.55208,17.627796,0.00066934404,135.55208,17.627796,0.0005206009,,,,,,,,,,,,,,,,,,,,,,,,,,,,,,,,,,,,,,,,,,,,,,,,,,,,,,,,,,,,,135.55208,17.627796,0.25517118,135.55208,17.627796,-0.111283265,,,,,,,,,,,,,,,,,135.55208,17.717735,0.017128363,135.55208,17.717735,-0.0018061021,,,,,,,,,,,,,,,,,,,,,,,,,,,,,135.55208,17.717735,1.0000001e-07,135.55208,17.717735,7.0,,,,,,,
135.55208,17.657776,0.0009519559,135.55208,17.657776,0.0007437155,,,,,,,,,,,,,,,,,,,,,,,,,,,,,,,,,,,,,,,,,,,,,,,,,,,,,,,,,,,,,135.55208,17.657776,1.2232597,135.55208,17.657776,0.6780567,,,,,,,,,,,,,,,,,135.55208,17.747713,0.030202577,135.55208,17.747713,0.0069155362,,,,,,,,,,,,,,,,,,,,,,,,,,,,,135.55208,17.747713,1.0000001e-07,135.55208,17.747713,7.0,,,,,,,
135.55208,17.687756,0.00084783573,135.55208,17.687756,0.0006395954,,,,,,,,,,,,,,,,,,,,,,,,,,,,,,,,,,,,,,,,,,,,,,,,,,,,,,,,,,,,,135.55208,17.687756,0.8831055,135.55208,17.687756,0.32644892,,,,,,,,,,,,,,,,,135.55208,17.777693,0.022963634,135.55208,17.777693,0.008725533,,,,,,,,,,,,,,,,,,,,,,,,,,,,,135.55208,17.777693,1.0000001e-07,135.55208,17.777693,7.0,,,,,,,
135.55208,17.717733,0.0008180871,135.55208,17.717733,0.00055034953,,,,,,,,,,,,,,,,,,,,,,,,,,,,,,,,,,,,,,,,,,,,,,,,,,,,,,,,,,,,,135.55208,17.717733,0.7769067,135.55208,17.717733,0.05119817,,,,,,,,,,,,,,,,,135.55208,17.807673,0.019781174,135.55208,17.807673,0.013051359,,,,,,,,,,,,,,,,,,,,,,,,,,,,,135.55208,17.807673,1.0000001e-07,135.55208,17.807673,7.0,,,,,,,
135.55208,17.747713,0.0010560761,135.55208,17.747713,0.00065446977,,,,,,,,,,,,,,,,,,,,,,,,,,,,,,,,,,,,,,,,,,,,,,,,,,,,,,,,,,,,,135.55208,17.747713,1.6081322,135.55208,17.747713,0.40327722,,,,,,,,,,,,,,,,,135.55208,17.837652,0.013395113,135.55208,17.837652,0.0179899,,,,,,,,,,,,,,,,,,,,,,,,,,,,,135.55208,17.837652,1.0000001e-07,135.55208,17.837652,7.0,,,,,,,
135.55208,17.777693,0.00093708164,135.55208,17.777693,0.0006544697,,,,,,,,,,,,,,,,,,,,,,,,,,,,,,,,,,,,,,,,,,,,,,,,,,,,,,,,,,,,,135.55208,17.777693,1.1464167,135.55208,17.777693,0.4160694,,,,,,,,,,,,,,,,,135.55208,17.86763,0.02600242,135.55208,17.86763,-0.0114613315,,,,,,,,,,,,,,,,,,,,,,,,,,,,,135.55208,17.86763,1.0000001e-07,135.55208,17.86763,7.0,,,,,,,
135.55208,17.807673,0.0009370816,135.55208,17.807673,0.00072884123,,,,,,,,,,,,,,,,,,,,,,,,,,,,,,,,,,,,,,,,,,,,,,,,,,,,,,,,,,,,,135.55208,17.807673,1.1856743,135.55208,17.807673,0.6775398,,,,,,,,,,,,,,,,,135.55208,17.89761,0.015193512,135.55208,17.89761,-0.002455875,,,,,,,,,,,,,,,,,,,,,,,,,,,,,135.55208,17.89761,1.0000001e-07,135.55208,17.89761,7.0,,,,,,,
135.55208,17.83765,0.00080321287,135.55208,17.83765,0.00083296135,,,,,,,,,,,,,,,,,,,,,,,,,,,,,,,,,,,,,,,,,,,,,,,,,,,,,,,,,,,,,135.55208,17.83765,0.6895437,135.55208,17.83765,0.9840388,,,,,,,,,,,,,,,,,135.55208,17.92759,0.025332399,135.55208,17.92759,0.0078560235,,,,,,,,,,,,,,,,,,,,,,,,,,,,,135.55208,17.92759,1.0000001e-07,135.55208,17.92759,7.0,,,,,,,
135.55208,17.86763,0.000996579,135.55208,17.86763,0.00046110366,,,,,,,,,,,,,,,,,,,,,,,,,,,,,,,,,,,,,,,,,,,,,,,,,,,,,,,,,,,,,135.55208,17.86763,1.3938063,135.55208,17.86763,-0.33490223,,,,,,,,,,,,,,,,,135.55208,17.95757,0.010168415,135.55208,17.95757,0.009039472,,,,,,,,,,,,,,,,,,,,,,,,,,,,,135.55208,17.95757,1.0000001e-07,135.55208,17.95757,7.0,,,,,,,
135.55208,17.89761,0.00087758445,135.55208,17.89761,0.0005652238,,,,,,,,,,,,,,,,,,,,,,,,,,,,,,,,,,,,,,,,,,,,,,,,,,,,,,,,,,,,,135.55208,17.89761,0.96734595,135.55208,17.89761,0.13448519,,,,,,,,,,,,,,,,,135.55208,17.987547,-0.00013954555,135.55208,17.987547,-0.010046418,,,,,,,,,,,,,,,,,,,,,,,,,,,,,135.55208,17.987547,1.0000001e-07,135.55208,17.987547,7.0,,,,,,,
135.55208,17.92759,0.0009370816,135.55208,17.92759,0.0006990927,,,,,,,,,,,,,,,,,,,,,,,,,,,,,,,,,,,,,,,,,,,,,,,,,,,,,,,,,,,,,135.55208,17.92759,1.1744137,135.55208,17.92759,0.5822424,,,,,,,,,,,,,,,,,135.55208,18.017527,0.0011190044,135.55208,18.017527,0.008147243,,,,,,,,,,,,,,,,,,,,,,,,,,,,,135.55208,18.017527,1.0000001e-07,135.55208,18.017527,7.0,,,,,,,
135.55208,17.95757,0.00077346415,135.55208,17.95757,0.0006990926,,,,,,,,,,,,,,,,,,,,,,,,,,,,,,,,,,,,,,,,,,,,,,,,,,,,,,,,,,,,,135.55208,17.95757,0.6112073,135.55208,17.95757,0.5539221,,,,,,,,,,,,,,,,,135.55208,18.047506,0.031380136,135.55208,18.047506,0.015388919,,,,,,,,,,,,,,,,,,,,,,,,,,,,,135.55208,18.047506,1.0000001e-07,135.55208,18.047506,7.0,,,,,,,
135.55208,17.987547,0.00065446965,135.55208,17.987547,0.00043135497,,,,,,,,,,,,,,,,,,,,,,,,,,,,,,,,,,,,,,,,,,,,,,,,,,,,,,,,,,,,,135.55208,17.987547,0.16873299,135.55208,17.987547,-0.49301657,,,,,,,,,,,,,,,,,135.55208,18.077486,-0.00858144,135.55208,18.077486,-0.0023097994,,,,,,,,,,,,,,,,,,,,,,,,,,,,,135.55208,18.077486,1.0000001e-07,135.55208,18.077486,7.0,,,,,,,
135.55208,18.017527,0.0006842183,135.55208,18.017527,0.00071396696,,,,,,,,,,,,,,,,,,,,,,,,,,,,,,,,,,,,,,,,,,,,,,,,,,,,,,,,,,,,,135.55208,18.017527,0.278131,135.55208,18.017527,0.67156786,,,,,,,,,,,,,,,,,135.55208,18.107464,0.013418434,135.55208,18.107464,0.00096468505,,,,,,,,,,,,,,,,,,,,,,,,,,,,,135.55208,18.107464,1.0000001e-07,135.55208,18.107464,7.0,,,,,,,
135.55208,18.047506,0.0009965788,135.55208,18.047506,0.0007734642,,,,,,,,,,,,,,,,,,,,,,,,,,,,,,,,,,,,,,,,,,,,,,,,,,,,,,,,,,,,,135.55208,18.047506,1.4231908,135.55208,18.047506,0.88014865,,,,,,,,,,,,,,,,,135.55208,18.137444,0.004898297,135.55208,18.137444,-0.009209689,,,,,,,,,,,,,,,,,,,,,,,,,,,,,135.55208,18.137444,1.0000001e-07,135.55208,18.137444,7.0,,,,,,,
135.55208,18.077486,0.0006395953,135.55208,18.077486,0.00052060094,,,,,,,,,,,,,,,,,,,,,,,,,,,,,,,,,,,,,,,,,,,,,,,,,,,,,,,,,,,,,135.55208,18.077486,0.14816532,135.55208,18.077486,-0.08945402,,,,,,,,,,,,,,,,,135.55208,18.167423,0.012366482,135.55208,18.167423,0.009328957,,,,,,,,,,,,,,,,,,,,,,,,,,,,,135.55208,18.167423,1.0000001e-07,135.55208,18.167423,7.0,,,,,,,
135.55208,18.107464,0.0007883386,135.55208,18.107464,0.00065446977,,,,,,,,,,,,,,,,,,,,,,,,,,,,,,,,,,,,,,,,,,,,,,,,,,,,,,,,,,,,,135.55208,18.107464,0.6524492,135.55208,18.107464,0.3724876,,,,,,,,,,,,,,,,,135.55208,18.197403,0.008834805,135.55208,18.197403,0.01085895,,,,,,,,,,,,,,,,,,,,,,,,,,,,,135.55208,18.197403,1.0000001e-07,135.55208,18.197403,7.0,,,,,,,
135.55208,18.137444,0.00069909263,135.55208,18.137444,0.00053547515,,,,,,,,,,,,,,,,,,,,,,,,,,,,,,,,,,,,,,,,,,,,,,,,,,,,,,,,,,,,,135.55208,18.137444,0.34333208,135.55208,18.137444,-0.07491551,,,,,,,,,,,,,,,,,135.55208,18.22738,0.0076312954,135.55208,18.22738,0.005617402,,,,,,,,,,,,,,,,,,,,,,,,,,,,,135.55208,18.22738,1.0000001e-07,135.55208,18.22738,7.0,,,,,,,
135.55208,18.167423,0.00080321275,135.55208,18.167423,0.00066934404,,,,,,,,,,,,,,,,,,,,,,,,,,,,,,,,,,,,,,,,,,,,,,,,,,,,,,,,,,,,,135.55208,18.167423,0.72906655,135.55208,18.167423,0.4356274,,,,,,,,,,,,,,,,,135.55208,18.25736,0.016135033,135.55208,18.25736,-0.0112795,,,,,,,,,,,,,,,,,,,,,,,,,,,,,135.55208,18.25736,1.0000001e-07,135.55208,18.25736,7.0,,,,,,,
135.55208,18.197403,0.00080321275,135.55208,18.197403,0.0007139669,,,,,,,,,,,,,,,,,,,,,,,,,,,,,,,,,,,,,,,,,,,,,,,,,,,,,,,,,,,,,135.55208,18.197403,0.7226922,135.55208,18.197403,0.58193254,,,,,,,,,,,,,,,,,135.55208,18.28734,0.011812631,135.55208,18.28734,-0.004425135,,,,,,,,,,,,,,,,,,,,,,,,,,,,,135.55208,18.28734,1.0000001e-07,135.55208,18.28734,7.0,,,,,,,
135.55208,18.22738,0.00068421836,135.55208,18.22738,0.0006098468,,,,,,,,,,,,,,,,,,,,,,,,,,,,,,,,,,,,,,,,,,,,,,,,,,,,,,,,,,,,,135.55208,18.22738,0.2716459,135.55208,18.22738,0.24106605,,,,,,,,,,,,,,,,,135.55208,18.31732,0.025290279,135.55208,18.31732,0.012760367,,,,,,,,,,,,,,,,,,,,,,,,,,,,,135.55208,18.31732,1.0000001e-07,135.55208,18.31732,7.0,,,,,,,
135.55208,18.25736,0.0008180872,135.55208,18.25736,0.00046110366,,,,,,,,,,,,,,,,,,,,,,,,,,,,,,,,,,,,,,,,,,,,,,,,,,,,,,,,,,,,,135.55208,18.25736,0.7799596,135.55208,18.25736,-0.2075292,,,,,,,,,,,,,,,,,135.55208,18.3473,-0.0014807056,135.55208,18.3473,-0.002438831,,,,,,,,,,,,,,,,,,,,,,,,,,,,,135.55208,18.3473,1.0000001e-07,135.55208,18.3473,7.0,,,,,,,
135.55208,18.28734,0.0008478358,135.55208,18.28734,0.0005206009,,,,,,,,,,,,,,,,,,,,,,,,,,,,,,,,,,,,,,,,,,,,,,,,,,,,,,,,,,,,,135.55208,18.28734,0.87084126,135.55208,18.28734,-0.049508385,,,,,,,,,,,,,,,,,135.55208,18.377277,0.02216893,135.55208,18.377277,-0.008826474,,,,,,,,,,,,,,,,,,,,,,,,,,,,,135.55208,18.377277,1.0000001e-07,135.55208,18.377277,7.0,,,,,,,
135.55208,18.31732,0.0009519559,135.55208,18.31732,0.00066934404,,,,,,,,,,,,,,,,,,,,,,,,,,,,,,,,,,,,,,,,,,,,,,,,,,,,,,,,,,,,,135.55208,18.31732,1.2728754,135.55208,18.31732,0.44513023,,,,,,,,,,,,,,,,,135.55208,18.407257,0.012423118,135.55208,18.407257,-0.0066211675,,,,,,,,,,,,,,,,,,,,,,,,,,,,,135.55208,18.407257,1.0000001e-07,135.55208,18.407257,7.0,,,,,,,
135.55208,18.347298,0.00066934404,135.55208,18.347298,0.0006098468,,,,,,,,,,,,,,,,,,,,,,,,,,,,,,,,,,,,,,,,,,,,,,,,,,,,,,,,,,,,,135.55208,18.347298,0.24267265,135.55208,18.347298,0.18909197,,,,,,,,,,,,,,,,,135.55208,18.437237,0.0038861344,135.55208,18.437237,0.013644016,,,,,,,,,,,,,,,,,,,,,,,,,,,,,135.55208,18.437237,1.0000001e-07,135.55208,18.437237,7.0,,,,,,,
135.55208,18.377277,0.0008478358,135.55208,18.377277,0.00046110366,,,,,,,,,,,,,,,,,,,,,,,,,,,,,,,,,,,,,,,,,,,,,,,,,,,,,,,,,,,,,135.55208,18.377277,0.88887393,135.55208,18.377277,-0.27590254,,,,,,,,,,,,,,,,,135.55208,18.467216,0.036731817,135.55208,18.467216,0.0058611473,,,,,,,,,,,,,,,,,,,,,,,,,,,,,135.55208,18.467216,1.0000001e-07,135.55208,18.467216,7.0,,,,,,,
135.55208,18.407257,0.00077346415,135.55208,18.407257,0.00050572655,,,,,,,,,,,,,,,,,,,,,,,,,,,,,,,,,,,,,,,,,,,,,,,,,,,,,,,,,,,,,135.55208,18.407257,0.59540004,135.55208,18.407257,-0.13435167,,,,,,,,,,,,,,,,,135.55208,18.497194,0.007654949,135.55208,18.497194,0.0034691591,,,,,,,,,,,,,,,,,,,,,,,,,,,,,135.55208,18.497194,1.0000001e-07,135.55208,18.497194,7.0,,,,,,,
135.55208,18.437237,0.0007139669,135.55208,18.437237,0.00072884123,,,,,,,,,,,,,,,,,,,,,,,,,,,,,,,,,,,,,,,,,,,,,,,,,,,,,,,,,,,,,135.55208,18.437237,0.39335212,135.55208,18.437237,0.6702537,,,,,,,,,,,,,,,,,135.55208,18.527174,0.01948508,135.55208,18.527174,0.00025578836,,,,,,,,,,,,,,,,,,,,,,,,,,,,,135.55208,18.527174,1.0000001e-07,135.55208,18.527174,7.0,,,,,,,
135.55208,18.467215,0.0010560761,135.55208,18.467215,0.0006395954,,,,,,,,,,,,,,,,,,,,,,,,,,,,,,,,,,,,,,,,,,,,,,,,,,,,,,,,,,,,,135.55208,18.467215,1.6136951,135.55208,18.467215,0.34049386,,,,,,,,,,,,,,,,,135.55208,18.557154,0.02555002,135.55208,18.557154,0.0035710314,,,,,,,,,,,,,,,,,,,,,,,,,,,,,135.55208,18.557154,1.0000001e-07,135.55208,18.557154,7.0,,,,,,,
135.55208,18.497194,0.0007288413,135.55208,18.497194,0.00065446965,,,,,,,,,,,,,,,,,,,,,,,,,,,,,,,,,,,,,,,,,,,,,,,,,,,,,,,,,,,,,135.55208,18.497194,0.43865442,135.55208,18.497194,0.44951546,,,,,,,,,,,,,,,,,135.55208,18.587133,0.008277986,135.55208,18.587133,0.0025202888,,,,,,,,,,,,,,,,,,,,,,,,,,,,,135.55208,18.587133,1.0000001e-07,135.55208,18.587133,7.0,,,,,,,
135.55208,18.527174,0.0008329615,135.55208,18.527174,0.0006395954,,,,,,,,,,,,,,,,,,,,,,,,,,,,,,,,,,,,,,,,,,,,,,,,,,,,,,,,,,,,,135.55208,18.527174,0.81863946,135.55208,18.527174,0.30682144,,,,,,,,,,,,,,,,,135.55208,18.617111,0.00558574,135.55208,18.617111,0.0013258404,,,,,,,,,,,,,,,,,,,,,,,,,,,,,135.55208,18.617111,1.0000001e-07,135.55208,18.617111,7.0,,,,,,,
135.55208,18.557154,0.00093708164,135.55208,18.557154,0.0006247211,,,,,,,,,,,,,,,,,,,,,,,,,,,,,,,,,,,,,,,,,,,,,,,,,,,,,,,,,,,,,135.55208,18.557154,1.2253362,135.55208,18.557154,0.28658047,,,,,,,,,,,,,,,,,135.55208,18.64709,0.0043642586,135.55208,18.64709,0.0056206244,,,,,,,,,,,,,,,,,,,,,,,,,,,,,135.55208,18.64709,1.0000001e-07,135.55208,18.64709,7.0,,,,,,,
135.55208,18.587132,0.0007883385,135.55208,18.587132,0.0006247211,,,,,,,,,,,,,,,,,,,,,,,,,,,,,,,,,,,,,,,,,,,,,,,,,,,,,,,,,,,,,135.55208,18.587132,0.6267619,135.55208,18.587132,0.43001026,,,,,,,,,,,,,,,,,135.55208,18.67707,0.010953382,135.55208,18.67707,0.011282749,,,,,,,,,,,,,,,,,,,,,,,,,,,,,135.55208,18.67707,1.0000001e-07,135.55208,18.67707,7.0,,,,,,,
135.55208,18.617111,0.00077346415,135.55208,18.617111,0.0006395953,,,,,,,,,,,,,,,,,,,,,,,,,,,,,,,,,,,,,,,,,,,,,,,,,,,,,,,,,,,,,135.55208,18.617111,0.6092301,135.55208,18.617111,0.35344106,,,,,,,,,,,,,,,,,135.55208,18.70705,0.0071464116,135.55208,18.70705,0.00055247254,,,,,,,,,,,,,,,,,,,,,,,,,,,,,135.55208,18.70705,1.0000001e-07,135.55208,18.70705,7.0,,,,,,,
135.55208,18.64709,0.00066934404,135.55208,18.64709,0.0006395954,,,,,,,,,,,,,,,,,,,,,,,,,,,,,,,,,,,,,,,,,,,,,,,,,,,,,,,,,,,,,135.55208,18.64709,0.2346105,135.55208,18.64709,0.3880492,,,,,,,,,,,,,,,,,135.55208,18.737028,0.011839312,135.55208,18.737028,0.0025039348,,,,,,,,,,,,,,,,,,,,,,,,,,,,,135.55208,18.737028,1.0000001e-07,135.55208,18.737028,7.0,,,,,,,
135.55208,18.67707,0.0007585899,135.55208,18.67707,0.0007734641,,,,,,,,,,,,,,,,,,,,,,,,,,,,,,,,,,,,,,,,,,,,,,,,,,,,,,,,,,,,,135.55208,18.67707,0.5420831,135.55208,18.67707,0.8901734,,,,,,,,,,,,,,,,,135.55208,18.767008,-0.003128202,135.55208,18.767008,-0.009152606,,,,,,,,,,,,,,,,,,,,,,,,,,,,,135.55208,18.767008,1.0000001e-07,135.55208,18.767008,7.0,,,,,,,
135.55208,18.707048,0.00084783573,135.55208,18.707048,0.0005652238,,,,,,,,,,,,,,,,,,,,,,,,,,,,,,,,,,,,,,,,,,,,,,,,,,,,,,,,,,,,,135.55208,18.707048,0.9079511,135.55208,18.707048,0.061443184,,,,,,,,,,,,,,,,,135.55208,18.796988,0.019975983,135.55208,18.796988,-0.004776332,,,,,,,,,,,,,,,,,,,,,,,,,,,,,135.55208,18.796988,1.0000001e-07,135.55208,18.796988,7.0,,,,,,,
135.55208,18.737028,0.00078833854,135.55208,18.737028,0.0006098468,,,,,,,,,,,,,,,,,,,,,,,,,,,,,,,,,,,,,,,,,,,,,,,,,,,,,,,,,,,,,135.55208,18.737028,0.6738329,135.55208,18.737028,0.08289516,,,,,,,,,,,,,,,,,135.55208,18.826967,0.006420462,135.55208,18.826967,0.007934513,,,,,,,,,,,,,,,,,,,,,,,,,,,,,135.55208,18.826967,1.0000001e-07,135.55208,18.826967,7.0,,,,,,,
135.55208,18.767008,0.0006842183,135.55208,18.767008,0.00047597795,,,,,,,,,,,,,,,,,,,,,,,,,,,,,,,,,,,,,,,,,,,,,,,,,,,,,,,,,,,,,135.55208,18.767008,0.28494182,135.55208,18.767008,-0.26170507,,,,,,,,,,,,,,,,,135.55208,18.856945,0.018802194,135.55208,18.856945,0.0071050706,,,,,,,,,,,,,,,,,,,,,,,,,,,,,135.55208,18.856945,1.0000001e-07,135.55208,18.856945,7.0,,,,,,,
135.55208,18.796988,0.00086271006,135.55208,18.796988,0.0004908523,,,,,,,,,,,,,,,,,,,,,,,,,,,,,,,,,,,,,,,,,,,,,,,,,,,,,,,,,,,,,135.55208,18.796988,0.9333246,135.55208,18.796988,-0.14287914,,,,,,,,,,,,,,,,,135.55208,18.886925,-0.00033913148,135.55208,18.886925,-0.0059225466,,,,,,,,,,,,,,,,,,,,,,,,,,,,,135.55208,18.886925,1.0000001e-07,135.55208,18.886925,7.0,,,,,,,
135.55208,18.826967,0.000713967,135.55208,18.826967,0.00069909263,,,,,,,,,,,,,,,,,,,,,,,,,,,,,,,,,,,,,,,,,,,,,,,,,,,,,,,,,,,,,135.55208,18.826967,0.3897202,135.55208,18.826967,0.64005786,,,,,,,,,,,,,,,,,135.55208,18.916904,0.02894493,135.55208,18.916904,-0.0031099797,,,,,,,,,,,,,,,,,,,,,,,,,,,,,135.55208,18.916904,1.0000001e-07,135.55208,18.916904,7.0,,,,,,,
135.55208,18.856945,0.0008032128,135.55208,18.856945,0.0006098468,,,,,,,,,,,,,,,,,,,,,,,,,,,,,,,,,,,,,,,,,,,,,,,,,,,,,,,,,,,,,135.55208,18.856945,0.74993485,135.55208,18.856945,0.1886341,,,,,,,,,,,,,,,,,135.55208,18.946884,0.012811954,135.55208,18.946884,0.0092437165,,,,,,,,,,,,,,,,,,,,,,,,,,,,,135.55208,18.946884,1.0000001e-07,135.55208,18.946884,7.0,,,,,,,
135.55208,18.886925,0.0006544697,135.55208,18.886925,0.0004908523,,,,,,,,,,,,,,,,,,,,,,,,,,,,,,,,,,,,,,,,,,,,,,,,,,,,,,,,,,,,,135.55208,18.886925,0.2048747,135.55208,18.886925,-0.17235409,,,,,,,,,,,,,,,,,135.55208,18.976862,0.015189603,135.55208,18.976862,-0.007912787,,,,,,,,,,,,,,,,,,,,,,,,,,,,,135.55208,18.976862,1.0000001e-07,135.55208,18.976862,7.0,,,,,,,
135.55208,18.916904,0.00093708164,135.55208,18.916904,0.0005652238,,,,,,,,,,,,,,,,,,,,,,,,,,,,,,,,,,,,,,,,,,,,,,,,,,,,,,,,,,,,,135.55208,18.916904,1.1667088,135.55208,18.916904,0.16628265,,,,,,,,,,,,,,,,,135.55208,19.006842,-0.001218013,135.55208,19.006842,0.0014474011,,,,,,,,,,,,,,,,,,,,,,,,,,,,,135.55208,19.006842,1.0000001e-07,135.55208,19.006842,7.0,,,,,,,
135.55208,18.946884,0.0008329614,135.55208,18.946884,0.00072884123,,,,,,,,,,,,,,,,,,,,,,,,,,,,,,,,,,,,,,,,,,,,,,,,,,,,,,,,,,,,,135.55208,18.946884,0.78677344,135.55208,18.946884,0.66704583,,,,,,,,,,,,,,,,,135.55208,19.036821,0.008159464,135.55208,19.036821,-0.0007630049,,,,,,,,,,,,,,,,,,,,,,,,,,,,,135.55208,19.036821,1.0000001e-07,135.55208,19.036821,7.0,,,,,,,
135.55208,18.976862,0.0007585899,135.55208,18.976862,0.0005206009,,,,,,,,,,,,,,,,,,,,,,,,,,,,,,,,,,,,,,,,,,,,,,,,,,,,,,,,,,,,,135.55208,18.976862,0.52704936,135.55208,18.976862,-0.13355929,,,,,,,,,,,,,,,,,135.55208,19.066801,0.0033092415,135.55208,19.066801,0.021147465,,,,,,,,,,,,,,,,,,,,,,,,,,,,,135.55208,19.066801,1.0000001e-07,135.55208,19.066801,7.0,,,,,,,
135.55208,19.006842,0.00066934404,135.55208,19.006842,0.00055034953,,,,,,,,,,,,,,,,,,,,,,,,,,,,,,,,,,,,,,,,,,,,,,,,,,,,,,,,,,,,,135.55208,19.006842,0.23520978,135.55208,19.006842,0.041148663,,,,,,,,,,,,,,,,,135.55208,19.096779,0.006367431,135.55208,19.096779,0.0056752414,,,,,,,,,,,,,,,,,,,,,,,,,,,,,135.55208,19.096779,1.0000001e-07,135.55208,19.096779,7.0,,,,,,,
135.55208,19.036821,0.00074371556,135.55208,19.036821,0.0006098467,,,,,,,,,,,,,,,,,,,,,,,,,,,,,,,,,,,,,,,,,,,,,,,,,,,,,,,,,,,,,135.55208,19.036821,0.49244398,135.55208,19.036821,0.22992267,,,,,,,,,,,,,,,,,135.55208,19.126759,0.010029088,135.55208,19.126759,0.0050890422,,,,,,,,,,,,,,,,,,,,,,,,,,,,,135.55208,19.126759,1.0000001e-07,135.55208,19.126759,7.0,,,,,,,
135.55208,19.066801,0.0006842183,135.55208,19.066801,0.0007883385,,,,,,,,,,,,,,,,,,,,,,,,,,,,,,,,,,,,,,,,,,,,,,,,,,,,,,,,,,,,,135.55208,19.066801,0.287786,135.55208,19.066801,0.9303233,,,,,,,,,,,,,,,,,135.55208,19.156738,0.01308303,135.55208,19.156738,-0.0038423203,,,,,,,,,,,,,,,,,,,,,,,,,,,,,135.55208,19.156738,1.0000001e-07,135.55208,19.156738,7.0,,,,,,,
135.55208,19.096779,0.00069909263,135.55208,19.096779,0.0006842183,,,,,,,,,,,,,,,,,,,,,,,,,,,,,,,,,,,,,,,,,,,,,,,,,,,,,,,,,,,,,135.55208,19.096779,0.34001473,135.55208,19.096779,0.49927813,,,,,,,,,,,,,,,,,135.55208,19.186718,0.0028673382,135.55208,19.186718,-0.00026046962,,,,,,,,,,,,,,,,,,,,,,,,,,,,,135.55208,19.186718,1.0000001e-07,135.55208,19.186718,7.0,,,,,,,
135.55208,19.126759,0.0007734642,135.55208,19.126759,0.0005652238,,,,,,,,,,,,,,,,,,,,,,,,,,,,,,,,,,,,,,,,,,,,,,,,,,,,,,,,,,,,,135.55208,19.126759,0.59163225,135.55208,19.126759,0.062298134,,,,,,,,,,,,,,,,,135.55208,19.216698,0.018839322,135.55208,19.216698,0.002363877,,,,,,,,,,,,,,,,,,,,,,,,,,,,,135.55208,19.216698,1.0000001e-07,135.55208,19.216698,7.0,,,,,,,
135.55208,19.156738,0.0007734642,135.55208,19.156738,0.00059497246,,,,,,,,,,,,,,,,,,,,,,,,,,,,,,,,,,,,,,,,,,,,,,,,,,,,,,,,,,,,,135.55208,19.156738,0.593641,135.55208,19.156738,0.22674002,,,,,,,,,,,,,,,,,135.55208,19.246675,0.0003573784,135.55208,19.246675,0.01622203,,,,,,,,,,,,,,,,,,,,,,,,,,,,,135.55208,19.246675,1.0000001e-07,135.55208,19.246675,7.0,,,,,,,
135.55208,19.186718,0.00065446965,135.55208,19.186718,0.0005949724,,,,,,,,,,,,,,,,,,,,,,,,,,,,,,,,,,,,,,,,,,,,,,,,,,,,,,,,,,,,,135.55208,19.186718,0.19434696,135.55208,19.186718,0.16881174,,,,,,,,,,,,,,,,,135.55208,19.276655,0.011687275,135.55208,19.276655,-0.0045704246,,,,,,,,,,,,,,,,,,,,,,,,,,,,,135.55208,19.276655,1.0000001e-07,135.55208,19.276655,7.0,,,,,,,
135.55208,19.216696,0.00087758445,135.55208,19.216696,0.0006395953,,,,,,,,,,,,,,,,,,,,,,,,,,,,,,,,,,,,,,,,,,,,,,,,,,,,,,,,,,,,,135.55208,19.216696,0.9685628,135.55208,19.216696,0.39365885,,,,,,,,,,,,,,,,,135.55208,19.306635,0.0027645715,135.55208,19.306635,0.0066846814,,,,,,,,,,,,,,,,,,,,,,,,,,,,,135.55208,19.306635,1.0000001e-07,135.55208,19.306635,7.0,,,,,,,
135.55208,19.246675,0.0006395953,135.55208,19.246675,0.0007883386,,,,,,,,,,,,,,,,,,,,,,,,,,,,,,,,,,,,,,,,,,,,,,,,,,,,,,,,,,,,,135.55208,19.246675,0.08040252,135.55208,19.246675,0.8942108,,,,,,,,,,,,,,,,,135.55208,19.336615,0.013199838,135.55208,19.336615,0.0038759452,,,,,,,,,,,,,,,,,,,,,,,,,,,,,135.55208,19.336615,1.0000001e-07,135.55208,19.336615,7.0,,,,,,,
135.55208,19.276655,0.0008180871,135.55208,19.276655,0.0005652238,,,,,,,,,,,,,,,,,,,,,,,,,,,,,,,,,,,,,,,,,,,,,,,,,,,,,,,,,,,,,135.55208,19.276655,0.76326996,135.55208,19.276655,0.009903099,,,,,,,,,,,,,,,,,135.55208,19.366592,0.034756117,135.55208,19.366592,0.0015016552,,,,,,,,,,,,,,,,,,,,,,,,,,,,,135.55208,19.366592,1.0000001e-07,135.55208,19.366592,7.0,,,,,,,
135.55208,19.306635,0.00066934404,135.55208,19.306635,0.0006098468,,,,,,,,,,,,,,,,,,,,,,,,,,,,,,,,,,,,,,,,,,,,,,,,,,,,,,,,,,,,,135.55208,19.306635,0.2459467,135.55208,19.306635,0.2298558,,,,,,,,,,,,,,,,,135.55208,19.396572,0.0125748785,135.55208,19.396572,0.0069287103,,,,,,,,,,,,,,,,,,,,,,,,,,,,,135.55208,19.396572,1.0000001e-07,135.55208,19.396572,7.0,,,,,,,
135.55208,19.336613,0.00068421836,135.55208,19.336613,0.0006247211,,,,,,,,,,,,,,,,,,,,,,,,,,,,,,,,,,,,,,,,,,,,,,,,,,,,,,,,,,,,,135.55208,19.336613,0.28286487,135.55208,19.336613,0.26491308,,,,,,,,,,,,,,,,,135.55208,19.426552,0.0068041873,135.55208,19.426552,-0.011924495,,,,,,,,,,,,,,,,,,,,,,,,,,,,,135.55208,19.426552,1.0000001e-07,135.55208,19.426552,7.0,,,,,,,
135.55208,19.366592,0.0010412018,135.55208,19.366592,0.0005503495,,,,,,,,,,,,,,,,,,,,,,,,,,,,,,,,,,,,,,,,,,,,,,,,,,,,,,,,,,,,,135.55208,19.366592,1.5481533,135.55208,19.366592,0.065356754,,,,,,,,,,,,,,,,,135.55208,19.456532,-0.011573304,135.55208,19.456532,0.0019800966,,,,,,,,,,,,,,,,,,,,,,,,,,,,,135.55208,19.456532,1.0000001e-07,135.55208,19.456532,7.0,,,,,,,
135.55208,19.396572,0.0007585899,135.55208,19.396572,0.00071396696,,,,,,,,,,,,,,,,,,,,,,,,,,,,,,,,,,,,,,,,,,,,,,,,,,,,,,,,,,,,,135.55208,19.396572,0.5063339,135.55208,19.396572,0.6422856,,,,,,,,,,,,,,,,,135.55208,19.48651,0.023137964,135.55208,19.48651,-0.0042999964,,,,,,,,,,,,,,,,,,,,,,,,,,,,,135.55208,19.48651,1.0000001e-07,135.55208,19.48651,7.0,,,,,,,
135.55208,19.426552,0.0007585899,135.55208,19.426552,0.0005354752,,,,,,,,,,,,,,,,,,,,,,,,,,,,,,,,,,,,,,,,,,,,,,,,,,,,,,,,,,,,,135.55208,19.426552,0.54418075,135.55208,19.426552,-0.07691052,,,,,,,,,,,,,,,,,135.55208,19.516489,0.013272185,135.55208,19.516489,-0.0068031596,,,,,,,,,,,,,,,,,,,,,,,,,,,,,135.55208,19.516489,1.0000001e-07,135.55208,19.516489,7.0,,,,,,,
135.55208,19.45653,0.0005652238,135.55208,19.45653,0.0006247212,,,,,,,,,,,,,,,,,,,,,,,,,,,,,,,,,,,,,,,,,,,,,,,,,,,,,,,,,,,,,135.55208,19.45653,-0.14950436,135.55208,19.45653,0.22089556,,,,,,,,,,,,,,,,,135.55208,19.546469,0.03056364,135.55208,19.546469,0.010030752,,,,,,,,,,,,,,,,,,,,,,,,,,,,,135.55208,19.546469,1.0000001e-07,135.55208,19.546469,7.0,,,,,,,
135.55208,19.48651,0.0008924587,135.55208,19.48651,0.00050572655,,,,,,,,,,,,,,,,,,,,,,,,,,,,,,,,,,,,,,,,,,,,,,,,,,,,,,,,,,,,,135.55208,19.48651,1.034347,135.55208,19.48651,-0.09651691,,,,,,,,,,,,,,,,,135.55208,19.576448,0.0050650206,135.55208,19.576448,-0.0043189987,,,,,,,,,,,,,,,,,,,,,,,,,,,,,135.55208,19.576448,1.0000001e-07,135.55208,19.576448,7.0,,,,,,,
135.55208,19.516489,0.00074371556,135.55208,19.516489,0.0005206009,,,,,,,,,,,,,,,,,,,,,,,,,,,,,,,,,,,,,,,,,,,,,,,,,,,,,,,,,,,,,135.55208,19.516489,0.47577137,135.55208,19.516489,-0.110283695,,,,,,,,,,,,,,,,,135.55208,19.606426,0.0076086945,135.55208,19.606426,0.0041863266,,,,,,,,,,,,,,,,,,,,,,,,,,,,,135.55208,19.606426,1.0000001e-07,135.55208,19.606426,7.0,,,,,,,
135.55208,19.546469,0.0009519559,135.55208,19.546469,0.0007288412,,,,,,,,,,,,,,,,,,,,,,,,,,,,,,,,,,,,,,,,,,,,,,,,,,,,,,,,,,,,,135.55208,19.546469,1.2690244,135.55208,19.546469,0.59922636,,,,,,,,,,,,,,,,,135.55208,19.636406,0.0067341714,135.55208,19.636406,-0.014270425,,,,,,,,,,,,,,,,,,,,,,,,,,,,,135.55208,19.636406,1.0000001e-07,135.55208,19.636406,7.0,,,,,,,
135.55208,19.576447,0.0006842183,135.55208,19.576447,0.00056522386,,,,,,,,,,,,,,,,,,,,,,,,,,,,,,,,,,,,,,,,,,,,,,,,,,,,,,,,,,,,,135.55208,19.576447,0.31104088,135.55208,19.576447,0.059099898,,,,,,,,,,,,,,,,,135.55208,19.666386,0.02101542,135.55208,19.666386,-0.0026258635,,,,,,,,,,,,,,,,,,,,,,,,,,,,,135.55208,19.666386,1.0000001e-07,135.55208,19.666386,7.0,,,,,,,
135.55208,19.606426,0.0007288413,135.55208,19.606426,0.0006247211,,,,,,,,,,,,,,,,,,,,,,,,,,,,,,,,,,,,,,,,,,,,,,,,,,,,,,,,,,,,,135.55208,19.606426,0.4409124,135.55208,19.606426,0.30046374,,,,,,,,,,,,,,,,,135.55208,19.696365,-0.013080135,135.55208,19.696365,0.012033462,,,,,,,,,,,,,,,,,,,,,,,,,,,,,135.55208,19.696365,1.0000001e-07,135.55208,19.696365,7.0,,,,,,,
135.55208,19.636406,0.0006990927,135.55208,19.636406,0.00050572655,,,,,,,,,,,,,,,,,,,,,,,,,,,,,,,,,,,,,,,,,,,,,,,,,,,,,,,,,,,,,135.55208,19.636406,0.33313286,135.55208,19.636406,-0.14787912,,,,,,,,,,,,,,,,,135.55208,19.726343,0.0027420158,135.55208,19.726343,-0.015367352,,,,,,,,,,,,,,,,,,,,,,,,,,,,,135.55208,19.726343,1.0000001e-07,135.55208,19.726343,7.0,,,,,,,
135.55208,19.666386,0.0008478358,135.55208,19.666386,0.0005503495,,,,,,,,,,,,,,,,,,,,,,,,,,,,,,,,,,,,,,,,,,,,,,,,,,,,,,,,,,,,,135.55208,19.666386,0.8709023,135.55208,19.666386,-0.08522496,,,,,,,,,,,,,,,,,135.55208,19.756323,0.007416139,135.55208,19.756323,0.017472945,,,,,,,,,,,,,,,,,,,,,,,,,,,,,135.55208,19.756323,1.0000001e-07,135.55208,19.756323,7.0,,,,,,,
135.55208,19.696365,0.00050572655,135.55208,19.696365,0.00074371556,,,,,,,,,,,,,,,,,,,,,,,,,,,,,,,,,,,,,,,,,,,,,,,,,,,,,,,,,,,,,135.55208,19.696365,-0.31769896,135.55208,19.696365,0.6578334,,,,,,,,,,,,,,,,,135.55208,19.786303,0.0016408483,135.55208,19.786303,0.010719495,,,,,,,,,,,,,,,,,,,,,,,,,,,,,135.55208,19.786303,1.0000001e-07,135.55208,19.786303,7.0,,,,,,,
135.55208,19.726343,0.0006842183,135.55208,19.726343,0.0004611036,,,,,,,,,,,,,,,,,,,,,,,,,,,,,,,,,,,,,,,,,,,,,,,,,,,,,,,,,,,,,135.55208,19.726343,0.28001118,135.55208,19.726343,-0.30485937,,,,,,,,,,,,,,,,,135.55208,19.816282,0.0075183245,135.55208,19.816282,0.0039222855,,,,,,,,,,,,,,,,,,,,,,,,,,,,,135.55208,19.816282,1.0000001e-07,135.55208,19.816282,7.0,,,,,,,
135.55208,19.756323,0.0006990926,135.55208,19.756323,0.00072884123,,,,,,,,,,,,,,,,,,,,,,,,,,,,,,,,,,,,,,,,,,,,,,,,,,,,,,,,,,,,,135.55208,19.756323,0.3227322,135.55208,19.756323,0.681301,,,,,,,,,,,,,,,,,135.55208,19.84626,0.033066463,135.55208,19.84626,-0.0016748589,,,,,,,,,,,,,,,,,,,,,,,,,,,,,135.55208,19.84626,1.0000001e-07,135.55208,19.84626,7.0,,,,,,,
135.55208,19.786303,0.00065446965,135.55208,19.786303,0.00068421836,,,,,,,,,,,,,,,,,,,,,,,,,,,,,,,,,,,,,,,,,,,,,,,,,,,,,,,,,,,,,135.55208,19.786303,0.21218078,135.55208,19.786303,0.43863037,,,,,,,,,,,,,,,,,135.55208,19.87624,0.031434983,135.55208,19.87624,-0.013720723,,,,,,,,,,,,,,,,,,,,,,,,,,,,,135.55208,19.87624,1.0000001e-07,135.55208,19.87624,7.0,,,,,,,
135.55208,19.816282,0.00071396696,135.55208,19.816282,0.0006395954,,,,,,,,,,,,,,,,,,,,,,,,,,,,,,,,,,,,,,,,,,,,,,,,,,,,,,,,,,,,,135.55208,19.816282,0.40731966,135.55208,19.816282,0.24390942,,,,,,,,,,,,,,,,,135.55208,19.90622,0.0051430897,135.55208,19.90622,-0.0067022224,,,,,,,,,,,,,,,,,,,,,,,,,,,,,135.55208,19.90622,1.0000001e-07,135.55208,19.90622,7.0,,,,,,,
135.55208,19.84626,0.00093708164,135.55208,19.84626,0.0006544697,,,,,,,,,,,,,,,,,,,,,,,,,,,,,,,,,,,,,,,,,,,,,,,,,,,,,,,,,,,,,135.55208,19.84626,1.1680981,135.55208,19.84626,0.35427946,,,,,,,,,,,,,,,,,135.55208,19.9362,0.025349697,135.55208,19.9362,-0.0037158197,,,,,,,,,,,,,,,,,,,,,,,,,,,,,135.55208,19.9362,1.0000001e-07,135.55208,19.9362,7.0,,,,,,,
135.55208,19.87624,0.00090733304,135.55208,19.87624,0.00047597795,,,,,,,,,,,,,,,,,,,,,,,,,,,,,,,,,,,,,,,,,,,,,,,,,,,,,,,,,,,,,135.55208,19.87624,1.0794452,135.55208,19.87624,-0.19906084,,,,,,,,,,,,,,,,,135.55208,19.966177,0.009480091,135.55208,19.966177,-0.0038388537,,,,,,,,,,,,,,,,,,,,,,,,,,,,,135.55208,19.966177,1.0000001e-07,135.55208,19.966177,7.0,,,,,,,
135.55208,19.90622,0.0007139669,135.55208,19.90622,0.0005652238,,,,,,,,,,,,,,,,,,,,,,,,,,,,,,,,,,,,,,,,,,,,,,,,,,,,,,,,,,,,,135.55208,19.90622,0.39344954,135.55208,19.90622,0.05644782,,,,,,,,,,,,,,,,,135.55208,19.996157,-0.006790671,135.55208,19.996157,-0.0037411663,,,,,,,,,,,,,,,,,,,,,,,,,,,,,135.55208,19.996157,1.0000001e-07,135.55208,19.996157,7.0,,,,,,,
135.55208,19.9362,0.0009222073,135.55208,19.9362,0.00055034953,,,,,,,,,,,,,,,,,,,,,,,,,,,,,,,,,,,,,,,,,,,,,,,,,,,,,,,,,,,,,135.55208,19.9362,1.1019,135.55208,19.9362,0.008108179,,,,,,,,,,,,,,,,,,,,,,,,,,,,,,,,,,,,,,,,,,,,,,,,,,,,,,,,,,,,,,,
135.55208,19.966177,0.000713967,135.55208,19.966177,0.00052060094,,,,,,,,,,,,,,,,,,,,,,,,,,,,,,,,,,,,,,,,,,,,,,,,,,,,,,,,,,,,,135.55208,19.966177,0.36228105,135.55208,19.966177,-0.057431657,,,,,,,,,,,,,,,,,,,,,,,,,,,,,,,,,,,,,,,,,,,,,,,,,,,,,,,,,,,,,,,
135.55208,19.996157,0.0005354752,135.55208,19.996157,0.00055034953,,,,,,,,,,,,,,,,,,,,,,,,,,,,,,,,,,,,,,,,,,,,,,,,,,,,,,,,,,,,,135.55208,19.996157,-0.24084374,135.55208,19.996157,0.04302883,,,,,,,,,,,,,,,,,,,,,,,,,,,,,,,,,,,,,,,,,,,,,,,,,,,,,,,,,,,,,,,
135.55208,20.026136,0.0007883385,135.55208,20.026136,0.00050572655,,,,,,,,,,,,,,,,,,,,,,,,,,,,,,,,,,,,,,,,,,,,,,,,,,,,,,,,,,,,,135.55208,20.026136,0.6496157,135.55208,20.026136,-0.12663382,,,,,,,,,,,,,,,,,,,,,,,,,,,,,,,,,,,,,,,,,,,,,,,,,,,,,,,,,,,,,,,
135.55208,20.056116,0.0007734642,135.55208,20.056116,0.0004908523,,,,,,,,,,,,,,,,,,,,,,,,,,,,,,,,,,,,,,,,,,,,,,,,,,,,,,,,,,,,,135.55208,20.056116,0.63228726,135.55208,20.056116,-0.19965956,,,,,,,,,,,,,,,,,,,,,,,,,,,,,,,,,,,,,,,,,,,,,,,,,,,,,,,,,,,,,,,
135.55208,20.086094,0.00083296146,135.55208,20.086094,0.0005800982,,,,,,,,,,,,,,,,,,,,,,,,,,,,,,,,,,,,,,,,,,,,,,,,,,,,,,,,,,,,,135.55208,20.086094,0.83528626,135.55208,20.086094,0.15892845,,,,,,,,,,,,,,,,,,,,,,,,,,,,,,,,,,,,,,,,,,,,,,,,,,,,,,,,,,,,,,,
135.55208,20.116074,0.0008329614,135.55208,20.116074,0.0006842183,,,,,,,,,,,,,,,,,,,,,,,,,,,,,,,,,,,,,,,,,,,,,,,,,,,,,,,,,,,,,135.55208,20.116074,0.8156984,135.55208,20.116074,0.6482962,,,,,,,,,,,,,,,,,,,,,,,,,,,,,,,,,,,,,,,,,,,,,,,,,,,,,,,,,,,,,,,
135.55208,20.146053,0.00065446965,135.55208,20.146053,0.00072884123,,,,,,,,,,,,,,,,,,,,,,,,,,,,,,,,,,,,,,,,,,,,,,,,,,,,,,,,,,,,,135.55208,20.146053,0.22002745,135.55208,20.146053,0.5848032,,,,,,,,,,,,,,,,,,,,,,,,,,,,,,,,,,,,,,,,,,,,,,,,,,,,,,,,,,,,,,,
135.55208,20.176033,0.00080321287,135.55208,20.176033,0.00062472105,,,,,,,,,,,,,,,,,,,,,,,,,,,,,,,,,,,,,,,,,,,,,,,,,,,,,,,,,,,,,135.55208,20.176033,0.75164145,135.55208,20.176033,0.31133878,,,,,,,,,,,,,,,,,,,,,,,,,,,,,,,,,,,,,,,,,,,,,,,,,,,,,,,,,,,,,,,
135.55208,20.20601,0.0007734642,135.55208,20.20601,0.0006842183,,,,,,,,,,,,,,,,,,,,,,,,,,,,,,,,,,,,,,,,,,,,,,,,,,,,,,,,,,,,,135.55208,20.20601,0.6073905,135.55208,20.20601,0.55804324,,,,,,,,,,,,,,,,,,,,,,,,,,,,,,,,,,,,,,,,,,,,,,,,,,,,,,,,,,,,,,,
135.55208,20.23599,0.0007585899,135.55208,20.23599,0.0005503495,,,,,,,,,,,,,,,,,,,,,,,,,,,,,,,,,,,,,,,,,,,,,,,,,,,,,,,,,,,,,135.55208,20.23599,0.5377265,135.55208,20.23599,0.047538027,,,,,,,,,,,,,,,,,,,,,,,,,,,,,,,,,,,,,,,,,,,,,,,,,,,,,,,,,,,,,,,
135.55208,20.26597,0.00086270995,135.55208,20.26597,0.0005652238,,,,,,,,,,,,,,,,,,,,,,,,,,,,,,,,,,,,,,,,,,,,,,,,,,,,,,,,,,,,,135.55208,20.26597,0.9356587,135.55208,20.26597,0.06816753,,,,,,,,,,,,,,,,,,,,,,,,,,,,,,,,,,,,,,,,,,,,,,,,,,,,,,,,,,,,,,,
135.55208,20.29595,0.00069909263,135.55208,20.29595,0.0005949724,,,,,,,,,,,,,,,,,,,,,,,,,,,,,,,,,,,,,,,,,,,,,,,,,,,,,,,,,,,,,135.55208,20.29595,0.34372112,135.55208,20.29595,0.18304154,,,,,,,,,,,,,,,,,,,,,,,,,,,,,,,,,,,,,,,,,,,,,,,,,,,,,,,,,,,,,,,
135.55208,20.325928,0.0006247211,135.55208,20.325928,0.0007288412,,,,,,,,,,,,,,,,,,,,,,,,,,,,,,,,,,,,,,,,,,,,,,,,,,,,,,,,,,,,,135.55208,20.325928,0.035431582,135.55208,20.325928,0.60082513,,,,,,,,,,,,,,,,,,,,,,,,,,,,,,,,,,,,,,,,,,,,,,,,,,,,,,,,,,,,,,,
135.55208,20.355907,0.0008032129,135.55208,20.355907,0.00058009813,,,,,,,,,,,,,,,,,,,,,,,,,,,,,,,,,,,,,,,,,,,,,,,,,,,,,,,,,,,,,135.55208,20.355907,0.69679654,135.55208,20.355907,0.16697195,,,,,,,,,,,,,,,,,,,,,,,,,,,,,,,,,,,,,,,,,,,,,,,,,,,,,,,,,,,,,,,
135.55208,20.385887,0.00075858994,135.55208,20.385887,0.0006247211,,,,,,,,,,,,,,,,,,,,,,,,,,,,,,,,,,,,,,,,,,,,,,,,,,,,,,,,,,,,,135.55208,20.385887,0.57156605,135.55208,20.385887,0.21326306,,,,,,,,,,,,,,,,,,,,,,,,,,,,,,,,,,,,,,,,,,,,,,,,,,,,,,,,,,,,,,,
135.55208,20.415867,0.00080321275,135.55208,20.415867,0.0006395953,,,,,,,,,,,,,,,,,,,,,,,,,,,,,,,,,,,,,,,,,,,,,,,,,,,,,,,,,,,,,135.55208,20.415867,0.72580194,135.55208,20.415867,0.41278684,,,,,,,,,,,,,,,,,,,,,,,,,,,,,,,,,,,,,,,,,,,,,,,,,,,,,,,,,,,,,,,
135.55208,20.445845,0.0006842183,135.55208,20.445845,0.00065446965,,,,,,,,,,,,,,,,,,,,,,,,,,,,,,,,,,,,,,,,,,,,,,,,,,,,,,,,,,,,,135.55208,20.445845,0.27856627,135.55208,20.445845,0.4850137,,,,,,,,,,,,,,,,,,,,,,,,,,,,,,,,,,,,,,,,,,,,,,,,,,,,,,,,,,,,,,,
135.55208,20.475824,0.0007437155,135.55208,20.475824,0.0007585899,,,,,,,,,,,,,,,,,,,,,,,,,,,,,,,,,,,,,,,,,,,,,,,,,,,,,,,,,,,,,135.55208,20.475824,0.48831028,135.55208,20.475824,0.7433264,,,,,,,,,,,,,,,,,,,,,,,,,,,,,,,,,,,,,,,,,,,,,,,,,,,,,,,,,,,,,,,
135.55208,20.505804,0.0005949724,135.55208,20.505804,0.00046110366,,,,,,,,,,,,,,,,,,,,,,,,,,,,,,,,,,,,,,,,,,,,,,,,,,,,,,,,,,,,,135.55208,20.505804,-0.014352977,135.55208,20.505804,-0.34679118,,,,,,,,,,,,,,,,,,,,,,,,,,,,,,,,,,,,,,,,,,,,,,,,,,,,,,,,,,,,,,,
135.55208,20.535784,0.00066934404,135.55208,20.535784,0.0007437155,,,,,,,,,,,,,,,,,,,,,,,,,,,,,,,,,,,,,,,,,,,,,,,,,,,,,,,,,,,,,135.55208,20.535784,0.265184,135.55208,20.535784,0.67697793,,,,,,,,,,,,,,,,,,,,,,,,,,,,,,,,,,,,,,,,,,,,,,,,,,,,,,,,,,,,,,,
135.55208,20.565763,0.00058009813,135.55208,20.565763,0.000669344,,,,,,,,,,,,,,,,,,,,,,,,,,,,,,,,,,,,,,,,,,,,,,,,,,,,,,,,,,,,,135.55208,20.565763,-0.05899758,135.55208,20.565763,0.50220305,,,,,,,,,,,,,,,,,,,,,,,,,,,,,,,,,,,,,,,,,,,,,,,,,,,,,,,,,,,,,,,
135.55208,20.595741,0.0006098467,135.55208,20.595741,0.00053547526,,,,,,,,,,,,,,,,,,,,,,,,,,,,,,,,,,,,,,,,,,,,,,,,,,,,,,,,,,,,,135.55208,20.595741,0.004723019,135.55208,20.595741,-0.010540445,,,,,,,,,,,,,,,,,,,,,,,,,,,,,,,,,,,,,,,,,,,,,,,,,,,,,,,,,,,,,,,
135.55208,20.625721,0.00083296146,135.55208,20.625721,0.0005800982,,,,,,,,,,,,,,,,,,,,,,,,,,,,,,,,,,,,,,,,,,,,,,,,,,,,,,,,,,,,,135.55208,20.625721,0.79744583,135.55208,20.625721,0.11975525,,,,,,,,,,,,,,,,,,,,,,,,,,,,,,,,,,,,,,,,,,,,,,,,,,,,,,,,,,,,,,,
135.55208,20.6557,0.0005652238,135.55208,20.6557,0.00056522386,,,,,,,,,,,,,,,,,,,,,,,,,,,,,,,,,,,,,,,,,,,,,,,,,,,,,,,,,,,,,135.55208,20.6557,-0.17280222,135.55208,20.6557,0.09991809,,,,,,,,,,,,,,,,,,,,,,,,,,,,,,,,,,,,,,,,,,,,,,,,,,,,,,,,,,,,,,,
135.55208,20.68568,0.0006544697,135.55208,20.68568,0.000431355,,,,,,,,,,,,,,,,,,,,,,,,,,,,,,,,,,,,,,,,,,,,,,,,,,,,,,,,,,,,,135.55208,20.68568,0.18040982,135.55208,20.68568,-0.47993252,,,,,,,,,,,,,,,,,,,,,,,,,,,,,,,,,,,,,,,,,,,,,,,,,,,,,,,,,,,,,,,
135.55208,20.715658,0.00068421836,135.55208,20.715658,0.0005206009,,,,,,,,,,,,,,,,,,,,,,,,,,,,,,,,,,,,,,,,,,,,,,,,,,,,,,,,,,,,,135.55208,20.715658,0.30589405,135.55208,20.715658,-0.07564927,,,,,,,,,,,,,,,,,,,,,,,,,,,,,,,,,,,,,,,,,,,,,,,,,,,,,,,,,,,,,,,
135.55208,20.745638,0.00080321287,135.55208,20.745638,0.00034210912,,,,,,,,,,,,,,,,,,,,,,,,,,,,,,,,,,,,,,,,,,,,,,,,,,,,,,,,,,,,,135.55208,20.745638,0.72831196,135.55208,20.745638,-0.71717817,,,,,,,,,,,,,,,,,,,,,,,,,,,,,,,,,,,,,,,,,,,,,,,,,,,,,,,,,,,,,,,
135.55208,20.775618,0.0006098467,135.55208,20.775618,0.00058009813,,,,,,,,,,,,,,,,,,,,,,,,,,,,,,,,,,,,,,,,,,,,,,,,,,,,,,,,,,,,,135.55208,20.775618,0.035656717,135.55208,20.775618,0.11177434,,,,,,,,,,,,,,,,,,,,,,,,,,,,,,,,,,,,,,,,,,,,,,,,,,,,,,,,,,,,,,,
135.55208,20.805597,0.0007139669,135.55208,20.805597,0.00040160638,,,,,,,,,,,,,,,,,,,,,,,,,,,,,,,,,,,,,,,,,,,,,,,,,,,,,,,,,,,,,135.55208,20.805597,0.37925828,135.55208,20.805597,-0.46223864,,,,,,,,,,,,,,,,,,,,,,,,,,,,,,,,,,,,,,,,,,,,,,,,,,,,,,,,,,,,,,,
135.55208,20.835575,0.0008180872,135.55208,20.835575,0.0006395953,,,,,,,,,,,,,,,,,,,,,,,,,,,,,,,,,,,,,,,,,,,,,,,,,,,,,,,,,,,,,135.55208,20.835575,0.77147174,135.55208,20.835575,0.4147775,,,,,,,,,,,,,,,,,,,,,,,,,,,,,,,,,,,,,,,,,,,,,,,,,,,,,,,,,,,,,,,
135.55208,20.865555,0.00065446965,135.55208,20.865555,0.00047597795,,,,,,,,,,,,,,,,,,,,,,,,,,,,,,,,,,,,,,,,,,,,,,,,,,,,,,,,,,,,,135.55208,20.865555,0.16073114,135.55208,20.865555,-0.27495345,,,,,,,,,,,,,,,,,,,,,,,,,,,,,,,,,,,,,,,,,,,,,,,,,,,,,,,,,,,,,,,
135.55208,20.895535,0.00044622936,135.55208,20.895535,0.00047597795,,,,,,,,,,,,,,,,,,,,,,,,,,,,,,,,,,,,,,,,,,,,,,,,,,,,,,,,,,,,,135.55208,20.895535,-0.5500167,135.55208,20.895535,-0.2624182,,,,,,,,,,,,,,,,,,,,,,,,,,,,,,,,,,,,,,,,,,,,,,,,,,,,,,,,,,,,,,,
135.55208,20.925514,0.0006990926,135.55208,20.925514,0.00059497246,,,,,,,,,,,,,,,,,,,,,,,,,,,,,,,,,,,,,,,,,,,,,,,,,,,,,,,,,,,,,135.55208,20.925514,0.35369486,135.55208,20.925514,0.18355294,,,,,,,,,,,,,,,,,,,,,,,,,,,,,,,,,,,,,,,,,,,,,,,,,,,,,,,,,,,,,,,
135.55208,20.955492,0.00071396696,135.55208,20.955492,0.00046110366,,,,,,,,,,,,,,,,,,,,,,,,,,,,,,,,,,,,,,,,,,,,,,,,,,,,,,,,,,,,,135.55208,20.955492,0.40008613,135.55208,20.955492,-0.32748863,,,,,,,,,,,,,,,,,,,,,,,,,,,,,,,,,,,,,,,,,,,,,,,,,,,,,,,,,,,,,,,
135.55208,20.985472,0.00055034953,135.55208,20.985472,0.00066934404,,,,,,,,,,,,,,,,,,,,,,,,,,,,,,,,,,,,,,,,,,,,,,,,,,,,,,,,,,,,,135.55208,20.985472,-0.18821101,135.55208,20.985472,0.39352354,,,,,,,,,,,,,,,,,,,,,,,,,,,,,,,,,,,,,,,,,,,,,,,,,,,,,,,,,,,,,,,
135.55208,21.015451,0.0006098468,135.55208,21.015451,0.0004908522,,,,,,,,,,,,,,,,,,,,,,,,,,,,,,,,,,,,,,,,,,,,,,,,,,,,,,,,,,,,,135.55208,21.015451,0.0278393,135.55208,21.015451,-0.22984989,,,,,,,,,,,,,,,,,,,,,,,,,,,,,,,,,,,,,,,,,,,,,,,,,,,,,,,,,,,,,,,
135.55208,21.045431,0.0005652238,135.55208,21.045431,0.0006395954,,,,,,,,,,,,,,,,,,,,,,,,,,,,,,,,,,,,,,,,,,,,,,,,,,,,,,,,,,,,,135.55208,21.045431,-0.14407426,135.55208,21.045431,0.3529049,,,,,,,,,,,,,,,,,,,,,,,,,,,,,,,,,,,,,,,,,,,,,,,,,,,,,,,,,,,,,,,
135.55208,21.075409,0.00069909263,135.55208,21.075409,0.00059497246,,,,,,,,,,,,,,,,,,,,,,,,,,,,,,,,,,,,,,,,,,,,,,,,,,,,,,,,,,,,,135.55208,21.075409,0.31494686,135.55208,21.075409,0.117986836,,,,,,,,,,,,,,,,,,,,,,,,,,,,,,,,,,,,,,,,,,,,,,,,,,,,,,,,,,,,,,,
135.55208,21.105389,0.00069909263,135.55208,21.105389,0.00065446965,,,,,,,,,,,,,,,,,,,,,,,,,,,,,,,,,,,,,,,,,,,,,,,,,,,,,,,,,,,,,135.55208,21.105389,0.3147043,135.55208,21.105389,0.415525,,,,,,,,,,,,,,,,,,,,,,,,,,,,,,,,,,,,,,,,,,,,,,,,,,,,,,,,,,,,,,,
135.55208,21.135368,0.0007437156,135.55208,21.135368,0.0006395954,,,,,,,,,,,,,,,,,,,,,,,,,,,,,,,,,,,,,,,,,,,,,,,,,,,,,,,,,,,,,135.55208,21.135368,0.49071237,135.55208,21.135368,0.36791584,,,,,,,,,,,,,,,,,,,,,,,,,,,,,,,,,,,,,,,,,,,,,,,,,,,,,,,,,,,,,,,
135.55208,21.165348,0.00090733304,135.55208,21.165348,0.0004908522,,,,,,,,,,,,,,,,,,,,,,,,,,,,,,,,,,,,,,,,,,,,,,,,,,,,,,,,,,,,,135.55208,21.165348,1.0614638,135.55208,21.165348,-0.25158775,,,,,,,,,,,,,,,,,,,,,,,,,,,,,,,,,,,,,,,,,,,,,,,,,,,,,,,,,,,,,,,
135.55208,21.195326,0.0006395953,135.55208,21.195326,0.0006247211,,,,,,,,,,,,,,,,,,,,,,,,,,,,,,,,,,,,,,,,,,,,,,,,,,,,,,,,,,,,,135.55208,21.195326,0.13025974,135.55208,21.195326,0.2961355,,,,,,,,,,,,,,,,,,,,,,,,,,,,,,,,,,,,,,,,,,,,,,,,,,,,,,,,,,,,,,,
135.55208,21.225306,0.0007437155,135.55208,21.225306,0.00038673208,,,,,,,,,,,,,,,,,,,,,,,,,,,,,,,,,,,,,,,,,,,,,,,,,,,,,,,,,,,,,135.55208,21.225306,0.51455647,135.55208,21.225306,-0.55879754,,,,,,,,,,,,,,,,,,,,,,,,,,,,,,,,,,,,,,,,,,,,,,,,,,,,,,,,,,,,,,,
135.55208,21.255285,0.0006098467,135.55208,21.255285,0.0005652238,,,,,,,,,,,,,,,,,,,,,,,,,,,,,,,,,,,,,,,,,,,,,,,,,,,,,,,,,,,,,135.55208,21.255285,0.0014042722,135.55208,21.255285,0.10800077,,,,,,,,,,,,,,,,,,,,,,,,,,,,,,,,,,,,,,,,,,,,,,,,,,,,,,,,,,,,,,,
135.55208,21.285265,0.00065446965,135.55208,21.285265,0.00066934404,,,,,,,,,,,,,,,,,,,,,,,,,,,,,,,,,,,,,,,,,,,,,,,,,,,,,,,,,,,,,135.55208,21.285265,0.16972083,135.55208,21.285265,0.46114838,,,,,,,,,,,,,,,,,,,,,,,,,,,,,,,,,,,,,,,,,,,,,,,,,,,,,,,,,,,,,,,
135.55208,21.315243,0.0006395954,135.55208,21.315243,0.00053547526,,,,,,,,,,,,,,,,,,,,,,,,,,,,,,,,,,,,,,,,,,,,,,,,,,,,,,,,,,,,,135.55208,21.315243,0.11104194,135.55208,21.315243,-0.01517778,,,,,,,,,,,,,,,,,,,,,,,,,,,,,,,,,,,,,,,,,,,,,,,,,,,,,,,,,,,,,,,
135.55208,21.345222,0.00092220743,135.55208,21.345222,0.0005354752,,,,,,,,,,,,,,,,,,,,,,,,,,,,,,,,,,,,,,,,,,,,,,,,,,,,,,,,,,,,,135.55208,21.345222,1.1480563,135.55208,21.345222,-0.0077446867,,,,,,,,,,,,,,,,,,,,,,,,,,,,,,,,,,,,,,,,,,,,,,,,,,,,,,,,,,,,,,,
135.55208,21.375202,0.0005800982,135.55208,21.375202,0.00062472105,,,,,,,,,,,,,,,,,,,,,,,,,,,,,,,,,,,,,,,,,,,,,,,,,,,,,,,,,,,,,135.55208,21.375202,-0.081695266,135.55208,21.375202,0.26925245,,,,,,,,,,,,,,,,,,,,,,,,,,,,,,,,,,,,,,,,,,,,,,,,,,,,,,,,,,,,,,,
135.55208,21.405182,0.0007437156,135.55208,21.405182,0.0006098467,,,,,,,,,,,,,,,,,,,,,,,,,,,,,,,,,,,,,,,,,,,,,,,,,,,,,,,,,,,,,135.55208,21.405182,0.5309012,135.55208,21.405182,0.25300294,,,,,,,,,,,,,,,,,,,,,,,,,,,,,,,,,,,,,,,,,,,,,,,,,,,,,,,,,,,,,,,
135.55208,21.435162,0.0007288412,135.55208,21.435162,0.0006395954,,,,,,,,,,,,,,,,,,,,,,,,,,,,,,,,,,,,,,,,,,,,,,,,,,,,,,,,,,,,,135.55208,21.435162,0.43332714,135.55208,21.435162,0.21435672,,,,,,,,,,,,,,,,,,,,,,,,,,,,,,,,,,,,,,,,,,,,,,,,,,,,,,,,,,,,,,,
135.55208,21.46514,0.0007139669,135.55208,21.46514,0.00062472105,,,,,,,,,,,,,,,,,,,,,,,,,,,,,,,,,,,,,,,,,,,,,,,,,,,,,,,,,,,,,135.55208,21.46514,0.38261437,135.55208,21.46514,0.32262334,,,,,,,,,,,,,,,,,,,,,,,,,,,,,,,,,,,,,,,,,,,,,,,,,,,,,,,,,,,,,,,
135.55208,21.49512,0.00068421825,135.55208,21.49512,0.00050572655,,,,,,,,,,,,,,,,,,,,,,,,,,,,,,,,,,,,,,,,,,,,,,,,,,,,,,,,,,,,,135.55208,21.49512,0.31318614,135.55208,21.49512,-0.1371349,,,,,,,,,,,,,,,,,,,,,,,,,,,,,,,,,,,,,,,,,,,,,,,,,,,,,,,,,,,,,,,
135.55208,21.525099,0.00084783573,135.55208,21.525099,0.00055034953,,,,,,,,,,,,,,,,,,,,,,,,,,,,,,,,,,,,,,,,,,,,,,,,,,,,,,,,,,,,,135.55208,21.525099,0.8942431,135.55208,21.525099,0.023200074,,,,,,,,,,,,,,,,,,,,,,,,,,,,,,,,,,,,,,,,,,,,,,,,,,,,,,,,,,,,,,,
135.55208,21.555079,0.0007139669,135.55208,21.555079,0.0005354752,,,,,,,,,,,,,,,,,,,,,,,,,,,,,,,,,,,,,,,,,,,,,,,,,,,,,,,,,,,,,135.55208,21.555079,0.387396,135.55208,21.555079,-0.017577613,,,,,,,,,,,,,,,,,,,,,,,,,,,,,,,,,,,,,,,,,,,,,,,,,,,,,,,,,,,,,,,
135.55208,21.585056,0.0005206009,135.55208,21.585056,0.0005949724,,,,,,,,,,,,,,,,,,,,,,,,,,,,,,,,,,,,,,,,,,,,,,,,,,,,,,,,,,,,,135.55208,21.585056,-0.28248522,135.55208,21.585056,0.18101329,,,,,,,,,,,,,,,,,,,,,,,,,,,,,,,,,,,,,,,,,,,,,,,,,,,,,,,,,,,,,,,
135.55208,21.615036,0.0006395954,135.55208,21.615036,0.0005949724,,,,,,,,,,,,,,,,,,,,,,,,,,,,,,,,,,,,,,,,,,,,,,,,,,,,,,,,,,,,,135.55208,21.615036,0.12162677,135.55208,21.615036,0.16403842,,,,,,,,,,,,,,,,,,,,,,,,,,,,,,,,,,,,,,,,,,,,,,,,,,,,,,,,,,,,,,,
135.55208,21.645016,0.0006990927,135.55208,21.645016,0.00050572655,,,,,,,,,,,,,,,,,,,,,,,,,,,,,,,,,,,,,,,,,,,,,,,,,,,,,,,,,,,,,135.55208,21.645016,0.33290735,135.55208,21.645016,-0.10070436,,,,,,,,,,,,,,,,,,,,,,,,,,,,,,,,,,,,,,,,,,,,,,,,,,,,,,,,,,,,,,,
135.55208,21.674995,0.0007883384,135.55208,21.674995,0.0004611036,,,,,,,,,,,,,,,,,,,,,,,,,,,,,,,,,,,,,,,,,,,,,,,,,,,,,,,,,,,,,135.55208,21.674995,0.6380178,135.55208,21.674995,-0.3596819,,,,,,,,,,,,,,,,,,,,,,,,,,,,,,,,,,,,,,,,,,,,,,,,,,,,,,,,,,,,,,,
135.55208,21.704973,0.00062472105,135.55208,21.704973,0.0007437155,,,,,,,,,,,,,,,,,,,,,,,,,,,,,,,,,,,,,,,,,,,,,,,,,,,,,,,,,,,,,135.55208,21.704973,0.07924929,135.55208,21.704973,0.69230384,,,,,,,,,,,,,,,,,,,,,,,,,,,,,,,,,,,,,,,,,,,,,,,,,,,,,,,,,,,,,,,
135.55208,21.734953,0.00065446977,135.55208,21.734953,0.00068421825,,,,,,,,,,,,,,,,,,,,,,,,,,,,,,,,,,,,,,,,,,,,,,,,,,,,,,,,,,,,,135.55208,21.734953,0.20293713,135.55208,21.734953,0.5147317,,,,,,,,,,,,,,,,,,,,,,,,,,,,,,,,,,,,,,,,,,,,,,,,,,,,,,,,,,,,,,,
135.55208,21.764933,0.00047597795,135.55208,21.764933,0.0006395954,,,,,,,,,,,,,,,,,,,,,,,,,,,,,,,,,,,,,,,,,,,,,,,,,,,,,,,,,,,,,135.55208,21.764933,-0.449239,135.55208,21.764933,0.30152732,,,,,,,,,,,,,,,,,,,,,,,,,,,,,,,,,,,,,,,,,,,,,,,,,,,,,,,,,,,,,,,
135.55208,21.794912,0.0006395954,135.55208,21.794912,0.0004611036,,,,,,,,,,,,,,,,,,,,,,,,,,,,,,,,,,,,,,,,,,,,,,,,,,,,,,,,,,,,,135.55208,21.794912,0.123717494,135.55208,21.794912,-0.34720185,,,,,,,,,,,,,,,,,,,,,,,,,,,,,,,,,,,,,,,,,,,,,,,,,,,,,,,,,,,,,,,
135.55208,21.82489,0.00066934404,135.55208,21.82489,0.00047597795,,,,,,,,,,,,,,,,,,,,,,,,,,,,,,,,,,,,,,,,,,,,,,,,,,,,,,,,,,,,,135.55208,21.82489,0.19820781,135.55208,21.82489,-0.18184486,,,,,,,,,,,,,,,,,,,,,,,,,,,,,,,,,,,,,,,,,,,,,,,,,,,,,,,,,,,,,,,
135.55208,21.85487,0.00071396696,135.55208,21.85487,0.00050572655,,,,,,,,,,,,,,,,,,,,,,,,,,,,,,,,,,,,,,,,,,,,,,,,,,,,,,,,,,,,,135.55208,21.85487,0.38916382,135.55208,21.85487,-0.18079787,,,,,,,,,,,,,,,,,,,,,,,,,,,,,,,,,,,,,,,,,,,,,,,,,,,,,,,,,,,,,,,
135.55208,21.88485,0.00080321287,135.55208,21.88485,0.00065446965,,,,,,,,,,,,,,,,,,,,,,,,,,,,,,,,,,,,,,,,,,,,,,,,,,,,,,,,,,,,,135.55208,21.88485,0.68178475,135.55208,21.88485,0.37817636,,,,,,,,,,,,,,,,,,,,,,,,,,,,,,,,,,,,,,,,,,,,,,,,,,,,,,,,,,,,,,,
135.55208,21.91483,0.00068421836,135.55208,21.91483,0.0004462293,,,,,,,,,,,,,,,,,,,,,,,,,,,,,,,,,,,,,,,,,,,,,,,,,,,,,,,,,,,,,135.55208,21.91483,0.30010983,135.55208,21.91483,-0.31380287,,,,,,,,,,,,,,,,,,,,,,,,,,,,,,,,,,,,,,,,,,,,,,,,,,,,,,,,,,,,,,,
135.55208,21.944807,0.00069909263,135.55208,21.944807,0.0005800982,,,,,,,,,,,,,,,,,,,,,,,,,,,,,,,,,,,,,,,,,,,,,,,,,,,,,,,,,,,,,135.55208,21.944807,0.3637089,135.55208,21.944807,0.051120088,,,,,,,,,,,,,,,,,,,,,,,,,,,,,,,,,,,,,,,,,,,,,,,,,,,,,,,,,,,,,,,
135.55208,21.974787,0.0007585899,135.55208,21.974787,0.000475978,,,,,,,,,,,,,,,,,,,,,,,,,,,,,,,,,,,,,,,,,,,,,,,,,,,,,,,,,,,,,135.55208,21.974787,0.54809487,135.55208,21.974787,-0.25601858,,,,,,,,,,,,,,,,,,,,,,,,,,,,,,,,,,,,,,,,,,,,,,,,,,,,,,,,,,,,,,,
135.55208,22.004766,0.0005503495,135.55208,22.004766,0.00066934404,,,,,,,,,,,,,,,,,,,,,,,,,,,,,,,,,,,,,,,,,,,,,,,,,,,,,,,,,,,,,135.55208,22.004766,-0.17621793,135.55208,22.004766,0.40053156,,,,,,,,,,,,,,,,,,,,,,,,,,,,,,,,,,,,,,,,,,,,,,,,,,,,,,,,,,,,,,,
135.55208,22.034746,0.000669344,135.55208,22.034746,0.0006395954,,,,,,,,,,,,,,,,,,,,,,,,,,,,,,,,,,,,,,,,,,,,,,,,,,,,,,,,,,,,,135.55208,22.034746,0.21152395,135.55208,22.034746,0.3610317,,,,,,,,,,,,,,,,,,,,,,,,,,,,,,,,,,,,,,,,,,,,,,,,,,,,,,,,,,,,,,,
135.55208,22.064724,0.0007139669,135.55208,22.064724,0.0005949724,,,,,,,,,,,,,,,,,,,,,,,,,,,,,,,,,,,,,,,,,,,,,,,,,,,,,,,,,,,,,135.55208,22.064724,0.39933813,135.55208,22.064724,0.20731553,,,,,,,,,,,,,,,,,,,,,,,,,,,,,,,,,,,,,,,,,,,,,,,,,,,,,,,,,,,,,,,
135.55208,22.094704,0.00069909263,135.55208,22.094704,0.0005354752,,,,,,,,,,,,,,,,,,,,,,,,,,,,,,,,,,,,,,,,,,,,,,,,,,,,,,,,,,,,,135.55208,22.094704,0.32697156,135.55208,22.094704,-0.036775872,,,,,,,,,,,,,,,,,,,,,,,,,,,,,,,,,,,,,,,,,,,,,,,,,,,,,,,,,,,,,,,
135.55208,22.124683,0.0005503495,135.55208,22.124683,0.0005503495,,,,,,,,,,,,,,,,,,,,,,,,,,,,,,,,,,,,,,,,,,,,,,,,,,,,,,,,,,,,,135.55208,22.124683,-0.18077572,135.55208,22.124683,0.037032768,,,,,,,,,,,,,,,,,,,,,,,,,,,,,,,,,,,,,,,,,,,,,,,,,,,,,,,,,,,,,,,
135.55208,22.154663,0.00050572655,135.55208,22.154663,0.0005354752,,,,,,,,,,,,,,,,,,,,,,,,,,,,,,,,,,,,,,,,,,,,,,,,,,,,,,,,,,,,,135.55208,22.154663,-0.36873406,135.55208,22.154663,0.02565388,,,,,,,,,,,,,,,,,,,,,,,,,,,,,,,,,,,,,,,,,,,,,,,,,,,,,,,,,,,,,,,
135.55208,22.184643,0.00071396696,135.55208,22.184643,0.0007585898,,,,,,,,,,,,,,,,,,,,,,,,,,,,,,,,,,,,,,,,,,,,,,,,,,,,,,,,,,,,,135.55208,22.184643,0.38886988,135.55208,22.184643,0.85171723,,,,,,,,,,,,,,,,,,,,,,,,,,,,,,,,,,,,,,,,,,,,,,,,,,,,,,,,,,,,,,,
135.55208,22.21462,0.0004611036,135.55208,22.21462,0.000713967,,,,,,,,,,,,,,,,,,,,,,,,,,,,,,,,,,,,,,,,,,,,,,,,,,,,,,,,,,,,,135.55208,22.21462,-0.51933885,135.55208,22.21462,0.57323486,,,,,,,,,,,,,,,,,,,,,,,,,,,,,,,,,,,,,,,,,,,,,,,,,,,,,,,,,,,,,,,
135.55208,22.2446,0.00066934404,135.55208,22.2446,0.0006395953,,,,,,,,,,,,,,,,,,,,,,,,,,,,,,,,,,,,,,,,,,,,,,,,,,,,,,,,,,,,,135.55208,22.2446,0.20238738,135.55208,22.2446,0.33464748,,,,,,,,,,,,,,,,,,,,,,,,,,,,,,,,,,,,,,,,,,,,,,,,,,,,,,,,,,,,,,,
135.55208,22.27458,0.0008924587,135.55208,22.27458,0.0005652238,,,,,,,,,,,,,,,,,,,,,,,,,,,,,,,,,,,,,,,,,,,,,,,,,,,,,,,,,,,,,135.55208,22.27458,1.0355693,135.55208,22.27458,0.037492216,,,,,,,,,,,,,,,,,,,,,,,,,,,,,,,,,,,,,,,,,,,,,,,,,,,,,,,,,,,,,,,
135.55208,22.30456,0.00065446965,135.55208,22.30456,0.0005652238,,,,,,,,,,,,,,,,,,,,,,,,,,,,,,,,,,,,,,,,,,,,,,,,,,,,,,,,,,,,,135.55208,22.30456,0.16810957,135.55208,22.30456,0.11801587,,,,,,,,,,,,,,,,,,,,,,,,,,,,,,,,,,,,,,,,,,,,,,,,,,,,,,,,,,,,,,,
135.55208,22.334538,0.00077346415,135.55208,22.334538,0.00040160638,,,,,,,,,,,,,,,,,,,,,,,,,,,,,,,,,,,,,,,,,,,,,,,,,,,,,,,,,,,,,135.55208,22.334538,0.6201228,135.55208,22.334538,-0.6086088,,,,,,,,,,,,,,,,,,,,,,,,,,,,,,,,,,,,,,,,,,,,,,,,,,,,,,,,,,,,,,,
135.55208,22.364517,0.00065446965,135.55208,22.364517,0.00068421836,,,,,,,,,,,,,,,,,,,,,,,,,,,,,,,,,,,,,,,,,,,,,,,,,,,,,,,,,,,,,135.55208,22.364517,0.1604721,135.55208,22.364517,0.49286902,,,,,,,,,,,,,,,,,,,,,,,,,,,,,,,,,,,,,,,,,,,,,,,,,,,,,,,,,,,,,,,
135.55208,22.394497,0.00069909263,135.55208,22.394497,0.00071396696,,,,,,,,,,,,,,,,,,,,,,,,,,,,,,,,,,,,,,,,,,,,,,,,,,,,,,,,,,,,,135.55208,22.394497,0.33950123,135.55208,22.394497,0.5871856,,,,,,,,,,,,,,,,,,,,,,,,,,,,,,,,,,,,,,,,,,,,,,,,,,,,,,,,,,,,,,,
135.55208,22.424477,0.0007139669,135.55208,22.424477,0.00068421836,,,,,,,,,,,,,,,,,,,,,,,,,,,,,,,,,,,,,,,,,,,,,,,,,,,,,,,,,,,,,135.55208,22.424477,0.38895762,135.55208,22.424477,0.52669394,,,,,,,,,,,,,,,,,,,,,,,,,,,,,,,,,,,,,,,,,,,,,,,,,,,,,,,,,,,,,,,
135.55208,22.454454,0.0007139669,135.55208,22.454454,0.0005354752,,,,,,,,,,,,,,,,,,,,,,,,,,,,,,,,,,,,,,,,,,,,,,,,,,,,,,,,,,,,,135.55208,22.454454,0.4009992,135.55208,22.454454,-0.020878963,,,,,,,,,,,,,,,,,,,,,,,,,,,,,,,,,,,,,,,,,,,,,,,,,,,,,,,,,,,,,,,
135.55208,22.484434,0.00062472105,135.55208,22.484434,0.00074371556,,,,,,,,,,,,,,,,,,,,,,,,,,,,,,,,,,,,,,,,,,,,,,,,,,,,,,,,,,,,,135.55208,22.484434,0.094131015,135.55208,22.484434,0.7261274,,,,,,,,,,,,,,,,,,,,,,,,,,,,,,,,,,,,,,,,,,,,,,,,,,,,,,,,,,,,,,,
135.55208,22.514414,0.0007585898,135.55208,22.514414,0.00050572655,,,,,,,,,,,,,,,,,,,,,,,,,,,,,,,,,,,,,,,,,,,,,,,,,,,,,,,,,,,,,135.55208,22.514414,0.5458338,135.55208,22.514414,-0.10734265,,,,,,,,,,,,,,,,,,,,,,,,,,,,,,,,,,,,,,,,,,,,,,,,,,,,,,,,,,,,,,,
135.55208,22.544394,0.0005206009,135.55208,22.544394,0.0005503495,,,,,,,,,,,,,,,,,,,,,,,,,,,,,,,,,,,,,,,,,,,,,,,,,,,,,,,,,,,,,135.55208,22.544394,-0.29503345,135.55208,22.544394,0.019680964,,,,,,,,,,,,,,,,,,,,,,,,,,,,,,,,,,,,,,,,,,,,,,,,,,,,,,,,,,,,,,,
135.55208,22.574371,0.0005652238,135.55208,22.574371,0.00058009813,,,,,,,,,,,,,,,,,,,,,,,,,,,,,,,,,,,,,,,,,,,,,,,,,,,,,,,,,,,,,135.55208,22.574371,-0.14739008,135.55208,22.574371,0.07492164,,,,,,,,,,,,,,,,,,,,,,,,,,,,,,,,,,,,,,,,,,,,,,,,,,,,,,,,,,,,,,,
135.55208,22.604351,0.00077346415,135.55208,22.604351,0.00046110366,,,,,,,,,,,,,,,,,,,,,,,,,,,,,,,,,,,,,,,,,,,,,,,,,,,,,,,,,,,,,135.55208,22.604351,0.64820886,135.55208,22.604351,-0.27089345,,,,,,,,,,,,,,,,,,,,,,,,,,,,,,,,,,,,,,,,,,,,,,,,,,,,,,,,,,,,,,,
135.55208,22.63433,0.0005800982,135.55208,22.63433,0.0005206008,,,,,,,,,,,,,,,,,,,,,,,,,,,,,,,,,,,,,,,,,,,,,,,,,,,,,,,,,,,,,135.55208,22.63433,-0.10910502,135.55208,22.63433,-0.15309507,,,,,,,,,,,,,,,,,,,,,,,,,,,,,,,,,,,,,,,,,,,,,,,,,,,,,,,,,,,,,,,
135.55208,22.66431,0.0005206009,135.55208,22.66431,0.00068421825,,,,,,,,,,,,,,,,,,,,,,,,,,,,,,,,,,,,,,,,,,,,,,,,,,,,,,,,,,,,,135.55208,22.66431,-0.3047568,135.55208,22.66431,0.55741334,,,,,,,,,,,,,,,,,,,,,,,,,,,,,,,,,,,,,,,,,,,,,,,,,,,,,,,,,,,,,,,
135.55208,22.694288,0.0007883385,135.55208,22.694288,0.00040160638,,,,,,,,,,,,,,,,,,,,,,,,,,,,,,,,,,,,,,,,,,,,,,,,,,,,,,,,,,,,,135.55208,22.694288,0.6757591,135.55208,22.694288,-0.5426399,,,,,,,,,,,,,,,,,,,,,,,,,,,,,,,,,,,,,,,,,,,,,,,,,,,,,,,,,,,,,,,
135.55208,22.724268,0.00083296146,135.55208,22.724268,0.0005354752,,,,,,,,,,,,,,,,,,,,,,,,,,,,,,,,,,,,,,,,,,,,,,,,,,,,,,,,,,,,,135.55208,22.724268,0.8321609,135.55208,22.724268,-0.0050887265,,,,,,,,,,,,,,,,,,,,,,,,,,,,,,,,,,,,,,,,,,,,,,,,,,,,,,,,,,,,,,,
135.55208,22.754248,0.00049085234,135.55208,22.754248,0.00055034953,,,,,,,,,,,,,,,,,,,,,,,,,,,,,,,,,,,,,,,,,,,,,,,,,,,,,,,,,,,,,135.55208,22.754248,-0.38774002,135.55208,22.754248,0.023309568,,,,,,,,,,,,,,,,,,,,,,,,,,,,,,,,,,,,,,,,,,,,,,,,,,,,,,,,,,,,,,,
135.55208,22.784227,0.0006544697,135.55208,22.784227,0.0006395954,,,,,,,,,,,,,,,,,,,,,,,,,,,,,,,,,,,,,,,,,,,,,,,,,,,,,,,,,,,,,135.55208,22.784227,0.17697604,135.55208,22.784227,0.27098492,,,,,,,,,,,,,,,,,,,,,,,,,,,,,,,,,,,,,,,,,,,,,,,,,,,,,,,,,,,,,,,
135.55208,22.814205,0.0007139669,135.55208,22.814205,0.0005206009,,,,,,,,,,,,,,,,,,,,,,,,,,,,,,,,,,,,,,,,,,,,,,,,,,,,,,,,,,,,,135.55208,22.814205,0.3759708,135.55208,22.814205,-0.10599791,,,,,,,,,,,,,,,,,,,,,,,,,,,,,,,,,,,,,,,,,,,,,,,,,,,,,,,,,,,,,,,
135.55208,22.844185,0.0007437155,135.55208,22.844185,0.0005652238,,,,,,,,,,,,,,,,,,,,,,,,,,,,,,,,,,,,,,,,,,,,,,,,,,,,,,,,,,,,,135.55208,22.844185,0.48498195,135.55208,22.844185,0.027579613,,,,,,,,,,,,,,,,,,,,,,,,,,,,,,,,,,,,,,,,,,,,,,,,,,,,,,,,,,,,,,,
135.55208,22.874165,0.00065446977,135.55208,22.874165,0.00050572655,,,,,,,,,,,,,,,,,,,,,,,,,,,,,,,,,,,,,,,,,,,,,,,,,,,,,,,,,,,,,135.55208,22.874165,0.20814759,135.55208,22.874165,-0.09797632,,,,,,,,,,,,,,,,,,,,,,,,,,,,,,,,,,,,,,,,,,,,,,,,,,,,,,,,,,,,,,,
135.55208,22.904144,0.00062472105,135.55208,22.904144,0.00069909263,,,,,,,,,,,,,,,,,,,,,,,,,,,,,,,,,,,,,,,,,,,,,,,,,,,,,,,,,,,,,135.55208,22.904144,0.11672563,135.55208,22.904144,0.6267086,,,,,,,,,,,,,,,,,,,,,,,,,,,,,,,,,,,,,,,,,,,,,,,,,,,,,,,,,,,,,,,
135.55208,22.934122,0.00065446965,135.55208,22.934122,0.000669344,,,,,,,,,,,,,,,,,,,,,,,,,,,,,,,,,,,,,,,,,,,,,,,,,,,,,,,,,,,,,135.55208,22.934122,0.16026938,135.55208,22.934122,0.42144343,,,,,,,,,,,,,,,,,,,,,,,,,,,,,,,,,,,,,,,,,,,,,,,,,,,,,,,,,,,,,,,
135.55208,22.964102,0.0005503495,135.55208,22.964102,0.00066934404,,,,,,,,,,,,,,,,,,,,,,,,,,,,,,,,,,,,,,,,,,,,,,,,,,,,,,,,,,,,,135.55208,22.964102,-0.16986336,135.55208,22.964102,0.44047016,,,,,,,,,,,,,,,,,,,,,,,,,,,,,,,,,,,,,,,,,,,,,,,,,,,,,,,,,,,,,,,
135.55208,22.994081,0.00072884123,135.55208,22.994081,0.0006842183,,,,,,,,,,,,,,,,,,,,,,,,,,,,,,,,,,,,,,,,,,,,,,,,,,,,,,,,,,,,,135.55208,22.994081,0.42471492,135.55208,22.994081,0.51721007,,,,,,,,,,,,,,,,,,,,,,,,,,,,,,,,,,,,,,,,,,,,,,,,,,,,,,,,,,,,,,,
135.55208,23.024061,0.0006395953,135.55208,23.024061,0.0006098468,,,,,,,,,,,,,,,,,,,,,,,,,,,,,,,,,,,,,,,,,,,,,,,,,,,,,,,,,,,,,135.55208,23.024061,0.14099413,135.55208,23.024061,0.21700118,,,,,,,,,,,,,,,,,,,,,,,,,,,,,,,,,,,,,,,,,,,,,,,,,,,,,,,,,,,,,,,
135.55208,23.05404,0.0006544697,135.55208,23.05404,0.0007585899,,,,,,,,,,,,,,,,,,,,,,,,,,,,,,,,,,,,,,,,,,,,,,,,,,,,,,,,,,,,,135.55208,23.05404,0.18539007,135.55208,23.05404,0.8394231,,,,,,,,,,,,,,,,,,,,,,,,,,,,,,,,,,,,,,,,,,,,,,,,,,,,,,,,,,,,,,,
135.55208,23.084019,0.0006544697,135.55208,23.084019,0.0005503495,,,,,,,,,,,,,,,,,,,,,,,,,,,,,,,,,,,,,,,,,,,,,,,,,,,,,,,,,,,,,135.55208,23.084019,0.17597587,135.55208,23.084019,0.122188315,,,,,,,,,,,,,,,,,,,,,,,,,,,,,,,,,,,,,,,,,,,,,,,,,,,,,,,,,,,,,,,
135.55208,23.113998,0.0007288412,135.55208,23.113998,0.0006098467,,,,,,,,,,,,,,,,,,,,,,,,,,,,,,,,,,,,,,,,,,,,,,,,,,,,,,,,,,,,,135.55208,23.113998,0.47588655,135.55208,23.113998,0.25729153,,,,,,,,,,,,,,,,,,,,,,,,,,,,,,,,,,,,,,,,,,,,,,,,,,,,,,,,,,,,,,,
135.55208,23.143978,0.0007883385,135.55208,23.143978,0.0004908522,,,,,,,,,,,,,,,,,,,,,,,,,,,,,,,,,,,,,,,,,,,,,,,,,,,,,,,,,,,,,135.55208,23.143978,0.6918616,135.55208,23.143978,-0.30298477,,,,,,,,,,,,,,,,,,,,,,,,,,,,,,,,,,,,,,,,,,,,,,,,,,,,,,,,,,,,,,,
135.55208,23.173958,0.0005949724,135.55208,23.173958,0.0005206009,,,,,,,,,,,,,,,,,,,,,,,,,,,,,,,,,,,,,,,,,,,,,,,,,,,,,,,,,,,,,135.55208,23.173958,-0.023471303,135.55208,23.173958,-0.052407086,,,,,,,,,,,,,,,,,,,,,,,,,,,,,,,,,,,,,,,,,,,,,,,,,,,,,,,,,,,,,,,
135.55208,23.203936,0.0006098467,135.55208,23.203936,0.0005354752,,,,,,,,,,,,,,,,,,,,,,,,,,,,,,,,,,,,,,,,,,,,,,,,,,,,,,,,,,,,,135.55208,23.203936,-0.0028386083,135.55208,23.203936,0.026976751,,,,,,,,,,,,,,,,,,,,,,,,,,,,,,,,,,,,,,,,,,,,,,,,,,,,,,,,,,,,,,,
135.55208,23.233915,0.00077346415,135.55208,23.233915,0.0006990926,,,,,,,,,,,,,,,,,,,,,,,,,,,,,,,,,,,,,,,,,,,,,,,,,,,,,,,,,,,,,135.55208,23.233915,0.6009921,135.55208,23.233915,0.5116963,,,,,,,,,,,,,,,,,,,,,,,,,,,,,,,,,,,,,,,,,,,,,,,,,,,,,,,,,,,,,,,
135.55208,23.263895,0.00065446965,135.55208,23.263895,0.00068421825,,,,,,,,,,,,,,,,,,,,,,,,,,,,,,,,,,,,,,,,,,,,,,,,,,,,,,,,,,,,,135.55208,23.263895,0.18558195,135.55208,23.263895,0.46733797,,,,,,,,,,,,,,,,,,,,,,,,,,,,,,,,,,,,,,,,,,,,,,,,,,,,,,,,,,,,,,,
135.55208,23.293875,0.0007734642,135.55208,23.293875,0.00058009813,,,,,,,,,,,,,,,,,,,,,,,,,,,,,,,,,,,,,,,,,,,,,,,,,,,,,,,,,,,,,135.55208,23.293875,0.61841816,135.55208,23.293875,0.08964688,,,,,,,,,,,,,,,,,,,,,,,,,,,,,,,,,,,,,,,,,,,,,,,,,,,,,,,,,,,,,,,
135.55208,23.323853,0.00062472105,135.55208,23.323853,0.00090733304,,,,,,,,,,,,,,,,,,,,,,,,,,,,,,,,,,,,,,,,,,,,,,,,,,,,,,,,,,,,,135.55208,23.323853,0.06787488,135.55208,23.323853,1.3304632,,,,,,,,,,,,,,,,,,,,,,,,,,,,,,,,,,,,,,,,,,,,,,,,,,,,,,,,,,,,,,,
135.55208,23.353832,0.00078833854,135.55208,23.353832,0.0005206009,,,,,,,,,,,,,,,,,,,,,,,,,,,,,,,,,,,,,,,,,,,,,,,,,,,,,,,,,,,,,135.55208,23.353832,0.64940935,135.55208,23.353832,-0.07927431,,,,,,,,,,,,,,,,,,,,,,,,,,,,,,,,,,,,,,,,,,,,,,,,,,,,,,,,,,,,,,,
135.55208,23.383812,0.00072884123,135.55208,23.383812,0.000669344,,,,,,,,,,,,,,,,,,,,,,,,,,,,,,,,,,,,,,,,,,,,,,,,,,,,,,,,,,,,,135.55208,23.383812,0.4322034,135.55208,23.383812,0.36913213,,,,,,,,,,,,,,,,,,,,,,,,,,,,,,,,,,,,,,,,,,,,,,,,,,,,,,,,,,,,,,,
135.55208,23.413792,0.000669344,135.55208,23.413792,0.0006098467,,,,,,,,,,,,,,,,,,,,,,,,,,,,,,,,,,,,,,,,,,,,,,,,,,,,,,,,,,,,,135.55208,23.413792,0.2342506,135.55208,23.413792,0.29602078,,,,,,,,,,,,,,,,,,,,,,,,,,,,,,,,,,,,,,,,,,,,,,,,,,,,,,,,,,,,,,,
135.55208,23.44377,0.0006395954,135.55208,23.44377,0.00069909263,,,,,,,,,,,,,,,,,,,,,,,,,,,,,,,,,,,,,,,,,,,,,,,,,,,,,,,,,,,,,135.55208,23.44377,0.12279895,135.55208,23.44377,0.67152226,,,,,,,,,,,,,,,,,,,,,,,,,,,,,,,,,,,,,,,,,,,,,,,,,,,,,,,,,,,,,,,
135.55208,23.47375,0.00069909263,135.55208,23.47375,0.0005949724,,,,,,,,,,,,,,,,,,,,,,,,,,,,,,,,,,,,,,,,,,,,,,,,,,,,,,,,,,,,,135.55208,23.47375,0.31203687,135.55208,23.47375,0.21125929,,,,,,,,,,,,,,,,,,,,,,,,,,,,,,,,,,,,,,,,,,,,,,,,,,,,,,,,,,,,,,,
135.55208,23.503729,0.0008329615,135.55208,23.503729,0.00050572655,,,,,,,,,,,,,,,,,,,,,,,,,,,,,,,,,,,,,,,,,,,,,,,,,,,,,,,,,,,,,135.55208,23.503729,0.78896683,135.55208,23.503729,-0.13090816,,,,,,,,,,,,,,,,,,,,,,,,,,,,,,,,,,,,,,,,,,,,,,,,,,,,,,,,,,,,,,,
135.55208,23.533709,0.00071396696,135.55208,23.533709,0.0005206009,,,,,,,,,,,,,,,,,,,,,,,,,,,,,,,,,,,,,,,,,,,,,,,,,,,,,,,,,,,,,135.55208,23.533709,0.41263956,135.55208,23.533709,-0.07821764,,,,,,,,,,,,,,,,,,,,,,,,,,,,,,,,,,,,,,,,,,,,,,,,,,,,,,,,,,,,,,,
135.55208,23.563686,0.00050572655,135.55208,23.563686,0.0004908523,,,,,,,,,,,,,,,,,,,,,,,,,,,,,,,,,,,,,,,,,,,,,,,,,,,,,,,,,,,,,135.55208,23.563686,-0.3626716,135.55208,23.563686,-0.18904355,,,,,,,,,,,,,,,,,,,,,,,,,,,,,,,,,,,,,,,,,,,,,,,,,,,,,,,,,,,,,,,
135.55208,23.593666,0.00068421825,135.55208,23.593666,0.0006247211,,,,,,,,,,,,,,,,,,,,,,,,,,,,,,,,,,,,,,,,,,,,,,,,,,,,,,,,,,,,,135.55208,23.593666,0.29432276,135.55208,23.593666,0.3940333,,,,,,,,,,,,,,,,,,,,,,,,,,,,,,,,,,,,,,,,,,,,,,,,,,,,,,,,,,,,,,,
135.55208,23.623646,0.00062472105,135.55208,23.623646,0.0004908523,,,,,,,,,,,,,,,,,,,,,,,,,,,,,,,,,,,,,,,,,,,,,,,,,,,,,,,,,,,,,135.55208,23.623646,0.06730265,135.55208,23.623646,-0.22361146,,,,,,,,,,,,,,,,,,,,,,,,,,,,,,,,,,,,,,,,,,,,,,,,,,,,,,,,,,,,,,,
135.55208,23.653625,0.00081808714,135.55208,23.653625,0.0005354752,,,,,,,,,,,,,,,,,,,,,,,,,,,,,,,,,,,,,,,,,,,,,,,,,,,,,,,,,,,,,135.55208,23.653625,0.7529632,135.55208,23.653625,-0.031478968,,,,,,,,,,,,,,,,,,,,,,,,,,,,,,,,,,,,,,,,,,,,,,,,,,,,,,,,,,,,,,,
135.55208,23.683603,0.0007585899,135.55208,23.683603,0.0006395954,,,,,,,,,,,,,,,,,,,,,,,,,,,,,,,,,,,,,,,,,,,,,,,,,,,,,,,,,,,,,135.55208,23.683603,0.53693587,135.55208,23.683603,0.41492426,,,,,,,,,,,,,,,,,,,,,,,,,,,,,,,,,,,,,,,,,,,,,,,,,,,,,,,,,,,,,,,
135.55208,23.713583,0.00062472105,135.55208,23.713583,0.00050572655,,,,,,,,,,,,,,,,,,,,,,,,,,,,,,,,,,,,,,,,,,,,,,,,,,,,,,,,,,,,,135.55208,23.713583,0.069103785,135.55208,23.713583,-0.16332896,,,,,,,,,,,,,,,,,,,,,,,,,,,,,,,,,,,,,,,,,,,,,,,,,,,,,,,,,,,,,,,
135.55208,23.743563,0.0008180872,135.55208,23.743563,0.0005354752,,,,,,,,,,,,,,,,,,,,,,,,,,,,,,,,,,,,,,,,,,,,,,,,,,,,,,,,,,,,,135.55208,23.743563,0.777261,135.55208,23.743563,-0.07097921,,,,,,,,,,,,,,,,,,,,,,,,,,,,,,,,,,,,,,,,,,,,,,,,,,,,,,,,,,,,,,,
135.55208,23.773542,0.0006098467,135.55208,23.773542,0.00050572655,,,,,,,,,,,,,,,,,,,,,,,,,,,,,,,,,,,,,,,,,,,,,,,,,,,,,,,,,,,,,135.55208,23.773542,0.00044261746,135.55208,23.773542,-0.107839994,,,,,,,,,,,,,,,,,,,,,,,,,,,,,,,,,,,,,,,,,,,,,,,,,,,,,,,,,,,,,,,
135.55208,23.80352,0.00072884123,135.55208,23.80352,0.00058009813,,,,,,,,,,,,,,,,,,,,,,,,,,,,,,,,,,,,,,,,,,,,,,,,,,,,,,,,,,,,,135.55208,23.80352,0.41049588,135.55208,23.80352,0.1698537,,,,,,,,,,,,,,,,,,,,,,,,,,,,,,,,,,,,,,,,,,,,,,,,,,,,,,,,,,,,,,,
135.55208,23.8335,0.0008180871,135.55208,23.8335,0.00058009813,,,,,,,,,,,,,,,,,,,,,,,,,,,,,,,,,,,,,,,,,,,,,,,,,,,,,,,,,,,,,135.55208,23.8335,0.73561215,135.55208,23.8335,0.10132095,,,,,,,,,,,,,,,,,,,,,,,,,,,,,,,,,,,,,,,,,,,,,,,,,,,,,,,,,,,,,,,
135.55208,23.86348,0.00062472105,135.55208,23.86348,0.0006395954,,,,,,,,,,,,,,,,,,,,,,,,,,,,,,,,,,,,,,,,,,,,,,,,,,,,,,,,,,,,,135.55208,23.86348,0.06600496,135.55208,23.86348,0.30310047,,,,,,,,,,,,,,,,,,,,,,,,,,,,,,,,,,,,,,,,,,,,,,,,,,,,,,,,,,,,,,,
135.55208,23.89346,0.00071396696,135.55208,23.89346,0.00056522386,,,,,,,,,,,,,,,,,,,,,,,,,,,,,,,,,,,,,,,,,,,,,,,,,,,,,,,,,,,,,135.55208,23.89346,0.3776094,135.55208,23.89346,0.044747032,,,,,,,,,,,,,,,,,,,,,,,,,,,,,,,,,,,,,,,,,,,,,,,,,,,,,,,,,,,,,,,
135.55208,23.923439,0.00074371556,135.55208,23.923439,0.0004016064,,,,,,,,,,,,,,,,,,,,,,,,,,,,,,,,,,,,,,,,,,,,,,,,,,,,,,,,,,,,,135.55208,23.923439,0.5071656,135.55208,23.923439,-0.5135804,,,,,,,,,,,,,,,,,,,,,,,,,,,,,,,,,,,,,,,,,,,,,,,,,,,,,,,,,,,,,,,
135.55208,23.953417,0.00065446965,135.55208,23.953417,0.00058009813,,,,,,,,,,,,,,,,,,,,,,,,,,,,,,,,,,,,,,,,,,,,,,,,,,,,,,,,,,,,,135.55208,23.953417,0.19502023,135.55208,23.953417,0.16883896,,,,,,,,,,,,,,,,,,,,,,,,,,,,,,,,,,,,,,,,,,,,,,,,,,,,,,,,,,,,,,,
135.55208,23.983397,0.00083296146,135.55208,23.983397,0.0005949724,,,,,,,,,,,,,,,,,,,,,,,,,,,,,,,,,,,,,,,,,,,,,,,,,,,,,,,,,,,,,135.55208,23.983397,0.84848744,135.55208,23.983397,0.16558579,,,,,,,,,,,,,,,,,,,,,,,,,,,,,,,,,,,,,,,,,,,,,,,,,,,,,,,,,,,,,,,
135.55208,24.013376,0.00058009813,135.55208,24.013376,0.0006247211,,,,,,,,,,,,,,,,,,,,,,,,,,,,,,,,,,,,,,,,,,,,,,,,,,,,,,,,,,,,,135.55208,24.013376,-0.06544385,135.55208,24.013376,0.2865257,,,,,,,,,,,,,,,,,,,,,,,,,,,,,,,,,,,,,,,,,,,,,,,,,,,,,,,,,,,,,,,
135.55208,24.043356,0.0009668302,135.55208,24.043356,0.00032723483,,,,,,,,,,,,,,,,,,,,,,,,,,,,,,,,,,,,,,,,,,,,,,,,,,,,,,,,,,,,,135.55208,24.043356,1.2843062,135.55208,24.043356,-0.8165564,,,,,,,,,,,,,,,,,,,,,,,,,,,,,,,,,,,,,,,,,,,,,,,,,,,,,,,,,,,,,,,
135.55208,24.073334,0.00080321287,135.55208,24.073334,0.0005354752,,,,,,,,,,,,,,,,,,,,,,,,,,,,,,,,,,,,,,,,,,,,,,,,,,,,,,,,,,,,,135.55208,24.073334,0.7160813,135.55208,24.073334,-0.048100214,,,,,,,,,,,,,,,,,,,,,,,,,,,,,,,,,,,,,,,,,,,,,,,,,,,,,,,,,,,,,,,
135.55208,24.103313,0.0005206008,135.55208,24.103313,0.00058009813,,,,,,,,,,,,,,,,,,,,,,,,,,,,,,,,,,,,,,,,,,,,,,,,,,,,,,,,,,,,,135.55208,24.103313,-0.2952857,135.55208,24.103313,0.18970355,,,,,,,,,,,,,,,,,,,,,,,,,,,,,,,,,,,,,,,,,,,,,,,,,,,,,,,,,,,,,,,
135.55208,24.133293,0.0007734641,135.55208,24.133293,0.0006395954,,,,,,,,,,,,,,,,,,,,,,,,,,,,,,,,,,,,,,,,,,,,,,,,,,,,,,,,,,,,,135.55208,24.133293,0.61965054,135.55208,24.133293,0.36599216,,,,,,,,,,,,,,,,,,,,,,,,,,,,,,,,,,,,,,,,,,,,,,,,,,,,,,,,,,,,,,,
135.55208,24.163273,0.00065446965,135.55208,24.163273,0.0005949724,,,,,,,,,,,,,,,,,,,,,,,,,,,,,,,,,,,,,,,,,,,,,,,,,,,,,,,,,,,,,135.55208,24.163273,0.17986305,135.55208,24.163273,0.19631682,,,,,,,,,,,,,,,,,,,,,,,,,,,,,,,,,,,,,,,,,,,,,,,,,,,,,,,,,,,,,,,
135.55208,24.19325,0.00065446965,135.55208,24.19325,0.00050572655,,,,,,,,,,,,,,,,,,,,,,,,,,,,,,,,,,,,,,,,,,,,,,,,,,,,,,,,,,,,,135.55208,24.19325,0.20109892,135.55208,24.19325,-0.18112822,,,,,,,,,,,,,,,,,,,,,,,,,,,,,,,,,,,,,,,,,,,,,,,,,,,,,,,,,,,,,,,
135.55208,24.22323,0.0006990925,135.55208,24.22323,0.00047597795,,,,,,,,,,,,,,,,,,,,,,,,,,,,,,,,,,,,,,,,,,,,,,,,,,,,,,,,,,,,,135.55208,24.22323,0.33573893,135.55208,24.22323,-0.1641038,,,,,,,,,,,,,,,,,,,,,,,,,,,,,,,,,,,,,,,,,,,,,,,,,,,,,,,,,,,,,,,
135.55208,24.25321,0.00050572655,135.55208,24.25321,0.00068421836,,,,,,,,,,,,,,,,,,,,,,,,,,,,,,,,,,,,,,,,,,,,,,,,,,,,,,,,,,,,,135.55208,24.25321,-0.3714763,135.55208,24.25321,0.5231743,,,,,,,,,,,,,,,,,,,,,,,,,,,,,,,,,,,,,,,,,,,,,,,,,,,,,,,,,,,,,,,
135.55208,24.28319,0.00066934404,135.55208,24.28319,0.00062472105,,,,,,,,,,,,,,,,,,,,,,,,,,,,,,,,,,,,,,,,,,,,,,,,,,,,,,,,,,,,,135.55208,24.28319,0.20448738,135.55208,24.28319,0.33954853,,,,,,,,,,,,,,,,,,,,,,,,,,,,,,,,,,,,,,,,,,,,,,,,,,,,,,,,,,,,,,,
135.55208,24.313168,0.0008032128,135.55208,24.313168,0.0005503495,,,,,,,,,,,,,,,,,,,,,,,,,,,,,,,,,,,,,,,,,,,,,,,,,,,,,,,,,,,,,135.55208,24.313168,0.69724053,135.55208,24.313168,0.057981543,,,,,,,,,,,,,,,,,,,,,,,,,,,,,,,,,,,,,,,,,,,,,,,,,,,,,,,,,,,,,,,
135.55208,24.343147,0.0005652238,135.55208,24.343147,0.00069909263,,,,,,,,,,,,,,,,,,,,,,,,,,,,,,,,,,,,,,,,,,,,,,,,,,,,,,,,,,,,,135.55208,24.343147,-0.14453813,135.55208,24.343147,0.5423744,,,,,,,,,,,,,,,,,,,,,,,,,,,,,,,,,,,,,,,,,,,,,,,,,,,,,,,,,,,,,,,
135.55208,24.373127,0.00075858994,135.55208,24.373127,0.00066934404,,,,,,,,,,,,,,,,,,,,,,,,,,,,,,,,,,,,,,,,,,,,,,,,,,,,,,,,,,,,,135.55208,24.373127,0.5264797,135.55208,24.373127,0.4913026,,,,,,,,,,,,,,,,,,,,,,,,,,,,,,,,,,,,,,,,,,,,,,,,,,,,,,,,,,,,,,,
135.55208,24.403107,0.00066934404,135.55208,24.403107,0.0006544697,,,,,,,,,,,,,,,,,,,,,,,,,,,,,,,,,,,,,,,,,,,,,,,,,,,,,,,,,,,,,135.55208,24.403107,0.25461072,135.55208,24.403107,0.3968515,,,,,,,,,,,,,,,,,,,,,,,,,,,,,,,,,,,,,,,,,,,,,,,,,,,,,,,,,,,,,,,
135.55208,24.433084,0.0006693441,135.55208,24.433084,0.0005949724,,,,,,,,,,,,,,,,,,,,,,,,,,,,,,,,,,,,,,,,,,,,,,,,,,,,,,,,,,,,,135.55208,24.433084,0.24511331,135.55208,24.433084,0.22046621,,,,,,,,,,,,,,,,,,,,,,,,,,,,,,,,,,,,,,,,,,,,,,,,,,,,,,,,,,,,,,,
135.55208,24.463064,0.0006395954,135.55208,24.463064,0.00056522386,,,,,,,,,,,,,,,,,,,,,,,,,,,,,,,,,,,,,,,,,,,,,,,,,,,,,,,,,,,,,135.55208,24.463064,0.08823012,135.55208,24.463064,0.070405565,,,,,,,,,,,,,,,,,,,,,,,,,,,,,,,,,,,,,,,,,,,,,,,,,,,,,,,,,,,,,,,
135.55208,24.493044,0.00058009813,135.55208,24.493044,0.0006247211,,,,,,,,,,,,,,,,,,,,,,,,,,,,,,,,,,,,,,,,,,,,,,,,,,,,,,,,,,,,,135.55208,24.493044,-0.08623804,135.55208,24.493044,0.22979863,,,,,,,,,,,,,,,,,,,,,,,,,,,,,,,,,,,,,,,,,,,,,,,,,,,,,,,,,,,,,,,
135.55208,24.523024,0.0007437155,135.55208,24.523024,0.0006247212,,,,,,,,,,,,,,,,,,,,,,,,,,,,,,,,,,,,,,,,,,,,,,,,,,,,,,,,,,,,,135.55208,24.523024,0.5204842,135.55208,24.523024,0.25159276,,,,,,,,,,,,,,,,,,,,,,,,,,,,,,,,,,,,,,,,,,,,,,,,,,,,,,,,,,,,,,,
135.55208,24.553001,0.00060984667,135.55208,24.553001,0.00044622936,,,,,,,,,,,,,,,,,,,,,,,,,,,,,,,,,,,,,,,,,,,,,,,,,,,,,,,,,,,,,135.55208,24.553001,0.029460112,135.55208,24.553001,-0.2978069,,,,,,,,,,,,,,,,,,,,,,,,,,,,,,,,,,,,,,,,,,,,,,,,,,,,,,,,,,,,,,,
135.55208,24.582981,0.0006842183,135.55208,24.582981,0.00053547526,,,,,,,,,,,,,,,,,,,,,,,,,,,,,,,,,,,,,,,,,,,,,,,,,,,,,,,,,,,,,135.55208,24.582981,0.29976463,135.55208,24.582981,-0.0042763483,,,,,,,,,,,,,,,,,,,,,,,,,,,,,,,,,,,,,,,,,,,,,,,,,,,,,,,,,,,,,,,
135.55208,24.61296,0.0007139669,135.55208,24.61296,0.0005503495,,,,,,,,,,,,,,,,,,,,,,,,,,,,,,,,,,,,,,,,,,,,,,,,,,,,,,,,,,,,,135.55208,24.61296,0.409614,135.55208,24.61296,-0.059974596,,,,,,,,,,,,,,,,,,,,,,,,,,,,,,,,,,,,,,,,,,,,,,,,,,,,,,,,,,,,,,,
135.55208,24.64294,0.00068421825,135.55208,24.64294,0.00050572655,,,,,,,,,,,,,,,,,,,,,,,,,,,,,,,,,,,,,,,,,,,,,,,,,,,,,,,,,,,,,135.55208,24.64294,0.30191144,135.55208,24.64294,-0.18198675,,,,,,,,,,,,,,,,,,,,,,,,,,,,,,,,,,,,,,,,,,,,,,,,,,,,,,,,,,,,,,,
135.55208,24.672918,0.0007585899,135.55208,24.672918,0.00066934404,,,,,,,,,,,,,,,,,,,,,,,,,,,,,,,,,,,,,,,,,,,,,,,,,,,,,,,,,,,,,135.55208,24.672918,0.56633127,135.55208,24.672918,0.4833116,,,,,,,,,,,,,,,,,,,,,,,,,,,,,,,,,,,,,,,,,,,,,,,,,,,,,,,,,,,,,,,
135.55208,24.702898,0.0006098467,135.55208,24.702898,0.00047597795,,,,,,,,,,,,,,,,,,,,,,,,,,,,,,,,,,,,,,,,,,,,,,,,,,,,,,,,,,,,,135.55208,24.702898,0.02299726,135.55208,24.702898,-0.2709407,,,,,,,,,,,,,,,,,,,,,,,,,,,,,,,,,,,,,,,,,,,,,,,,,,,,,,,,,,,,,,,
135.55208,24.732878,0.000669344,135.55208,24.732878,0.0005652238,,,,,,,,,,,,,,,,,,,,,,,,,,,,,,,,,,,,,,,,,,,,,,,,,,,,,,,,,,,,,135.55208,24.732878,0.22355331,135.55208,24.732878,0.08505502,,,,,,,,,,,,,,,,,,,,,,,,,,,,,,,,,,,,,,,,,,,,,,,,,,,,,,,,,,,,,,,
135.55208,24.762857,0.00069909263,135.55208,24.762857,0.00044622936,,,,,,,,,,,,,,,,,,,,,,,,,,,,,,,,,,,,,,,,,,,,,,,,,,,,,,,,,,,,,135.55208,24.762857,0.35331523,135.55208,24.762857,-0.38686055,,,,,,,,,,,,,,,,,,,,,,,,,,,,,,,,,,,,,,,,,,,,,,,,,,,,,,,,,,,,,,,
135.55208,24.792837,0.00050572655,135.55208,24.792837,0.0005949724,,,,,,,,,,,,,,,,,,,,,,,,,,,,,,,,,,,,,,,,,,,,,,,,,,,,,,,,,,,,,135.55208,24.792837,-0.33728167,135.55208,24.792837,0.25248662,,,,,,,,,,,,,,,,,,,,,,,,,,,,,,,,,,,,,,,,,,,,,,,,,,,,,,,,,,,,,,,
135.55208,24.822815,0.00080321275,135.55208,24.822815,0.00032723483,,,,,,,,,,,,,,,,,,,,,,,,,,,,,,,,,,,,,,,,,,,,,,,,,,,,,,,,,,,,,135.55208,24.822815,0.7151018,135.55208,24.822815,-0.8193209,,,,,,,,,,,,,,,,,,,,,,,,,,,,,,,,,,,,,,,,,,,,,,,,,,,,,,,,,,,,,,,
135.55208,24.852795,0.00066934404,135.55208,24.852795,0.000475978,,,,,,,,,,,,,,,,,,,,,,,,,,,,,,,,,,,,,,,,,,,,,,,,,,,,,,,,,,,,,135.55208,24.852795,0.21612588,135.55208,24.852795,-0.22432846,,,,,,,,,,,,,,,,,,,,,,,,,,,,,,,,,,,,,,,,,,,,,,,,,,,,,,,,,,,,,,,
135.55208,24.882774,0.0005800982,135.55208,24.882774,0.00059497246,,,,,,,,,,,,,,,,,,,,,,,,,,,,,,,,,,,,,,,,,,,,,,,,,,,,,,,,,,,,,135.55208,24.882774,-0.09145373,135.55208,24.882774,0.12601055,,,,,,,,,,,,,,,,,,,,,,,,,,,,,,,,,,,,,,,,,,,,,,,,,,,,,,,,,,,,,,,
135.55208,24.912754,0.00066934404,135.55208,24.912754,0.00055034953,,,,,,,,,,,,,,,,,,,,,,,,,,,,,,,,,,,,,,,,,,,,,,,,,,,,,,,,,,,,,135.55208,24.912754,0.24518745,135.55208,24.912754,-0.022388969,,,,,,,,,,,,,,,,,,,,,,,,,,,,,,,,,,,,,,,,,,,,,,,,,,,,,,,,,,,,,,,
135.55208,24.942732,0.0005354752,135.55208,24.942732,0.0005652238,,,,,,,,,,,,,,,,,,,,,,,,,,,,,,,,,,,,,,,,,,,,,,,,,,,,,,,,,,,,,135.55208,24.942732,-0.2550163,135.55208,24.942732,0.1440621,,,,,,,,,,,,,,,,,,,,,,,,,,,,,,,,,,,,,,,,,,,,,,,,,,,,,,,,,,,,,,,
135.55208,24.972712,0.000669344,135.55208,24.972712,0.00068421825,,,,,,,,,,,,,,,,,,,,,,,,,,,,,,,,,,,,,,,,,,,,,,,,,,,,,,,,,,,,,135.55208,24.972712,0.23468304,135.55208,24.972712,0.4620684,,,,,,,,,,,,,,,,,,,,,,,,,,,,,,,,,,,,,,,,,,,,,,,,,,,,,,,,,,,,,,,
135.55208,25.002691,0.00065446965,135.55208,25.002691,0.0005354752,,,,,,,,,,,,,,,,,,,,,,,,,,,,,,,,,,,,,,,,,,,,,,,,,,,,,,,,,,,,,135.55208,25.002691,0.18181731,135.55208,25.002691,-0.026224084,,,,,,,,,,,,,,,,,,,,,,,,,,,,,,,,,,,,,,,,,,,,,,,,,,,,,,,,,,,,,,,
135.55208,25.032671,0.0006395954,135.55208,25.032671,0.0005949724,,,,,,,,,,,,,,,,,,,,,,,,,,,,,,,,,,,,,,,,,,,,,,,,,,,,,,,,,,,,,135.55208,25.032671,0.11407513,135.55208,25.032671,0.19826292,,,,,,,,,,,,,,,,,,,,,,,,,,,,,,,,,,,,,,,,,,,,,,,,,,,,,,,,,,,,,,,
135.55208,25.062649,0.00047597795,135.55208,25.062649,0.00044622936,,,,,,,,,,,,,,,,,,,,,,,,,,,,,,,,,,,,,,,,,,,,,,,,,,,,,,,,,,,,,135.55208,25.062649,-0.4603403,135.55208,25.062649,-0.3976513,,,,,,,,,,,,,,,,,,,,,,,,,,,,,,,,,,,,,,,,,,,,,,,,,,,,,,,,,,,,,,,
135.55208,25.092628,0.00062472105,135.55208,25.092628,0.00065446965,,,,,,,,,,,,,,,,,,,,,,,,,,,,,,,,,,,,,,,,,,,,,,,,,,,,,,,,,,,,,135.55208,25.092628,0.07602695,135.55208,25.092628,0.4486015,,,,,,,,,,,,,,,,,,,,,,,,,,,,,,,,,,,,,,,,,,,,,,,,,,,,,,,,,,,,,,,
135.55208,25.122608,0.0005503495,135.55208,25.122608,0.0005206009,,,,,,,,,,,,,,,,,,,,,,,,,,,,,,,,,,,,,,,,,,,,,,,,,,,,,,,,,,,,,135.55208,25.122608,-0.19886339,135.55208,25.122608,-0.06853855,,,,,,,,,,,,,,,,,,,,,,,,,,,,,,,,,,,,,,,,,,,,,,,,,,,,,,,,,,,,,,,
135.55208,25.152588,0.0005503495,135.55208,25.152588,0.00041648073,,,,,,,,,,,,,,,,,,,,,,,,,,,,,,,,,,,,,,,,,,,,,,,,,,,,,,,,,,,,,135.55208,25.152588,-0.16798884,135.55208,25.152588,-0.39842755,,,,,,,,,,,,,,,,,,,,,,,,,,,,,,,,,,,,,,,,,,,,,,,,,,,,,,,,,,,,,,,
135.55208,25.182566,0.0006544697,135.55208,25.182566,0.00065446965,,,,,,,,,,,,,,,,,,,,,,,,,,,,,,,,,,,,,,,,,,,,,,,,,,,,,,,,,,,,,135.55208,25.182566,0.20383495,135.55208,25.182566,0.4217644,,,,,,,,,,,,,,,,,,,,,,,,,,,,,,,,,,,,,,,,,,,,,,,,,,,,,,,,,,,,,,,
135.55208,25.212545,0.0006395954,135.55208,25.212545,0.00056522386,,,,,,,,,,,,,,,,,,,,,,,,,,,,,,,,,,,,,,,,,,,,,,,,,,,,,,,,,,,,,135.55208,25.212545,0.14736065,135.55208,25.212545,0.042000253,,,,,,,,,,,,,,,,,,,,,,,,,,,,,,,,,,,,,,,,,,,,,,,,,,,,,,,,,,,,,,,
135.55208,25.242525,0.00050572655,135.55208,25.242525,0.0005949724,,,,,,,,,,,,,,,,,,,,,,,,,,,,,,,,,,,,,,,,,,,,,,,,,,,,,,,,,,,,,135.55208,25.242525,-0.3683114,135.55208,25.242525,0.2832893,,,,,,,,,,,,,,,,,,,,,,,,,,,,,,,,,,,,,,,,,,,,,,,,,,,,,,,,,,,,,,,
135.55208,25.272505,0.0005949724,135.55208,25.272505,0.00047597795,,,,,,,,,,,,,,,,,,,,,,,,,,,,,,,,,,,,,,,,,,,,,,,,,,,,,,,,,,,,,135.55208,25.272505,-0.039824855,135.55208,25.272505,-0.25952524,,,,,,,,,,,,,,,,,,,,,,,,,,,,,,,,,,,,,,,,,,,,,,,,,,,,,,,,,,,,,,,
135.55208,25.302483,0.0006098467,135.55208,25.302483,0.00043135503,,,,,,,,,,,,,,,,,,,,,,,,,,,,,,,,,,,,,,,,,,,,,,,,,,,,,,,,,,,,,135.55208,25.302483,0.0067973733,135.55208,25.302483,-0.41854423,,,,,,,,,,,,,,,,,,,,,,,,,,,,,,,,,,,,,,,,,,,,,,,,,,,,,,,,,,,,,,,
135.55208,25.332462,0.0005652238,135.55208,25.332462,0.0005503495,,,,,,,,,,,,,,,,,,,,,,,,,,,,,,,,,,,,,,,,,,,,,,,,,,,,,,,,,,,,,135.55208,25.332462,-0.13476881,135.55208,25.332462,-0.039640035,,,,,,,,,,,,,,,,,,,,,,,,,,,,,,,,,,,,,,,,,,,,,,,,,,,,,,,,,,,,,,,
135.55208,25.362442,0.0006098468,135.55208,25.362442,0.00055034953,,,,,,,,,,,,,,,,,,,,,,,,,,,,,,,,,,,,,,,,,,,,,,,,,,,,,,,,,,,,,135.55208,25.362442,-0.01376964,135.55208,25.362442,0.051498983,,,,,,,,,,,,,,,,,,,,,,,,,,,,,,,,,,,,,,,,,,,,,,,,,,,,,,,,,,,,,,,
135.55208,25.392422,0.0007437156,135.55208,25.392422,0.0006247211,,,,,,,,,,,,,,,,,,,,,,,,,,,,,,,,,,,,,,,,,,,,,,,,,,,,,,,,,,,,,135.55208,25.392422,0.505934,135.55208,25.392422,0.29893997,,,,,,,,,,,,,,,,,,,,,,,,,,,,,,,,,,,,,,,,,,,,,,,,,,,,,,,,,,,,,,,
135.55208,25.4224,0.00058009813,135.55208,25.4224,0.00043135503,,,,,,,,,,,,,,,,,,,,,,,,,,,,,,,,,,,,,,,,,,,,,,,,,,,,,,,,,,,,,135.55208,25.4224,-0.066708244,135.55208,25.4224,-0.3692962,,,,,,,,,,,,,,,,,,,,,,,,,,,,,,,,,,,,,,,,,,,,,,,,,,,,,,,,,,,,,,,
135.55208,25.45238,0.00087758445,135.55208,25.45238,0.0005949724,,,,,,,,,,,,,,,,,,,,,,,,,,,,,,,,,,,,,,,,,,,,,,,,,,,,,,,,,,,,,135.55208,25.45238,0.96996224,135.55208,25.45238,0.21939784,,,,,,,,,,,,,,,,,,,,,,,,,,,,,,,,,,,,,,,,,,,,,,,,,,,,,,,,,,,,,,,
135.55208,25.482359,0.0006842183,135.55208,25.482359,0.0005503495,,,,,,,,,,,,,,,,,,,,,,,,,,,,,,,,,,,,,,,,,,,,,,,,,,,,,,,,,,,,,135.55208,25.482359,0.2710408,135.55208,25.482359,-0.025893735,,,,,,,,,,,,,,,,,,,,,,,,,,,,,,,,,,,,,,,,,,,,,,,,,,,,,,,,,,,,,,,
135.55208,25.512339,0.0004908522,135.55208,25.512339,0.0004462293,,,,,,,,,,,,,,,,,,,,,,,,,,,,,,,,,,,,,,,,,,,,,,,,,,,,,,,,,,,,,135.55208,25.512339,-0.38279313,135.55208,25.512339,-0.37298095,,,,,,,,,,,,,,,,,,,,,,,,,,,,,,,,,,,,,,,,,,,,,,,,,,,,,,,,,,,,,,,
135.55208,25.542316,0.0007585899,135.55208,25.542316,0.00047597795,,,,,,,,,,,,,,,,,,,,,,,,,,,,,,,,,,,,,,,,,,,,,,,,,,,,,,,,,,,,,135.55208,25.542316,0.5300642,135.55208,25.542316,-0.31716263,,,,,,,,,,,,,,,,,,,,,,,,,,,,,,,,,,,,,,,,,,,,,,,,,,,,,,,,,,,,,,,
135.55208,25.572296,0.00065446965,135.55208,25.572296,0.00047597795,,,,,,,,,,,,,,,,,,,,,,,,,,,,,,,,,,,,,,,,,,,,,,,,,,,,,,,,,,,,,135.55208,25.572296,0.19844083,135.55208,25.572296,-0.22611645,,,,,,,,,,,,,,,,,,,,,,,,,,,,,,,,,,,,,,,,,,,,,,,,,,,,,,,,,,,,,,,
135.55208,25.602276,0.0006247211,135.55208,25.602276,0.0005949724,,,,,,,,,,,,,,,,,,,,,,,,,,,,,,,,,,,,,,,,,,,,,,,,,,,,,,,,,,,,,135.55208,25.602276,0.08497127,135.55208,25.602276,0.09864415,,,,,,,,,,,,,,,,,,,,,,,,,,,,,,,,,,,,,,,,,,,,,,,,,,,,,,,,,,,,,,,
135.55208,25.632256,0.0005652238,135.55208,25.632256,0.0007585899,,,,,,,,,,,,,,,,,,,,,,,,,,,,,,,,,,,,,,,,,,,,,,,,,,,,,,,,,,,,,135.55208,25.632256,-0.14722711,135.55208,25.632256,0.7505026,,,,,,,,,,,,,,,,,,,,,,,,,,,,,,,,,,,,,,,,,,,,,,,,,,,,,,,,,,,,,,,
135.55208,25.662235,0.00065446965,135.55208,25.662235,0.0005652238,,,,,,,,,,,,,,,,,,,,,,,,,,,,,,,,,,,,,,,,,,,,,,,,,,,,,,,,,,,,,135.55208,25.662235,0.21226789,135.55208,25.662235,0.051344555,,,,,,,,,,,,,,,,,,,,,,,,,,,,,,,,,,,,,,,,,,,,,,,,,,,,,,,,,,,,,,,
135.55208,25.692213,0.0005652238,135.55208,25.692213,0.00050572655,,,,,,,,,,,,,,,,,,,,,,,,,,,,,,,,,,,,,,,,,,,,,,,,,,,,,,,,,,,,,135.55208,25.692213,-0.14971793,135.55208,25.692213,-0.10323551,,,,,,,,,,,,,,,,,,,,,,,,,,,,,,,,,,,,,,,,,,,,,,,,,,,,,,,,,,,,,,,
135.55208,25.722193,0.0006098467,135.55208,25.722193,0.0006098468,,,,,,,,,,,,,,,,,,,,,,,,,,,,,,,,,,,,,,,,,,,,,,,,,,,,,,,,,,,,,135.55208,25.722193,0.03518717,135.55208,25.722193,0.25087824,,,,,,,,,,,,,,,,,,,,,,,,,,,,,,,,,,,,,,,,,,,,,,,,,,,,,,,,,,,,,,,
135.55208,25.752172,0.00038673205,135.55208,25.752172,0.0004908523,,,,,,,,,,,,,,,,,,,,,,,,,,,,,,,,,,,,,,,,,,,,,,,,,,,,,,,,,,,,,135.55208,25.752172,-0.77745897,135.55208,25.752172,-0.21238558,,,,,,,,,,,,,,,,,,,,,,,,,,,,,,,,,,,,,,,,,,,,,,,,,,,,,,,,,,,,,,,
135.55208,25.782152,0.00053547515,135.55208,25.782152,0.00043135497,,,,,,,,,,,,,,,,,,,,,,,,,,,,,,,,,,,,,,,,,,,,,,,,,,,,,,,,,,,,,135.55208,25.782152,-0.22728308,135.55208,25.782152,-0.4257628,,,,,,,,,,,,,,,,,,,,,,,,,,,,,,,,,,,,,,,,,,,,,,,,,,,,,,,,,,,,,,,
135.55208,25.81213,0.0007883385,135.55208,25.81213,0.0005206009,,,,,,,,,,,,,,,,,,,,,,,,,,,,,,,,,,,,,,,,,,,,,,,,,,,,,,,,,,,,,135.55208,25.81213,0.6757608,135.55208,25.81213,-0.072688356,,,,,,,,,,,,,,,,,,,,,,,,,,,,,,,,,,,,,,,,,,,,,,,,,,,,,,,,,,,,,,,
135.55208,25.84211,0.0005354752,135.55208,25.84211,0.0004908523,,,,,,,,,,,,,,,,,,,,,,,,,,,,,,,,,,,,,,,,,,,,,,,,,,,,,,,,,,,,,135.55208,25.84211,-0.2613648,135.55208,25.84211,-0.24604529,,,,,,,,,,,,,,,,,,,,,,,,,,,,,,,,,,,,,,,,,,,,,,,,,,,,,,,,,,,,,,,
135.55208,25.87209,0.0006544697,135.55208,25.87209,0.0005354752,,,,,,,,,,,,,,,,,,,,,,,,,,,,,,,,,,,,,,,,,,,,,,,,,,,,,,,,,,,,,135.55208,25.87209,0.16089219,135.55208,25.87209,-0.041470185,,,,,,,,,,,,,,,,,,,,,,,,,,,,,,,,,,,,,,,,,,,,,,,,,,,,,,,,,,,,,,,
135.55208,25.90207,0.0005949724,135.55208,25.90207,0.00044622936,,,,,,,,,,,,,,,,,,,,,,,,,,,,,,,,,,,,,,,,,,,,,,,,,,,,,,,,,,,,,135.55208,25.90207,-0.06442501,135.55208,25.90207,-0.3769794,,,,,,,,,,,,,,,,,,,,,,,,,,,,,,,,,,,,,,,,,,,,,,,,,,,,,,,,,,,,,,,
135.55208,25.932047,0.00080321287,135.55208,25.932047,0.0004908523,,,,,,,,,,,,,,,,,,,,,,,,,,,,,,,,,,,,,,,,,,,,,,,,,,,,,,,,,,,,,135.55208,25.932047,0.71938145,135.55208,25.932047,-0.2519271,,,,,,,,,,,,,,,,,,,,,,,,,,,,,,,,,,,,,,,,,,,,,,,,,,,,,,,,,,,,,,,
135.55208,25.962027,0.0005206009,135.55208,25.962027,0.00049085234,,,,,,,,,,,,,,,,,,,,,,,,,,,,,,,,,,,,,,,,,,,,,,,,,,,,,,,,,,,,,135.55208,25.962027,-0.2858322,135.55208,25.962027,-0.17449206,,,,,,,,,,,,,,,,,,,,,,,,,,,,,,,,,,,,,,,,,,,,,,,,,,,,,,,,,,,,,,,
135.55208,25.992006,0.00053547526,135.55208,25.992006,0.0005949724,,,,,,,,,,,,,,,,,,,,,,,,,,,,,,,,,,,,,,,,,,,,,,,,,,,,,,,,,,,,,135.55208,25.992006,-0.2644319,135.55208,25.992006,0.18402031,,,,,,,,,,,,,,,,,,,,,,,,,,,,,,,,,,,,,,,,,,,,,,,,,,,,,,,,,,,,,,,
135.55208,26.021986,0.00071396696,135.55208,26.021986,0.0007139669,,,,,,,,,,,,,,,,,,,,,,,,,,,,,,,,,,,,,,,,,,,,,,,,,,,,,,,,,,,,,135.55208,26.021986,0.35031882,135.55208,26.021986,0.5763065,,,,,,,,,,,,,,,,,,,,,,,,,,,,,,,,,,,,,,,,,,,,,,,,,,,,,,,,,,,,,,,
135.55208,26.051964,0.00066934404,135.55208,26.051964,0.0005503495,,,,,,,,,,,,,,,,,,,,,,,,,,,,,,,,,,,,,,,,,,,,,,,,,,,,,,,,,,,,,135.55208,26.051964,0.20872265,135.55208,26.051964,0.04980634,,,,,,,,,,,,,,,,,,,,,,,,,,,,,,,,,,,,,,,,,,,,,,,,,,,,,,,,,,,,,,,
135.55208,26.081944,0.0006395953,135.55208,26.081944,0.0006395953,,,,,,,,,,,,,,,,,,,,,,,,,,,,,,,,,,,,,,,,,,,,,,,,,,,,,,,,,,,,,135.55208,26.081944,0.11577564,135.55208,26.081944,0.3273556,,,,,,,,,,,,,,,,,,,,,,,,,,,,,,,,,,,,,,,,,,,,,,,,,,,,,,,,,,,,,,,
135.55208,26.111923,0.00053547515,135.55208,26.111923,0.00062472105,,,,,,,,,,,,,,,,,,,,,,,,,,,,,,,,,,,,,,,,,,,,,,,,,,,,,,,,,,,,,135.55208,26.111923,-0.27980217,135.55208,26.111923,0.26166078,,,,,,,,,,,,,,,,,,,,,,,,,,,,,,,,,,,,,,,,,,,,,,,,,,,,,,,,,,,,,,,
135.55208,26.141903,0.0006842183,135.55208,26.141903,0.00072884123,,,,,,,,,,,,,,,,,,,,,,,,,,,,,,,,,,,,,,,,,,,,,,,,,,,,,,,,,,,,,135.55208,26.141903,0.31171745,135.55208,26.141903,0.681629,,,,,,,,,,,,,,,,,,,,,,,,,,,,,,,,,,,,,,,,,,,,,,,,,,,,,,,,,,,,,,,
135.55208,26.17188,0.0006247211,135.55208,26.17188,0.00065446965,,,,,,,,,,,,,,,,,,,,,,,,,,,,,,,,,,,,,,,,,,,,,,,,,,,,,,,,,,,,,135.55208,26.17188,0.06945258,135.55208,26.17188,0.31452662,,,,,,,,,,,,,,,,,,,,,,,,,,,,,,,,,,,,,,,,,,,,,,,,,,,,,,,,,,,,,,,
135.55208,26.20186,0.0005354752,135.55208,26.20186,0.00058009813,,,,,,,,,,,,,,,,,,,,,,,,,,,,,,,,,,,,,,,,,,,,,,,,,,,,,,,,,,,,,135.55208,26.20186,-0.23327276,135.55208,26.20186,0.16992775,,,,,,,,,,,,,,,,,,,,,,,,,,,,,,,,,,,,,,,,,,,,,,,,,,,,,,,,,,,,,,,
135.55208,26.23184,0.0007139669,135.55208,26.23184,0.00047597795,,,,,,,,,,,,,,,,,,,,,,,,,,,,,,,,,,,,,,,,,,,,,,,,,,,,,,,,,,,,,135.55208,26.23184,0.4065282,135.55208,26.23184,-0.2189575,,,,,,,,,,,,,,,,,,,,,,,,,,,,,,,,,,,,,,,,,,,,,,,,,,,,,,,,,,,,,,,
135.55208,26.26182,0.0005652238,135.55208,26.26182,0.00060984667,,,,,,,,,,,,,,,,,,,,,,,,,,,,,,,,,,,,,,,,,,,,,,,,,,,,,,,,,,,,,135.55208,26.26182,-0.13955726,135.55208,26.26182,0.22181755,,,,,,,,,,,,,,,,,,,,,,,,,,,,,,,,,,,,,,,,,,,,,,,,,,,,,,,,,,,,,,,
135.55208,26.291798,0.0006693441,135.55208,26.291798,0.00058009813,,,,,,,,,,,,,,,,,,,,,,,,,,,,,,,,,,,,,,,,,,,,,,,,,,,,,,,,,,,,,135.55208,26.291798,0.22422215,135.55208,26.291798,0.10413834,,,,,,,,,,,,,,,,,,,,,,,,,,,,,,,,,,,,,,,,,,,,,,,,,,,,,,,,,,,,,,,
135.55208,26.321777,0.0006990926,135.55208,26.321777,0.0007288413,,,,,,,,,,,,,,,,,,,,,,,,,,,,,,,,,,,,,,,,,,,,,,,,,,,,,,,,,,,,,135.55208,26.321777,0.3233387,135.55208,26.321777,0.641967,,,,,,,,,,,,,,,,,,,,,,,,,,,,,,,,,,,,,,,,,,,,,,,,,,,,,,,,,,,,,,,
135.55208,26.351757,0.0005949724,135.55208,26.351757,0.0005206009,,,,,,,,,,,,,,,,,,,,,,,,,,,,,,,,,,,,,,,,,,,,,,,,,,,,,,,,,,,,,135.55208,26.351757,-0.039157957,135.55208,26.351757,-0.09187136,,,,,,,,,,,,,,,,,,,,,,,,,,,,,,,,,,,,,,,,,,,,,,,,,,,,,,,,,,,,,,,
135.55208,26.381737,0.00065446977,135.55208,26.381737,0.0006098468,,,,,,,,,,,,,,,,,,,,,,,,,,,,,,,,,,,,,,,,,,,,,,,,,,,,,,,,,,,,,135.55208,26.381737,0.1738809,135.55208,26.381737,0.26226404,,,,,,,,,,,,,,,,,,,,,,,,,,,,,,,,,,,,,,,,,,,,,,,,,,,,,,,,,,,,,,,
135.55208,26.411715,0.00055034953,135.55208,26.411715,0.00046110366,,,,,,,,,,,,,,,,,,,,,,,,,,,,,,,,,,,,,,,,,,,,,,,,,,,,,,,,,,,,,135.55208,26.411715,-0.18093316,135.55208,26.411715,-0.2442953,,,,,,,,,,,,,,,,,,,,,,,,,,,,,,,,,,,,,,,,,,,,,,,,,,,,,,,,,,,,,,,
135.55208,26.441694,0.0007437156,135.55208,26.441694,0.0006395953,,,,,,,,,,,,,,,,,,,,,,,,,,,,,,,,,,,,,,,,,,,,,,,,,,,,,,,,,,,,,135.55208,26.441694,0.48462936,135.55208,26.441694,0.26797694,,,,,,,,,,,,,,,,,,,,,,,,,,,,,,,,,,,,,,,,,,,,,,,,,,,,,,,,,,,,,,,
135.55208,26.471674,0.00084783573,135.55208,26.471674,0.00044622936,,,,,,,,,,,,,,,,,,,,,,,,,,,,,,,,,,,,,,,,,,,,,,,,,,,,,,,,,,,,,135.55208,26.471674,0.8732154,135.55208,26.471674,-0.39481613,,,,,,,,,,,,,,,,,,,,,,,,,,,,,,,,,,,,,,,,,,,,,,,,,,,,,,,,,,,,,,,
135.55208,26.501654,0.00066934404,135.55208,26.501654,0.0006544697,,,,,,,,,,,,,,,,,,,,,,,,,,,,,,,,,,,,,,,,,,,,,,,,,,,,,,,,,,,,,135.55208,26.501654,0.20979214,135.55208,26.501654,0.3693401,,,,,,,,,,,,,,,,,,,,,,,,,,,,,,,,,,,,,,,,,,,,,,,,,,,,,,,,,,,,,,,
135.55208,26.531633,0.0004462293,135.55208,26.531633,0.0005652238,,,,,,,,,,,,,,,,,,,,,,,,,,,,,,,,,,,,,,,,,,,,,,,,,,,,,,,,,,,,,135.55208,26.531633,-0.56069034,135.55208,26.531633,0.06902763,,,,,,,,,,,,,,,,,,,,,,,,,,,,,,,,,,,,,,,,,,,,,,,,,,,,,,,,,,,,,,,
135.55208,26.561611,0.0005354752,135.55208,26.561611,0.00087758433,,,,,,,,,,,,,,,,,,,,,,,,,,,,,,,,,,,,,,,,,,,,,,,,,,,,,,,,,,,,,135.55208,26.561611,-0.24295007,135.55208,26.561611,1.1819377,,,,,,,,,,,,,,,,,,,,,,,,,,,,,,,,,,,,,,,,,,,,,,,,,,,,,,,,,,,,,,,
135.55208,26.59159,0.00069909263,135.55208,26.59159,0.00066934404,,,,,,,,,,,,,,,,,,,,,,,,,,,,,,,,,,,,,,,,,,,,,,,,,,,,,,,,,,,,,135.55208,26.59159,0.36684158,135.55208,26.59159,0.48132092,,,,,,,,,,,,,,,,,,,,,,,,,,,,,,,,,,,,,,,,,,,,,,,,,,,,,,,,,,,,,,,
135.55208,26.62157,0.000669344,135.55208,26.62157,0.00040160638,,,,,,,,,,,,,,,,,,,,,,,,,,,,,,,,,,,,,,,,,,,,,,,,,,,,,,,,,,,,,135.55208,26.62157,0.23993492,135.55208,26.62157,-0.5437462,,,,,,,,,,,,,,,,,,,,,,,,,,,,,,,,,,,,,,,,,,,,,,,,,,,,,,,,,,,,,,,
135.55208,26.65155,0.0007139669,135.55208,26.65155,0.00065446965,,,,,,,,,,,,,,,,,,,,,,,,,,,,,,,,,,,,,,,,,,,,,,,,,,,,,,,,,,,,,135.55208,26.65155,0.38491535,135.55208,26.65155,0.38101047,,,,,,,,,,,,,,,,,,,,,,,,,,,,,,,,,,,,,,,,,,,,,,,,,,,,,,,,,,,,,,,
135.55208,26.681528,0.00055034953,135.55208,26.681528,0.0005503495,,,,,,,,,,,,,,,,,,,,,,,,,,,,,,,,,,,,,,,,,,,,,,,,,,,,,,,,,,,,,135.55208,26.681528,-0.19441168,135.55208,26.681528,-0.034413416,,,,,,,,,,,,,,,,,,,,,,,,,,,,,,,,,,,,,,,,,,,,,,,,,,,,,,,,,,,,,,,
135.55208,26.711508,0.0005800982,135.55208,26.711508,0.00058009813,,,,,,,,,,,,,,,,,,,,,,,,,,,,,,,,,,,,,,,,,,,,,,,,,,,,,,,,,,,,,135.55208,26.711508,-0.08967969,135.55208,26.711508,0.13015805,,,,,,,,,,,,,,,,,,,,,,,,,,,,,,,,,,,,,,,,,,,,,,,,,,,,,,,,,,,,,,,
135.55208,26.741488,0.00050572655,135.55208,26.741488,0.0005354752,,,,,,,,,,,,,,,,,,,,,,,,,,,,,,,,,,,,,,,,,,,,,,,,,,,,,,,,,,,,,135.55208,26.741488,-0.3423698,135.55208,26.741488,-0.047399793,,,,,,,,,,,,,,,,,,,,,,,,,,,,,,,,,,,,,,,,,,,,,,,,,,,,,,,,,,,,,,,
135.55208,26.771467,0.00062472105,135.55208,26.771467,0.0005949724,,,,,,,,,,,,,,,,,,,,,,,,,,,,,,,,,,,,,,,,,,,,,,,,,,,,,,,,,,,,,135.55208,26.771467,0.07728331,135.55208,26.771467,0.16006485,,,,,,,,,,,,,,,,,,,,,,,,,,,,,,,,,,,,,,,,,,,,,,,,,,,,,,,,,,,,,,,
135.55208,26.801445,0.0005652238,135.55208,26.801445,0.00058009813,,,,,,,,,,,,,,,,,,,,,,,,,,,,,,,,,,,,,,,,,,,,,,,,,,,,,,,,,,,,,135.55208,26.801445,-0.13019708,135.55208,26.801445,0.14329919,,,,,,,,,,,,,,,,,,,,,,,,,,,,,,,,,,,,,,,,,,,,,,,,,,,,,,,,,,,,,,,
135.55208,26.831425,0.00069909263,135.55208,26.831425,0.00069909263,,,,,,,,,,,,,,,,,,,,,,,,,,,,,,,,,,,,,,,,,,,,,,,,,,,,,,,,,,,,,135.55208,26.831425,0.34043583,135.55208,26.831425,0.5812537,,,,,,,,,,,,,,,,,,,,,,,,,,,,,,,,,,,,,,,,,,,,,,,,,,,,,,,,,,,,,,,
135.55208,26.861404,0.0005354752,135.55208,26.861404,0.00065446977,,,,,,,,,,,,,,,,,,,,,,,,,,,,,,,,,,,,,,,,,,,,,,,,,,,,,,,,,,,,,135.55208,26.861404,-0.25232968,135.55208,26.861404,0.43665445,,,,,,,,,,,,,,,,,,,,,,,,,,,,,,,,,,,,,,,,,,,,,,,,,,,,,,,,,,,,,,,
135.55208,26.891384,0.0006247212,135.55208,26.891384,0.0005949724,,,,,,,,,,,,,,,,,,,,,,,,,,,,,,,,,,,,,,,,,,,,,,,,,,,,,,,,,,,,,135.55208,26.891384,0.08389195,135.55208,26.891384,0.20867912,,,,,,,,,,,,,,,,,,,,,,,,,,,,,,,,,,,,,,,,,,,,,,,,,,,,,,,,,,,,,,,
135.55208,26.921362,0.0004759779,135.55208,26.921362,0.0004611036,,,,,,,,,,,,,,,,,,,,,,,,,,,,,,,,,,,,,,,,,,,,,,,,,,,,,,,,,,,,,135.55208,26.921362,-0.453729,135.55208,26.921362,-0.33717075,,,,,,,,,,,,,,,,,,,,,,,,,,,,,,,,,,,,,,,,,,,,,,,,,,,,,,,,,,,,,,,
135.55208,26.951342,0.00062472105,135.55208,26.951342,0.0006098467,,,,,,,,,,,,,,,,,,,,,,,,,,,,,,,,,,,,,,,,,,,,,,,,,,,,,,,,,,,,,135.55208,26.951342,0.08041157,135.55208,26.951342,0.24535881,,,,,,,,,,,,,,,,,,,,,,,,,,,,,,,,,,,,,,,,,,,,,,,,,,,,,,,,,,,,,,,
135.55208,26.981321,0.0006544697,135.55208,26.981321,0.0005354752,,,,,,,,,,,,,,,,,,,,,,,,,,,,,,,,,,,,,,,,,,,,,,,,,,,,,,,,,,,,,135.55208,26.981321,0.17928457,135.55208,26.981321,-0.055793293,,,,,,,,,,,,,,,,,,,,,,,,,,,,,,,,,,,,,,,,,,,,,,,,,,,,,,,,,,,,,,,
135.55208,27.011301,0.0008924588,135.55208,27.011301,0.0005800981,,,,,,,,,,,,,,,,,,,,,,,,,,,,,,,,,,,,,,,,,,,,,,,,,,,,,,,,,,,,,135.55208,27.011301,1.0200571,135.55208,27.011301,0.04248602,,,,,,,,,,,,,,,,,,,,,,,,,,,,,,,,,,,,,,,,,,,,,,,,,,,,,,,,,,,,,,,
135.55208,27.041279,0.0005800982,135.55208,27.041279,0.00047597795,,,,,,,,,,,,,,,,,,,,,,,,,,,,,,,,,,,,,,,,,,,,,,,,,,,,,,,,,,,,,135.55208,27.041279,-0.07276911,135.55208,27.041279,-0.21198274,,,,,,,,,,,,,,,,,,,,,,,,,,,,,,,,,,,,,,,,,,,,,,,,,,,,,,,,,,,,,,,
135.55208,27.071259,0.0004908523,135.55208,27.071259,0.0005949724,,,,,,,,,,,,,,,,,,,,,,,,,,,,,,,,,,,,,,,,,,,,,,,,,,,,,,,,,,,,,135.55208,27.071259,-0.41116783,135.55208,27.071259,0.07987572,,,,,,,,,,,,,,,,,,,,,,,,,,,,,,,,,,,,,,,,,,,,,,,,,,,,,,,,,,,,,,,
135.55208,27.101238,0.0004908523,135.55208,27.101238,0.000475978,,,,,,,,,,,,,,,,,,,,,,,,,,,,,,,,,,,,,,,,,,,,,,,,,,,,,,,,,,,,,135.55208,27.101238,-0.40666282,135.55208,27.101238,-0.28036594,,,,,,,,,,,,,,,,,,,,,,,,,,,,,,,,,,,,,,,,,,,,,,,,,,,,,,,,,,,,,,,
135.55208,27.131218,0.0005800982,135.55208,27.131218,0.0007437155,,,,,,,,,,,,,,,,,,,,,,,,,,,,,,,,,,,,,,,,,,,,,,,,,,,,,,,,,,,,,135.55208,27.131218,-0.11408234,135.55208,27.131218,0.6882708,,,,,,,,,,,,,,,,,,,,,,,,,,,,,,,,,,,,,,,,,,,,,,,,,,,,,,,,,,,,,,,
135.55208,27.161196,0.00062472105,135.55208,27.161196,0.000669344,,,,,,,,,,,,,,,,,,,,,,,,,,,,,,,,,,,,,,,,,,,,,,,,,,,,,,,,,,,,,135.55208,27.161196,0.10628834,135.55208,27.161196,0.41893828,,,,,,,,,,,,,,,,,,,,,,,,,,,,,,,,,,,,,,,,,,,,,,,,,,,,,,,,,,,,,,,
135.55208,27.191175,0.0004908523,135.55208,27.191175,0.0006395954,,,,,,,,,,,,,,,,,,,,,,,,,,,,,,,,,,,,,,,,,,,,,,,,,,,,,,,,,,,,,135.55208,27.191175,-0.38300964,135.55208,27.191175,0.32917854,,,,,,,,,,,,,,,,,,,,,,,,,,,,,,,,,,,,,,,,,,,,,,,,,,,,,,,,,,,,,,,
135.55208,27.221155,0.0005800981,135.55208,27.221155,0.0007437155,,,,,,,,,,,,,,,,,,,,,,,,,,,,,,,,,,,,,,,,,,,,,,,,,,,,,,,,,,,,,135.55208,27.221155,-0.080394045,135.55208,27.221155,0.6791576,,,,,,,,,,,,,,,,,,,,,,,,,,,,,,,,,,,,,,,,,,,,,,,,,,,,,,,,,,,,,,,
135.55208,27.251135,0.0005949724,135.55208,27.251135,0.00050572655,,,,,,,,,,,,,,,,,,,,,,,,,,,,,,,,,,,,,,,,,,,,,,,,,,,,,,,,,,,,,135.55208,27.251135,-0.058990937,135.55208,27.251135,-0.18442123,,,,,,,,,,,,,,,,,,,,,,,,,,,,,,,,,,,,,,,,,,,,,,,,,,,,,,,,,,,,,,,
135.55208,27.281113,0.00069909263,135.55208,27.281113,0.00046110366,,,,,,,,,,,,,,,,,,,,,,,,,,,,,,,,,,,,,,,,,,,,,,,,,,,,,,,,,,,,,135.55208,27.281113,0.32280004,135.55208,27.281113,-0.30415118,,,,,,,,,,,,,,,,,,,,,,,,,,,,,,,,,,,,,,,,,,,,,,,,,,,,,,,,,,,,,,,
135.55208,27.311092,0.00072884123,135.55208,27.311092,0.00049085234,,,,,,,,,,,,,,,,,,,,,,,,,,,,,,,,,,,,,,,,,,,,,,,,,,,,,,,,,,,,,135.55208,27.311092,0.4153071,135.55208,27.311092,-0.13039985,,,,,,,,,,,,,,,,,,,,,,,,,,,,,,,,,,,,,,,,,,,,,,,,,,,,,,,,,,,,,,,
135.55208,27.341072,0.00072884123,135.55208,27.341072,0.0005503495,,,,,,,,,,,,,,,,,,,,,,,,,,,,,,,,,,,,,,,,,,,,,,,,,,,,,,,,,,,,,135.55208,27.341072,0.428675,135.55208,27.341072,0.013867074,,,,,,,,,,,,,,,,,,,,,,,,,,,,,,,,,,,,,,,,,,,,,,,,,,,,,,,,,,,,,,,
135.55208,27.371052,0.0005354752,135.55208,27.371052,0.00040160638,,,,,,,,,,,,,,,,,,,,,,,,,,,,,,,,,,,,,,,,,,,,,,,,,,,,,,,,,,,,,135.55208,27.371052,-0.26505557,135.55208,27.371052,-0.5115602,,,,,,,,,,,,,,,,,,,,,,,,,,,,,,,,,,,,,,,,,,,,,,,,,,,,,,,,,,,,,,,
135.55208,27.401031,0.0006098468,135.55208,27.401031,0.0005206009,,,,,,,,,,,,,,,,,,,,,,,,,,,,,,,,,,,,,,,,,,,,,,,,,,,,,,,,,,,,,135.55208,27.401031,0.030636635,135.55208,27.401031,-0.11408065,,,,,,,,,,,,,,,,,,,,,,,,,,,,,,,,,,,,,,,,,,,,,,,,,,,,,,,,,,,,,,,
135.55208,27.43101,0.0007139669,135.55208,27.43101,0.0005800982,,,,,,,,,,,,,,,,,,,,,,,,,,,,,,,,,,,,,,,,,,,,,,,,,,,,,,,,,,,,,135.55208,27.43101,0.41247898,135.55208,27.43101,0.0838276,,,,,,,,,,,,,,,,,,,,,,,,,,,,,,,,,,,,,,,,,,,,,,,,,,,,,,,,,,,,,,,
135.55208,27.460989,0.0005503495,135.55208,27.460989,0.0004908523,,,,,,,,,,,,,,,,,,,,,,,,,,,,,,,,,,,,,,,,,,,,,,,,,,,,,,,,,,,,,135.55208,27.460989,-0.17622145,135.55208,27.460989,-0.20741893,,,,,,,,,,,,,,,,,,,,,,,,,,,,,,,,,,,,,,,,,,,,,,,,,,,,,,,,,,,,,,,
135.55208,27.490969,0.0006098468,135.55208,27.490969,0.00058009813,,,,,,,,,,,,,,,,,,,,,,,,,,,,,,,,,,,,,,,,,,,,,,,,,,,,,,,,,,,,,135.55208,27.490969,0.021352662,135.55208,27.490969,0.17631789,,,,,,,,,,,,,,,,,,,,,,,,,,,,,,,,,,,,,,,,,,,,,,,,,,,,,,,,,,,,,,,
135.55208,27.520948,0.00062472105,135.55208,27.520948,0.00047597795,,,,,,,,,,,,,,,,,,,,,,,,,,,,,,,,,,,,,,,,,,,,,,,,,,,,,,,,,,,,,135.55208,27.520948,0.07048172,135.55208,27.520948,-0.2692556,,,,,,,,,,,,,,,,,,,,,,,,,,,,,,,,,,,,,,,,,,,,,,,,,,,,,,,,,,,,,,,
135.55208,27.550926,0.00066934404,135.55208,27.550926,0.00035698345,,,,,,,,,,,,,,,,,,,,,,,,,,,,,,,,,,,,,,,,,,,,,,,,,,,,,,,,,,,,,135.55208,27.550926,0.22766498,135.55208,27.550926,-0.6457748,,,,,,,,,,,,,,,,,,,,,,,,,,,,,,,,,,,,,,,,,,,,,,,,,,,,,,,,,,,,,,,
135.55208,27.580906,0.00058009813,135.55208,27.580906,0.0004016064,,,,,,,,,,,,,,,,,,,,,,,,,,,,,,,,,,,,,,,,,,,,,,,,,,,,,,,,,,,,,135.55208,27.580906,-0.078284994,135.55208,27.580906,-0.51693183,,,,,,,,,,,,,,,,,,,,,,,,,,,,,,,,,,,,,,,,,,,,,,,,,,,,,,,,,,,,,,,
135.55208,27.610886,0.0005206009,135.55208,27.610886,0.0006544697,,,,,,,,,,,,,,,,,,,,,,,,,,,,,,,,,,,,,,,,,,,,,,,,,,,,,,,,,,,,,135.55208,27.610886,-0.30602872,135.55208,27.610886,0.38071755,,,,,,,,,,,,,,,,,,,,,,,,,,,,,,,,,,,,,,,,,,,,,,,,,,,,,,,,,,,,,,,
135.55208,27.640865,0.00047597795,135.55208,27.640865,0.0005800982,,,,,,,,,,,,,,,,,,,,,,,,,,,,,,,,,,,,,,,,,,,,,,,,,,,,,,,,,,,,,135.55208,27.640865,-0.47411263,135.55208,27.640865,0.15272886,,,,,,,,,,,,,,,,,,,,,,,,,,,,,,,,,,,,,,,,,,,,,,,,,,,,,,,,,,,,,,,
135.55208,27.670843,0.00044622936,135.55208,27.670843,0.00068421825,,,,,,,,,,,,,,,,,,,,,,,,,,,,,,,,,,,,,,,,,,,,,,,,,,,,,,,,,,,,,135.55208,27.670843,-0.52850384,135.55208,27.670843,0.4225098,,,,,,,,,,,,,,,,,,,,,,,,,,,,,,,,,,,,,,,,,,,,,,,,,,,,,,,,,,,,,,,
135.55208,27.700823,0.0005503495,135.55208,27.700823,0.0007883385,,,,,,,,,,,,,,,,,,,,,,,,,,,,,,,,,,,,,,,,,,,,,,,,,,,,,,,,,,,,,135.55208,27.700823,-0.16824189,135.55208,27.700823,0.84133816,,,,,,,,,,,,,,,,,,,,,,,,,,,,,,,,,,,,,,,,,,,,,,,,,,,,,,,,,,,,,,,
135.55208,27.730803,0.0005354752,135.55208,27.730803,0.0005503495,,,,,,,,,,,,,,,,,,,,,,,,,,,,,,,,,,,,,,,,,,,,,,,,,,,,,,,,,,,,,135.55208,27.730803,-0.2377395,135.55208,27.730803,0.027474727,,,,,,,,,,,,,,,,,,,,,,,,,,,,,,,,,,,,,,,,,,,,,,,,,,,,,,,,,,,,,,,
135.55208,27.760782,0.00084783573,135.55208,27.760782,0.00058009813,,,,,,,,,,,,,,,,,,,,,,,,,,,,,,,,,,,,,,,,,,,,,,,,,,,,,,,,,,,,,135.55208,27.760782,0.8528382,135.55208,27.760782,0.1268141,,,,,,,,,,,,,,,,,,,,,,,,,,,,,,,,,,,,,,,,,,,,,,,,,,,,,,,,,,,,,,,
135.55208,27.79076,0.0007139669,135.55208,27.79076,0.0005800982,,,,,,,,,,,,,,,,,,,,,,,,,,,,,,,,,,,,,,,,,,,,,,,,,,,,,,,,,,,,,135.55208,27.79076,0.4160602,135.55208,27.79076,0.23370391,,,,,,,,,,,,,,,,,,,,,,,,,,,,,,,,,,,,,,,,,,,,,,,,,,,,,,,,,,,,,,,
135.55208,27.82074,0.00056522386,135.55208,27.82074,0.00062472105,,,,,,,,,,,,,,,,,,,,,,,,,,,,,,,,,,,,,,,,,,,,,,,,,,,,,,,,,,,,,135.55208,27.82074,-0.13608794,135.55208,27.82074,0.28791523,,,,,,,,,,,,,,,,,,,,,,,,,,,,,,,,,,,,,,,,,,,,,,,,,,,,,,,,,,,,,,,
135.55208,27.85072,0.0005949724,135.55208,27.85072,0.00066934404,,,,,,,,,,,,,,,,,,,,,,,,,,,,,,,,,,,,,,,,,,,,,,,,,,,,,,,,,,,,,135.55208,27.85072,-0.026700791,135.55208,27.85072,0.4320011,,,,,,,,,,,,,,,,,,,,,,,,,,,,,,,,,,,,,,,,,,,,,,,,,,,,,,,,,,,,,,,
135.55208,27.8807,0.0005206008,135.55208,27.8807,0.0006395954,,,,,,,,,,,,,,,,,,,,,,,,,,,,,,,,,,,,,,,,,,,,,,,,,,,,,,,,,,,,,135.55208,27.8807,-0.31629193,135.55208,27.8807,0.33603027,,,,,,,,,,,,,,,,,,,,,,,,,,,,,,,,,,,,,,,,,,,,,,,,,,,,,,,,,,,,,,,
135.55208,27.910677,0.0005949724,135.55208,27.910677,0.0004908522,,,,,,,,,,,,,,,,,,,,,,,,,,,,,,,,,,,,,,,,,,,,,,,,,,,,,,,,,,,,,135.55208,27.910677,-0.02390194,135.55208,27.910677,-0.22755368,,,,,,,,,,,,,,,,,,,,,,,,,,,,,,,,,,,,,,,,,,,,,,,,,,,,,,,,,,,,,,,
135.55208,27.940657,0.00065446965,135.55208,27.940657,0.00058009813,,,,,,,,,,,,,,,,,,,,,,,,,,,,,,,,,,,,,,,,,,,,,,,,,,,,,,,,,,,,,135.55208,27.940657,0.18323882,135.55208,27.940657,0.10075276,,,,,,,,,,,,,,,,,,,,,,,,,,,,,,,,,,,,,,,,,,,,,,,,,,,,,,,,,,,,,,,
135.55208,27.970636,0.0006395954,135.55208,27.970636,0.00068421825,,,,,,,,,,,,,,,,,,,,,,,,,,,,,,,,,,,,,,,,,,,,,,,,,,,,,,,,,,,,,135.55208,27.970636,0.12752567,135.55208,27.970636,0.51245236,,,,,,,,,,,,,,,,,,,,,,,,,,,,,,,,,,,,,,,,,,,,,,,,,,,,,,,,,,,,,,,
135.55208,28.000616,0.0008180871,135.55208,28.000616,0.00041648073,,,,,,,,,,,,,,,,,,,,,,,,,,,,,,,,,,,,,,,,,,,,,,,,,,,,,,,,,,,,,135.55208,28.000616,0.74764514,135.55208,28.000616,-0.40190282,,,,,,,,,,,,,,,,,,,,,,,,,,,,,,,,,,,,,,,,,,,,,,,,,,,,,,,,,,,,,,,
135.55208,28.030594,0.0006395953,135.55208,28.030594,0.00055034953,,,,,,,,,,,,,,,,,,,,,,,,,,,,,,,,,,,,,,,,,,,,,,,,,,,,,,,,,,,,,135.55208,28.030594,0.12137524,135.55208,28.030594,-0.025707675,,,,,,,,,,,,,,,,,,,,,,,,,,,,,,,,,,,,,,,,,,,,,,,,,,,,,,,,,,,,,,,
135.55208,28.060574,0.00050572655,135.55208,28.060574,0.00052060094,,,,,,,,,,,,,,,,,,,,,,,,,,,,,,,,,,,,,,,,,,,,,,,,,,,,,,,,,,,,,135.55208,28.060574,-0.32247669,135.55208,28.060574,-0.004816512,,,,,,,,,,,,,,,,,,,,,,,,,,,,,,,,,,,,,,,,,,,,,,,,,,,,,,,,,,,,,,,
135.55208,28.090553,0.0006098467,135.55208,28.090553,0.000669344,,,,,,,,,,,,,,,,,,,,,,,,,,,,,,,,,,,,,,,,,,,,,,,,,,,,,,,,,,,,,135.55208,28.090553,0.029284189,135.55208,28.090553,0.45384058,,,,,,,,,,,,,,,,,,,,,,,,,,,,,,,,,,,,,,,,,,,,,,,,,,,,,,,,,,,,,,,
135.55208,28.120533,0.0006990926,135.55208,28.120533,0.0005949724,,,,,,,,,,,,,,,,,,,,,,,,,,,,,,,,,,,,,,,,,,,,,,,,,,,,,,,,,,,,,135.55208,28.120533,0.33268243,135.55208,28.120533,0.20526655,,,,,,,,,,,,,,,,,,,,,,,,,,,,,,,,,,,,,,,,,,,,,,,,,,,,,,,,,,,,,,,
135.55208,28.150513,0.0004016064,135.55208,28.150513,0.0005503495,,,,,,,,,,,,,,,,,,,,,,,,,,,,,,,,,,,,,,,,,,,,,,,,,,,,,,,,,,,,,135.55208,28.150513,-0.7057792,135.55208,28.150513,0.008647975,,,,,,,,,,,,,,,,,,,,,,,,,,,,,,,,,,,,,,,,,,,,,,,,,,,,,,,,,,,,,,,
135.55208,28.18049,0.0006247212,135.55208,28.18049,0.0005354752,,,,,,,,,,,,,,,,,,,,,,,,,,,,,,,,,,,,,,,,,,,,,,,,,,,,,,,,,,,,,135.55208,28.18049,0.07740599,135.55208,28.18049,0.019239388,,,,,,,,,,,,,,,,,,,,,,,,,,,,,,,,,,,,,,,,,,,,,,,,,,,,,,,,,,,,,,,
135.55208,28.21047,0.0005206009,135.55208,28.21047,0.00058009813,,,,,,,,,,,,,,,,,,,,,,,,,,,,,,,,,,,,,,,,,,,,,,,,,,,,,,,,,,,,,135.55208,28.21047,-0.2910658,135.55208,28.21047,0.10313731,,,,,,,,,,,,,,,,,,,,,,,,,,,,,,,,,,,,,,,,,,,,,,,,,,,,,,,,,,,,,,,
135.55208,28.24045,0.0006098468,135.55208,28.24045,0.00053547526,,,,,,,,,,,,,,,,,,,,,,,,,,,,,,,,,,,,,,,,,,,,,,,,,,,,,,,,,,,,,135.55208,28.24045,0.045463648,135.55208,28.24045,-0.082828864,,,,,,,,,,,,,,,,,,,,,,,,,,,,,,,,,,,,,,,,,,,,,,,,,,,,,,,,,,,,,,,
135.55208,28.27043,0.00068421825,135.55208,28.27043,0.0004462293,,,,,,,,,,,,,,,,,,,,,,,,,,,,,,,,,,,,,,,,,,,,,,,,,,,,,,,,,,,,,135.55208,28.27043,0.2932107,135.55208,28.27043,-0.37521118,,,,,,,,,,,,,,,,,,,,,,,,,,,,,,,,,,,,,,,,,,,,,,,,,,,,,,,,,,,,,,,
135.55208,28.300407,0.0005949724,135.55208,28.300407,0.00069909263,,,,,,,,,,,,,,,,,,,,,,,,,,,,,,,,,,,,,,,,,,,,,,,,,,,,,,,,,,,,,135.55208,28.300407,-0.058559682,135.55208,28.300407,0.61551046,,,,,,,,,,,,,,,,,,,,,,,,,,,,,,,,,,,,,,,,,,,,,,,,,,,,,,,,,,,,,,,
135.55208,28.330387,0.00056522386,135.55208,28.330387,0.00050572655,,,,,,,,,,,,,,,,,,,,,,,,,,,,,,,,,,,,,,,,,,,,,,,,,,,,,,,,,,,,,135.55208,28.330387,-0.1532963,135.55208,28.330387,-0.12258846,,,,,,,,,,,,,,,,,,,,,,,,,,,,,,,,,,,,,,,,,,,,,,,,,,,,,,,,,,,,,,,
135.55208,28.360367,0.00037185775,135.55208,28.360367,0.00046110366,,,,,,,,,,,,,,,,,,,,,,,,,,,,,,,,,,,,,,,,,,,,,,,,,,,,,,,,,,,,,135.55208,28.360367,-0.81339955,135.55208,28.360367,-0.2810953,,,,,,,,,,,,,,,,,,,,,,,,,,,,,,,,,,,,,,,,,,,,,,,,,,,,,,,,,,,,,,,
135.55208,28.390347,0.0006395954,135.55208,28.390347,0.00062472105,,,,,,,,,,,,,,,,,,,,,,,,,,,,,,,,,,,,,,,,,,,,,,,,,,,,,,,,,,,,,135.55208,28.390347,0.13801534,135.55208,28.390347,0.29933953,,,,,,,,,,,,,,,,,,,,,,,,,,,,,,,,,,,,,,,,,,,,,,,,,,,,,,,,,,,,,,,
135.55208,28.420324,0.0006395954,135.55208,28.420324,0.0004908523,,,,,,,,,,,,,,,,,,,,,,,,,,,,,,,,,,,,,,,,,,,,,,,,,,,,,,,,,,,,,135.55208,28.420324,0.1205847,135.55208,28.420324,-0.20091836,,,,,,,,,,,,,,,,,,,,,,,,,,,,,,,,,,,,,,,,,,,,,,,,,,,,,,,,,,,,,,,
135.55208,28.450304,0.00062472105,135.55208,28.450304,0.0005800981,,,,,,,,,,,,,,,,,,,,,,,,,,,,,,,,,,,,,,,,,,,,,,,,,,,,,,,,,,,,,135.55208,28.450304,0.06427014,135.55208,28.450304,0.09930577,,,,,,,,,,,,,,,,,,,,,,,,,,,,,,,,,,,,,,,,,,,,,,,,,,,,,,,,,,,,,,,
135.55208,28.480284,0.0005949724,135.55208,28.480284,0.0005354752,,,,,,,,,,,,,,,,,,,,,,,,,,,,,,,,,,,,,,,,,,,,,,,,,,,,,,,,,,,,,135.55208,28.480284,-0.038175568,135.55208,28.480284,0.0024647713,,,,,,,,,,,,,,,,,,,,,,,,,,,,,,,,,,,,,,,,,,,,,,,,,,,,,,,,,,,,,,,
135.55208,28.510263,0.0006544697,135.55208,28.510263,0.0005949724,,,,,,,,,,,,,,,,,,,,,,,,,,,,,,,,,,,,,,,,,,,,,,,,,,,,,,,,,,,,,135.55208,28.510263,0.17319411,135.55208,28.510263,0.19452739,,,,,,,,,,,,,,,,,,,,,,,,,,,,,,,,,,,,,,,,,,,,,,,,,,,,,,,,,,,,,,,
135.55208,28.540241,0.00068421836,135.55208,28.540241,0.00050572655,,,,,,,,,,,,,,,,,,,,,,,,,,,,,,,,,,,,,,,,,,,,,,,,,,,,,,,,,,,,,135.55208,28.540241,0.27145413,135.55208,28.540241,-0.19846064,,,,,,,,,,,,,,,,,,,,,,,,,,,,,,,,,,,,,,,,,,,,,,,,,,,,,,,,,,,,,,,
135.55208,28.57022,0.0005949724,135.55208,28.57022,0.00062472105,,,,,,,,,,,,,,,,,,,,,,,,,,,,,,,,,,,,,,,,,,,,,,,,,,,,,,,,,,,,,135.55208,28.57022,-0.04207584,135.55208,28.57022,0.26237917,,,,,,,,,,,,,,,,,,,,,,,,,,,,,,,,,,,,,,,,,,,,,,,,,,,,,,,,,,,,,,,
135.55208,28.6002,0.0005949724,135.55208,28.6002,0.0005503495,,,,,,,,,,,,,,,,,,,,,,,,,,,,,,,,,,,,,,,,,,,,,,,,,,,,,,,,,,,,,135.55208,28.6002,-0.01708975,135.55208,28.6002,-0.01389185,,,,,,,,,,,,,,,,,,,,,,,,,,,,,,,,,,,,,,,,,,,,,,,,,,,,,,,,,,,,,,,
135.55208,28.63018,0.0005354752,135.55208,28.63018,0.0006247212,,,,,,,,,,,,,,,,,,,,,,,,,,,,,,,,,,,,,,,,,,,,,,,,,,,,,,,,,,,,,135.55208,28.63018,-0.2814232,135.55208,28.63018,0.27318949,,,,,,,,,,,,,,,,,,,,,,,,,,,,,,,,,,,,,,,,,,,,,,,,,,,,,,,,,,,,,,,
135.55208,28.660158,0.0007734642,135.55208,28.660158,0.00050572655,,,,,,,,,,,,,,,,,,,,,,,,,,,,,,,,,,,,,,,,,,,,,,,,,,,,,,,,,,,,,135.55208,28.660158,0.6005726,135.55208,28.660158,-0.11481096,,,,,,,,,,,,,,,,,,,,,,,,,,,,,,,,,,,,,,,,,,,,,,,,,,,,,,,,,,,,,,,
135.55208,28.690138,0.00068421825,135.55208,28.690138,0.00050572655,,,,,,,,,,,,,,,,,,,,,,,,,,,,,,,,,,,,,,,,,,,,,,,,,,,,,,,,,,,,,135.55208,28.690138,0.2708913,135.55208,28.690138,-0.112647705,,,,,,,,,,,,,,,,,,,,,,,,,,,,,,,,,,,,,,,,,,,,,,,,,,,,,,,,,,,,,,,
135.55208,28.720118,0.0007139669,135.55208,28.720118,0.0005949724,,,,,,,,,,,,,,,,,,,,,,,,,,,,,,,,,,,,,,,,,,,,,,,,,,,,,,,,,,,,,135.55208,28.720118,0.4066102,135.55208,28.720118,0.09265956,,,,,,,,,,,,,,,,,,,,,,,,,,,,,,,,,,,,,,,,,,,,,,,,,,,,,,,,,,,,,,,
135.55208,28.750097,0.0006842183,135.55208,28.750097,0.0005354752,,,,,,,,,,,,,,,,,,,,,,,,,,,,,,,,,,,,,,,,,,,,,,,,,,,,,,,,,,,,,135.55208,28.750097,0.2893921,135.55208,28.750097,-0.07345123,,,,,,,,,,,,,,,,,,,,,,,,,,,,,,,,,,,,,,,,,,,,,,,,,,,,,,,,,,,,,,,
135.55208,28.780075,0.0007288412,135.55208,28.780075,0.0003569835,,,,,,,,,,,,,,,,,,,,,,,,,,,,,,,,,,,,,,,,,,,,,,,,,,,,,,,,,,,,,135.55208,28.780075,0.44647175,135.55208,28.780075,-0.6728405,,,,,,,,,,,,,,,,,,,,,,,,,,,,,,,,,,,,,,,,,,,,,,,,,,,,,,,,,,,,,,,
135.55208,28.810055,0.00044622936,135.55208,28.810055,0.000475978,,,,,,,,,,,,,,,,,,,,,,,,,,,,,,,,,,,,,,,,,,,,,,,,,,,,,,,,,,,,,135.55208,28.810055,-0.57335573,135.55208,28.810055,-0.2462273,,,,,,,,,,,,,,,,,,,,,,,,,,,,,,,,,,,,,,,,,,,,,,,,,,,,,,,,,,,,,,,
135.55208,28.840034,0.0006395954,135.55208,28.840034,0.000475978,,,,,,,,,,,,,,,,,,,,,,,,,,,,,,,,,,,,,,,,,,,,,,,,,,,,,,,,,,,,,135.55208,28.840034,0.12156309,135.55208,28.840034,-0.23935403,,,,,,,,,,,,,,,,,,,,,,,,,,,,,,,,,,,,,,,,,,,,,,,,,,,,,,,,,,,,,,,
135.55208,28.870014,0.0005800982,135.55208,28.870014,0.00044622936,,,,,,,,,,,,,,,,,,,,,,,,,,,,,,,,,,,,,,,,,,,,,,,,,,,,,,,,,,,,,135.55208,28.870014,-0.08433993,135.55208,28.870014,-0.37061995,,,,,,,,,,,,,,,,,,,,,,,,,,,,,,,,,,,,,,,,,,,,,,,,,,,,,,,,,,,,,,,
135.55208,28.899992,0.0004164807,135.55208,28.899992,0.00053547526,,,,,,,,,,,,,,,,,,,,,,,,,,,,,,,,,,,,,,,,,,,,,,,,,,,,,,,,,,,,,135.55208,28.899992,-0.6628243,135.55208,28.899992,-0.008049965,,,,,,,,,,,,,,,,,,,,,,,,,,,,,,,,,,,,,,,,,,,,,,,,,,,,,,,,,,,,,,,
135.55208,28.929972,0.0005354752,135.55208,28.929972,0.00040160638,,,,,,,,,,,,,,,,,,,,,,,,,,,,,,,,,,,,,,,,,,,,,,,,,,,,,,,,,,,,,135.55208,28.929972,-0.2564745,135.55208,28.929972,-0.5295215,,,,,,,,,,,,,,,,,,,,,,,,,,,,,,,,,,,,,,,,,,,,,,,,,,,,,,,,,,,,,,,
135.55208,28.959951,0.0006544697,135.55208,28.959951,0.0006098467,,,,,,,,,,,,,,,,,,,,,,,,,,,,,,,,,,,,,,,,,,,,,,,,,,,,,,,,,,,,,135.55208,28.959951,0.15625241,135.55208,28.959951,0.11641775,,,,,,,,,,,,,,,,,,,,,,,,,,,,,,,,,,,,,,,,,,,,,,,,,,,,,,,,,,,,,,,
135.55208,28.989931,0.000713967,135.55208,28.989931,0.00058009813,,,,,,,,,,,,,,,,,,,,,,,,,,,,,,,,,,,,,,,,,,,,,,,,,,,,,,,,,,,,,135.55208,28.989931,0.4012764,135.55208,28.989931,0.16877776,,,,,,,,,,,,,,,,,,,,,,,,,,,,,,,,,,,,,,,,,,,,,,,,,,,,,,,,,,,,,,,
135.55208,29.01991,0.0005652238,135.55208,29.01991,0.00050572655,,,,,,,,,,,,,,,,,,,,,,,,,,,,,,,,,,,,,,,,,,,,,,,,,,,,,,,,,,,,,135.55208,29.01991,-0.13570434,135.55208,29.01991,-0.111252904,,,,,,,,,,,,,,,,,,,,,,,,,,,,,,,,,,,,,,,,,,,,,,,,,,,,,,,,,,,,,,,
135.55208,29.049889,0.00062472105,135.55208,29.049889,0.00050572655,,,,,,,,,,,,,,,,,,,,,,,,,,,,,,,,,,,,,,,,,,,,,,,,,,,,,,,,,,,,,135.55208,29.049889,0.07602484,135.55208,29.049889,-0.16197054,,,,,,,,,,,,,,,,,,,,,,,,,,,,,,,,,,,,,,,,,,,,,,,,,,,,,,,,,,,,,,,
135.55208,29.079868,0.00058009813,135.55208,29.079868,0.0005949724,,,,,,,,,,,,,,,,,,,,,,,,,,,,,,,,,,,,,,,,,,,,,,,,,,,,,,,,,,,,,135.55208,29.079868,-0.095679246,135.55208,29.079868,0.17583711,,,,,,,,,,,,,,,,,,,,,,,,,,,,,,,,,,,,,,,,,,,,,,,,,,,,,,,,,,,,,,,
135.55208,29.109848,0.0004462293,135.55208,29.109848,0.0006395953,,,,,,,,,,,,,,,,,,,,,,,,,,,,,,,,,,,,,,,,,,,,,,,,,,,,,,,,,,,,,135.55208,29.109848,-0.56979364,135.55208,29.109848,0.39321858,,,,,,,,,,,,,,,,,,,,,,,,,,,,,,,,,,,,,,,,,,,,,,,,,,,,,,,,,,,,,,,
135.55208,29.139828,0.00068421836,135.55208,29.139828,0.0005949724,,,,,,,,,,,,,,,,,,,,,,,,,,,,,,,,,,,,,,,,,,,,,,,,,,,,,,,,,,,,,135.55208,29.139828,0.26185364,135.55208,29.139828,0.16897818,,,,,,,,,,,,,,,,,,,,,,,,,,,,,,,,,,,,,,,,,,,,,,,,,,,,,,,,,,,,,,,
135.55208,29.169806,0.0006098467,135.55208,29.169806,0.00066934404,,,,,,,,,,,,,,,,,,,,,,,,,,,,,,,,,,,,,,,,,,,,,,,,,,,,,,,,,,,,,135.55208,29.169806,0.027234001,135.55208,29.169806,0.3761002,,,,,,,,,,,,,,,,,,,,,,,,,,,,,,,,,,,,,,,,,,,,,,,,,,,,,,,,,,,,,,,
135.55208,29.199785,0.00047597795,135.55208,29.199785,0.0005354752,,,,,,,,,,,,,,,,,,,,,,,,,,,,,,,,,,,,,,,,,,,,,,,,,,,,,,,,,,,,,135.55208,29.199785,-0.44739294,135.55208,29.199785,-0.14840457,,,,,,,,,,,,,,,,,,,,,,,,,,,,,,,,,,,,,,,,,,,,,,,,,,,,,,,,,,,,,,,
135.55208,29.229765,0.00065446965,135.55208,29.229765,0.00053547526,,,,,,,,,,,,,,,,,,,,,,,,,,,,,,,,,,,,,,,,,,,,,,,,,,,,,,,,,,,,,135.55208,29.229765,0.18946402,135.55208,29.229765,-0.057308093,,,,,,,,,,,,,,,,,,,,,,,,,,,,,,,,,,,,,,,,,,,,,,,,,,,,,,,,,,,,,,,
135.55208,29.259745,0.0005949724,135.55208,29.259745,0.0005949724,,,,,,,,,,,,,,,,,,,,,,,,,,,,,,,,,,,,,,,,,,,,,,,,,,,,,,,,,,,,,135.55208,29.259745,-0.004504674,135.55208,29.259745,0.15184076,,,,,,,,,,,,,,,,,,,,,,,,,,,,,,,,,,,,,,,,,,,,,,,,,,,,,,,,,,,,,,,
135.55208,29.289722,0.00046110366,135.55208,29.289722,0.00037185775,,,,,,,,,,,,,,,,,,,,,,,,,,,,,,,,,,,,,,,,,,,,,,,,,,,,,,,,,,,,,135.55208,29.289722,-0.48922485,135.55208,29.289722,-0.66036624,,,,,,,,,,,,,,,,,,,,,,,,,,,,,,,,,,,,,,,,,,,,,,,,,,,,,,,,,,,,,,,
135.55208,29.319702,0.00050572655,135.55208,29.319702,0.000431355,,,,,,,,,,,,,,,,,,,,,,,,,,,,,,,,,,,,,,,,,,,,,,,,,,,,,,,,,,,,,135.55208,29.319702,-0.35030395,135.55208,29.319702,-0.41274694,,,,,,,,,,,,,,,,,,,,,,,,,,,,,,,,,,,,,,,,,,,,,,,,,,,,,,,,,,,,,,,
135.55208,29.349682,0.0006395954,135.55208,29.349682,0.00043135503,,,,,,,,,,,,,,,,,,,,,,,,,,,,,,,,,,,,,,,,,,,,,,,,,,,,,,,,,,,,,135.55208,29.349682,0.1041754,135.55208,29.349682,-0.34286964,,,,,,,,,,,,,,,,,,,,,,,,,,,,,,,,,,,,,,,,,,,,,,,,,,,,,,,,,,,,,,,
135.55208,29.379662,0.00072884123,135.55208,29.379662,0.00038673205,,,,,,,,,,,,,,,,,,,,,,,,,,,,,,,,,,,,,,,,,,,,,,,,,,,,,,,,,,,,,135.55208,29.379662,0.41889477,135.55208,29.379662,-0.6136297,,,,,,,,,,,,,,,,,,,,,,,,,,,,,,,,,,,,,,,,,,,,,,,,,,,,,,,,,,,,,,,
135.55208,29.40964,0.0007734641,135.55208,29.40964,0.0004908522,,,,,,,,,,,,,,,,,,,,,,,,,,,,,,,,,,,,,,,,,,,,,,,,,,,,,,,,,,,,,135.55208,29.40964,0.5943687,135.55208,29.40964,-0.22393383,,,,,,,,,,,,,,,,,,,,,,,,,,,,,,,,,,,,,,,,,,,,,,,,,,,,,,,,,,,,,,,
135.55208,29.43962,0.0006395953,135.55208,29.43962,0.0005652238,,,,,,,,,,,,,,,,,,,,,,,,,,,,,,,,,,,,,,,,,,,,,,,,,,,,,,,,,,,,,135.55208,29.43962,0.096712,135.55208,29.43962,0.104412355,,,,,,,,,,,,,,,,,,,,,,,,,,,,,,,,,,,,,,,,,,,,,,,,,,,,,,,,,,,,,,,
135.55208,29.469599,0.00077346415,135.55208,29.469599,0.0005354752,,,,,,,,,,,,,,,,,,,,,,,,,,,,,,,,,,,,,,,,,,,,,,,,,,,,,,,,,,,,,135.55208,29.469599,0.5765222,135.55208,29.469599,-0.0577486,,,,,,,,,,,,,,,,,,,,,,,,,,,,,,,,,,,,,,,,,,,,,,,,,,,,,,,,,,,,,,,
135.55208,29.499578,0.0006098468,135.55208,29.499578,0.00069909275,,,,,,,,,,,,,,,,,,,,,,,,,,,,,,,,,,,,,,,,,,,,,,,,,,,,,,,,,,,,,135.55208,29.499578,0.016020894,135.55208,29.499578,0.6065939,,,,,,,,,,,,,,,,,,,,,,,,,,,,,,,,,,,,,,,,,,,,,,,,,,,,,,,,,,,,,,,
135.55208,29.529556,0.00072884123,135.55208,29.529556,0.0004759779,,,,,,,,,,,,,,,,,,,,,,,,,,,,,,,,,,,,,,,,,,,,,,,,,,,,,,,,,,,,,135.55208,29.529556,0.4606017,135.55208,29.529556,-0.30879495,,,,,,,,,,,,,,,,,,,,,,,,,,,,,,,,,,,,,,,,,,,,,,,,,,,,,,,,,,,,,,,
135.55208,29.559536,0.00050572655,135.55208,29.559536,0.0004759779,,,,,,,,,,,,,,,,,,,,,,,,,,,,,,,,,,,,,,,,,,,,,,,,,,,,,,,,,,,,,135.55208,29.559536,-0.36997008,135.55208,29.559536,-0.28869924,,,,,,,,,,,,,,,,,,,,,,,,,,,,,,,,,,,,,,,,,,,,,,,,,,,,,,,,,,,,,,,
135.55208,29.589516,0.0004016064,135.55208,29.589516,0.00072884123,,,,,,,,,,,,,,,,,,,,,,,,,,,,,,,,,,,,,,,,,,,,,,,,,,,,,,,,,,,,,135.55208,29.589516,-0.7187266,135.55208,29.589516,0.6219668,,,,,,,,,,,,,,,,,,,,,,,,,,,,,,,,,,,,,,,,,,,,,,,,,,,,,,,,,,,,,,,
135.55208,29.619495,0.00065446965,135.55208,29.619495,0.00038673208,,,,,,,,,,,,,,,,,,,,,,,,,,,,,,,,,,,,,,,,,,,,,,,,,,,,,,,,,,,,,135.55208,29.619495,0.17804694,135.55208,29.619495,-0.56138855,,,,,,,,,,,,,,,,,,,,,,,,,,,,,,,,,,,,,,,,,,,,,,,,,,,,,,,,,,,,,,,
135.55208,29.649473,0.00037185775,135.55208,29.649473,0.0005652238,,,,,,,,,,,,,,,,,,,,,,,,,,,,,,,,,,,,,,,,,,,,,,,,,,,,,,,,,,,,,135.55208,29.649473,-0.7949969,135.55208,29.649473,0.027615653,,,,,,,,,,,,,,,,,,,,,,,,,,,,,,,,,,,,,,,,,,,,,,,,,,,,,,,,,,,,,,,
135.55208,29.679453,0.0005949724,135.55208,29.679453,0.0006544697,,,,,,,,,,,,,,,,,,,,,,,,,,,,,,,,,,,,,,,,,,,,,,,,,,,,,,,,,,,,,135.55208,29.679453,-0.053549726,135.55208,29.679453,0.31367934,,,,,,,,,,,,,,,,,,,,,,,,,,,,,,,,,,,,,,,,,,,,,,,,,,,,,,,,,,,,,,,
135.55208,29.709433,0.00066934404,135.55208,29.709433,0.00046110366,,,,,,,,,,,,,,,,,,,,,,,,,,,,,,,,,,,,,,,,,,,,,,,,,,,,,,,,,,,,,135.55208,29.709433,0.2436249,135.55208,29.709433,-0.3487599,,,,,,,,,,,,,,,,,,,,,,,,,,,,,,,,,,,,,,,,,,,,,,,,,,,,,,,,,,,,,,,
135.55208,29.739412,0.0005949724,135.55208,29.739412,0.0005206009,,,,,,,,,,,,,,,,,,,,,,,,,,,,,,,,,,,,,,,,,,,,,,,,,,,,,,,,,,,,,135.55208,29.739412,-0.037628848,135.55208,29.739412,-0.12752946,,,,,,,,,,,,,,,,,,,,,,,,,,,,,,,,,,,,,,,,,,,,,,,,,,,,,,,,,,,,,,,
135.55208,29.76939,0.00066934404,135.55208,29.76939,0.00066934404,,,,,,,,,,,,,,,,,,,,,,,,,,,,,,,,,,,,,,,,,,,,,,,,,,,,,,,,,,,,,135.55208,29.76939,0.24466072,135.55208,29.76939,0.5081227,,,,,,,,,,,,,,,,,,,,,,,,,,,,,,,,,,,,,,,,,,,,,,,,,,,,,,,,,,,,,,,
135.55208,29.79937,0.00046110366,135.55208,29.79937,0.0003718578,,,,,,,,,,,,,,,,,,,,,,,,,,,,,,,,,,,,,,,,,,,,,,,,,,,,,,,,,,,,,135.55208,29.79937,-0.5254681,135.55208,29.79937,-0.6293485,,,,,,,,,,,,,,,,,,,,,,,,,,,,,,,,,,,,,,,,,,,,,,,,,,,,,,,,,,,,,,,
135.55208,29.82935,0.00058009813,135.55208,29.82935,0.0005354752,,,,,,,,,,,,,,,,,,,,,,,,,,,,,,,,,,,,,,,,,,,,,,,,,,,,,,,,,,,,,135.55208,29.82935,-0.07369949,135.55208,29.82935,0.004163128,,,,,,,,,,,,,,,,,,,,,,,,,,,,,,,,,,,,,,,,,,,,,,,,,,,,,,,,,,,,,,,
135.55208,29.85933,0.0005503495,135.55208,29.85933,0.00050572655,,,,,,,,,,,,,,,,,,,,,,,,,,,,,,,,,,,,,,,,,,,,,,,,,,,,,,,,,,,,,135.55208,29.85933,-0.18184757,135.55208,29.85933,-0.1272602,,,,,,,,,,,,,,,,,,,,,,,,,,,,,,,,,,,,,,,,,,,,,,,,,,,,,,,,,,,,,,,
135.55208,29.889309,0.0005354752,135.55208,29.889309,0.0005206009,,,,,,,,,,,,,,,,,,,,,,,,,,,,,,,,,,,,,,,,,,,,,,,,,,,,,,,,,,,,,135.55208,29.889309,-0.2555809,135.55208,29.889309,-0.08794515,,,,,,,,,,,,,,,,,,,,,,,,,,,,,,,,,,,,,,,,,,,,,,,,,,,,,,,,,,,,,,,
135.55208,29.919287,0.00068421825,135.55208,29.919287,0.00043135503,,,,,,,,,,,,,,,,,,,,,,,,,,,,,,,,,,,,,,,,,,,,,,,,,,,,,,,,,,,,,135.55208,29.919287,0.2844705,135.55208,29.919287,-0.40990347,,,,,,,,,,,,,,,,,,,,,,,,,,,,,,,,,,,,,,,,,,,,,,,,,,,,,,,,,,,,,,,
135.55208,29.949266,0.0004908522,135.55208,29.949266,0.00050572655,,,,,,,,,,,,,,,,,,,,,,,,,,,,,,,,,,,,,,,,,,,,,,,,,,,,,,,,,,,,,135.55208,29.949266,-0.38456747,135.55208,29.949266,-0.107056886,,,,,,,,,,,,,,,,,,,,,,,,,,,,,,,,,,,,,,,,,,,,,,,,,,,,,,,,,,,,,,,
135.55208,29.979246,0.0004908523,135.55208,29.979246,0.0005949724,,,,,,,,,,,,,,,,,,,,,,,,,,,,,,,,,,,,,,,,,,,,,,,,,,,,,,,,,,,,,135.55208,29.979246,-0.41330704,135.55208,29.979246,0.17542332,,,,,,,,,,,,,,,,,,,,,,,,,,,,,,,,,,,,,,,,,,,,,,,,,,,,,,,,,,,,,,,
