time,range_raw,copol_raw,time,range_raw,crosspol_raw,time,weather_inside_temperature,time,weather_outside_temperature,time,weather_inside_humidity,time,weather_outside_humidity,time,weather_wind_speed,time,weather_wind_direction,time,weather_barometric_pressure,time,weather_dew_point,time,weather_rain_rate,time,elevation_angle,time,azimuth_angle,time,copol_background,time,crosspol_background,time,telescope_temperature,time,detector_temperature,time,laser_temperature,time,date_yyyyMMdd,time,time_hhmmss,time,year,time,month,time,day,time,hour,time,minute,time,second,time,aod_age_secs,time,latitude,time,longitude,time,altitude,time,laser_energy,time,syncpulse,time,range_raw,copol_snr,time,range_raw,crosspol_snr,time,aeronet_aod,time,sda_aod_totals,time,sda_aod_fines,time,sda_aod_coarses,time,sda_ae_totals,time,sda_ae_fines,time,sda_dae_totals,time,sda_dae_fines,time,range_nrb,copol_nrb,time,range_nrb,crosspol_nrb,time,range_radiometer,radiometer_temperature,time,range_radiometer,radiometer_vaporDensity,time,range_radiometer,radiometer_liquid,time,range_radiometer,radiometer_relativeHumidity,time,number_of_clouds,number_of_cloud_outlines,clouds,time,number_of_clouds,pbls,time,range_vbp,extinction_coefficient,time,range_vbp,mass_concentration,time,range_vbp,VBP,time,range_nrb,depolarization_ratio,time,range_nrb,particle_type,time,number_of_particle_type,particle_type_mapping,time,lidar_ratio,time,aod
101.923615,0.029979246,23.16332,101.923615,0.029979246,17.78065,101.923615,30.60494,101.923615,23.537039,101.923615,62.77778,101.923615,86.888885,101.923615,0.0,101.923615,279.0,101.923615,972.0999,101.923615,21.22524,101.923615,0.0,101.923615,0.0,101.923615,0.0,101.923615,0.00059747766,101.923615,0.0005910581,101.923615,27.205557,101.923615,27.368889,101.923615,27.217777,101.923615,20240410,101.923615,221000,101.923615,2024.0,101.923615,4.0,101.923615,10.0,101.923615,22.0,101.923615,10.0,101.923615,0.0,101.923615,-1.0,101.923615,-999.0,101.923615,-999.0,101.923615,-999.0,101.923615,4.5136666,101.923615,2500.0,101.923615,0.029979246,82448.305,101.923615,0.029979246,61756.008,101.923615,,101.923615,,101.923615,,101.923615,,101.923615,,101.923615,,101.923615,,101.923615,,101.923615,0.11991698,0.21218556,101.923615,0.11991698,0.007159644,,,,,,,,,,,,,101.923615,0.0,0.0,5.606119,101.923615,0.0,0.8993774,101.923615,0.11991698,0.09908995,101.923615,0.11991698,27.935995,101.923615,0.11991698,0.0033029984,101.923615,0.11991698,0.03245638,101.923615,0.11991698,5.0,101.923615,0.0,WaterCloud,101.923615,30.0,101.923615,
101.923615,0.05995849,9.938228,101.923615,0.05995849,0.86150527,,,,,,,,,,,,,,,,,,,,,,,,,,,,,,,,,,,,,,,,,,,,,,,,,,,,,,,,,,,,,101.923615,0.05995849,35369.152,101.923615,0.05995849,2989.8694,,,,,,,,,,,,,,,,,101.923615,0.14989623,0.20943142,101.923615,0.14989623,0.0067683025,,,,,,,,,,,,,101.923615,0.0,1.0,5.8159738,101.923615,1.0,,101.923615,0.14989623,0.09792222,101.923615,0.14989623,27.930859,101.923615,0.14989623,0.0032640742,101.923615,0.14989623,0.031226303,101.923615,0.14989623,5.0,101.923615,1.0,MixedCloud,,,,
101.923615,0.08993774,8.924037,101.923615,0.08993774,0.5318906,,,,,,,,,,,,,,,,,,,,,,,,,,,,,,,,,,,,,,,,,,,,,,,,,,,,,,,,,,,,,101.923615,0.08993774,31759.691,101.923615,0.08993774,1846.6802,,,,,,,,,,,,,,,,,101.923615,0.17987548,0.20672888,101.923615,0.17987548,0.0063545518,,,,,,,,,,,,,101.923615,0.0,2.0,6.0258284,101.923615,2.0,,101.923615,0.17987548,0.09680524,101.923615,0.17987548,27.925943,101.923615,0.17987548,0.003226841,101.923615,0.17987548,0.02953262,101.923615,0.17987548,5.0,101.923615,2.0,Ice/dust/ash,,,,
101.923615,0.11991698,8.376439,101.923615,0.11991698,0.40333188,,,,,,,,,,,,,,,,,,,,,,,,,,,,,,,,,,,,,,,,,,,,,,,,,,,,,,,,,,,,,101.923615,0.11991698,29813.271,101.923615,0.11991698,1399.9099,,,,,,,,,,,,,,,,,101.923615,0.20985472,0.20518816,101.923615,0.20985472,0.0061338744,,,,,,,,,,,,,101.923615,1.0,0.0,7.284957,101.923615,3.0,,101.923615,0.20985472,0.09668194,101.923615,0.20985472,27.9254,101.923615,0.20985472,0.0032227312,101.923615,0.20985472,0.028911348,101.923615,0.20985472,5.0,101.923615,3.0,Rain/Dust,,,,
101.923615,0.14989623,7.93149,101.923615,0.14989623,0.33105755,,,,,,,,,,,,,,,,,,,,,,,,,,,,,,,,,,,,,,,,,,,,,,,,,,,,,,,,,,,,,101.923615,0.14989623,28229.23,101.923615,0.14989623,1149.6907,,,,,,,,,,,,,,,,,101.923615,0.23983397,0.20087564,101.923615,0.23983397,0.0059038275,,,,,,,,,,,,,101.923615,1.0,1.0,7.55477,101.923615,4.0,,101.923615,0.23983397,0.094812796,101.923615,0.23983397,27.917175,101.923615,0.23983397,0.0031604266,101.923615,0.23983397,0.028449373,101.923615,0.23983397,5.0,101.923615,4.0,Molecular,,,,
101.923615,0.17987548,7.5067377,101.923615,0.17987548,0.2763796,,,,,,,,,,,,,,,,,,,,,,,,,,,,,,,,,,,,,,,,,,,,,,,,,,,,,,,,,,,,,101.923615,0.17987548,26717.02,101.923615,0.17987548,959.08075,,,,,,,,,,,,,,,,,101.923615,0.2698132,0.19701177,101.923615,0.2698132,0.005562996,,,,,,,,,,,,,101.923615,1.0,2.0,8.33423,101.923615,5.0,,101.923615,0.2698132,0.093121186,101.923615,0.2698132,27.909733,101.923615,0.2698132,0.0031040395,101.923615,0.2698132,0.02734535,101.923615,0.2698132,5.0,101.923615,5.0,CleanAerosol,,,,
101.923615,0.20985472,7.1188016,101.923615,0.20985472,0.24304625,,,,,,,,,,,,,,,,,,,,,,,,,,,,,,,,,,,,,,,,,,,,,,,,,,,,,,,,,,,,,101.923615,0.20985472,25339.08,101.923615,0.20985472,843.29645,,,,,,,,,,,,,,,,,101.923615,0.29979247,0.19367616,101.923615,0.29979247,0.005160146,,,,,,,,,,,,,101.923615,2.0,0.0,,101.923615,6.0,,101.923615,0.29979247,0.09177569,101.923615,0.29979247,27.903816,101.923615,0.29979247,0.0030591898,101.923615,0.29979247,0.025860226,101.923615,0.29979247,5.0,101.923615,6.0,PollutedAerosol,,,,
101.923615,0.23983397,6.634612,101.923615,0.23983397,0.2167336,,,,,,,,,,,,,,,,,,,,,,,,,,,,,,,,,,,,,,,,,,,,,,,,,,,,,,,,,,,,,101.923615,0.23983397,23613.67,101.923615,0.23983397,752.2014,,,,,,,,,,,,,,,,,101.923615,0.3297717,0.19244602,101.923615,0.3297717,0.0050422912,,,,,,,,,,,,,101.923615,2.0,1.0,,101.923615,7.0,,101.923615,0.3297717,0.091900535,101.923615,0.3297717,27.904364,101.923615,0.3297717,0.0030633511,101.923615,0.3297717,0.025418822,101.923615,0.3297717,5.0,101.923615,7.0,Undetected,,,,
101.923615,0.2698132,6.0730033,101.923615,0.2698132,0.18781793,,,,,,,,,,,,,,,,,,,,,,,,,,,,,,,,,,,,,,,,,,,,,,,,,,,,,,,,,,,,,101.923615,0.2698132,21614.957,101.923615,0.2698132,651.4648,,,,,,,,,,,,,,,,,101.923615,0.35975096,0.19652237,101.923615,0.35975096,0.0026550116,,,,,,,,,,,,,101.923615,2.0,2.0,,101.923615,8.0,,101.923615,0.35975096,0.095857285,101.923615,0.35975096,27.921774,101.923615,0.35975096,0.0031952425,101.923615,0.35975096,0.012463756,101.923615,0.35975096,5.0,,,,,,,
101.923615,0.29979247,5.5462437,101.923615,0.29979247,0.1663543,,,,,,,,,,,,,,,,,,,,,,,,,,,,,,,,,,,,,,,,,,,,,,,,,,,,,,,,,,,,,101.923615,0.29979247,19737.393,101.923615,0.29979247,576.663,,,,,,,,,,,,,,,,,101.923615,0.3897302,0.20197396,101.923615,0.3897302,0.0051776823,,,,,,,,,,,,,101.923615,3.0,0.0,,101.923615,9.0,,101.923615,0.3897302,0.100750774,101.923615,0.3897302,27.943306,101.923615,0.3897302,0.0033583592,101.923615,0.3897302,0.02481595,101.923615,0.3897302,5.0,,,,,,,
101.923615,0.3297717,5.0529532,101.923615,0.3297717,0.15034954,,,,,,,,,,,,,,,,,,,,,,,,,,,,,,,,,,,,,,,,,,,,,,,,,,,,,,,,,,,,,101.923615,0.3297717,17979.248,101.923615,0.3297717,520.8863,,,,,,,,,,,,,,,,,101.923615,0.41970944,0.20805658,101.923615,0.41970944,-0.0013979187,,,,,,,,,,,,,101.923615,3.0,1.0,,,,,101.923615,0.41970944,0.10604754,101.923615,0.41970944,27.966608,101.923615,0.41970944,0.003534918,101.923615,0.41970944,0.00089697965,101.923615,0.41970944,7.0,,,,,,,
101.923615,0.35975096,4.6541576,101.923615,0.35975096,0.13672467,,,,,,,,,,,,,,,,,,,,,,,,,,,,,,,,,,,,,,,,,,,,,,,,,,,,,,,,,,,,,101.923615,0.35975096,16563.314,101.923615,0.35975096,473.77747,,,,,,,,,,,,,,,,,101.923615,0.4496887,0.21677202,101.923615,0.4496887,0.0056296447,,,,,,,,,,,,,101.923615,3.0,2.0,,,,,101.923615,0.4496887,0.113363795,101.923615,0.4496887,27.9988,101.923615,0.4496887,0.003778793,101.923615,0.4496887,0.025190605,101.923615,0.4496887,5.0,,,,,,,
101.923615,0.3897302,4.325703,101.923615,0.3897302,0.12567306,,,,,,,,,,,,,,,,,,,,,,,,,,,,,,,,,,,,,,,,,,,,,,,,,,,,,,,,,,,,,101.923615,0.3897302,15389.998,101.923615,0.3897302,435.14465,,,,,,,,,,,,,,,,,101.923615,0.47966793,0.22611062,101.923615,0.47966793,-0.0012584234,,,,,,,,,,,,,101.923615,4.0,0.0,,,,,101.923615,0.47966793,0.121139444,101.923615,0.47966793,28.033012,101.923615,0.47966793,0.004037982,101.923615,0.47966793,0.0010466217,101.923615,0.47966793,4.0,,,,,,,
101.923615,0.41970944,4.0199018,101.923615,0.41970944,0.11654023,,,,,,,,,,,,,,,,,,,,,,,,,,,,,,,,,,,,,,,,,,,,,,,,,,,,,,,,,,,,,101.923615,0.41970944,14311.13,101.923615,0.41970944,403.80286,,,,,,,,,,,,,,,,,101.923615,0.5096472,0.23026763,101.923615,0.5096472,0.0062337737,,,,,,,,,,,,,101.923615,4.0,1.0,,,,,101.923615,0.5096472,0.12554942,101.923615,0.5096472,28.052418,101.923615,0.5096472,0.0041849804,101.923615,0.5096472,0.02614663,101.923615,0.5096472,5.0,,,,,,,
101.923615,0.44968867,3.753726,101.923615,0.44968867,0.106425695,,,,,,,,,,,,,,,,,,,,,,,,,,,,,,,,,,,,,,,,,,,,,,,,,,,,,,,,,,,,,101.923615,0.44968867,13357.315,101.923615,0.44968867,368.20322,,,,,,,,,,,,,,,,,101.923615,0.5396264,0.23226255,101.923615,0.5396264,0.0059572826,,,,,,,,,,,,,101.923615,4.0,2.0,,,,,101.923615,0.5396264,0.12918074,101.923615,0.5396264,28.068396,101.923615,0.5396264,0.004306025,101.923615,0.5396264,0.024893152,101.923615,0.5396264,5.0,,,,,,,
101.923615,0.47966793,3.5301204,101.923615,0.47966793,0.10126432,,,,,,,,,,,,,,,,,,,,,,,,,,,,,,,,,,,,,,,,,,,,,,,,,,,,,,,,,,,,,101.923615,0.47966793,12559.818,101.923615,0.47966793,350.16595,,,,,,,,,,,,,,,,,101.923615,0.56960565,0.23132914,101.923615,0.56960565,0.0060278657,,,,,,,,,,,,,101.923615,5.0,0.0,,,,,101.923615,0.56960565,0.13040726,101.923615,0.56960565,28.073792,101.923615,0.56960565,0.0043469085,101.923615,0.56960565,0.025131278,101.923615,0.56960565,5.0,,,,,,,
101.923615,0.5096472,3.222103,101.923615,0.5096472,0.09281571,,,,,,,,,,,,,,,,,,,,,,,,,,,,,,,,,,,,,,,,,,,,,,,,,,,,,,,,,,,,,101.923615,0.5096472,11467.181,101.923615,0.5096472,320.9408,,,,,,,,,,,,,,,,,101.923615,0.59958494,0.23132221,101.923615,0.59958494,0.0059147724,,,,,,,,,,,,,101.923615,5.0,1.0,,,,,101.923615,0.59958494,0.13220395,101.923615,0.59958494,28.0817,101.923615,0.59958494,0.0044067986,101.923615,0.59958494,0.024886992,101.923615,0.59958494,5.0,,,,,,,
101.923615,0.5396264,2.9273984,101.923615,0.5396264,0.08125837,,,,,,,,,,,,,,,,,,,,,,,,,,,,,,,,,,,,,,,,,,,,,,,,,,,,,,,,,,,,,101.923615,0.5396264,10413.175,101.923615,0.5396264,280.59967,,,,,,,,,,,,,,,,,101.923615,0.62956417,0.22766966,101.923615,0.62956417,0.005442697,,,,,,,,,,,,,101.923615,5.0,2.0,,,,,101.923615,0.62956417,0.13080177,101.923615,0.62956417,28.075527,101.923615,0.62956417,0.0043600597,101.923615,0.62956417,0.0232969,101.923615,0.62956417,5.0,,,,,,,
101.923615,0.56960565,2.647122,101.923615,0.56960565,0.07383608,,,,,,,,,,,,,,,,,,,,,,,,,,,,,,,,,,,,,,,,,,,,,,,,,,,,,,,,,,,,,101.923615,0.56960565,9421.327,101.923615,0.56960565,255.12845,,,,,,,,,,,,,,,,,101.923615,0.6595434,0.22107285,101.923615,0.6595434,-0.007429208,,,,,,,,,,,,,101.923615,6.0,0.0,,,,,101.923615,0.6595434,0.12547126,101.923615,0.6595434,28.05207,101.923615,0.6595434,0.0041823755,101.923615,0.6595434,1.0000001e-07,101.923615,0.6595434,7.0,,,,,,,
101.923615,0.59958494,2.4070654,101.923615,0.59958494,0.06626507,,,,,,,,,,,,,,,,,,,,,,,,,,,,,,,,,,,,,,,,,,,,,,,,,,,,,,,,,,,,,101.923615,0.59958494,8564.879,101.923615,0.59958494,228.55284,,,,,,,,,,,,,,,,,101.923615,0.6895227,0.20882016,101.923615,0.6895227,0.0052508805,,,,,,,,,,,,,101.923615,6.0,1.0,,,,,101.923615,0.6895227,0.11670934,101.923615,0.6895227,28.013523,101.923615,0.6895227,0.003890311,101.923615,0.6895227,0.024597438,101.923615,0.6895227,5.0,,,,,,,
101.923615,0.62956417,2.160806,101.923615,0.62956417,0.0573256,,,,,,,,,,,,,,,,,,,,,,,,,,,,,,,,,,,,,,,,,,,,,,,,,,,,,,,,,,,,,101.923615,0.62956417,7688.4688,101.923615,0.62956417,197.41582,,,,,,,,,,,,,,,,,101.923615,0.7195019,0.20127128,101.923615,0.7195019,0.004612336,,,,,,,,,,,,,101.923615,6.0,2.0,,,,,101.923615,0.7195019,0.114092916,101.923615,0.7195019,28.00201,101.923615,0.7195019,0.0038030972,101.923615,0.7195019,0.02224109,101.923615,0.7195019,5.0,,,,,,,
101.923615,0.6595434,1.9318011,101.923615,0.6595434,0.05109326,,,,,,,,,,,,,,,,,,,,,,,,,,,,,,,,,,,,,,,,,,,,,,,,,,,,,,,,,,,,,101.923615,0.6595434,6871.4824,101.923615,0.6595434,175.66537,,,,,,,,,,,,,,,,,101.923615,0.74948114,0.20643309,101.923615,0.74948114,-0.012475873,,,,,,,,,,,,,101.923615,7.0,0.0,,,,,101.923615,0.74948114,0.12089741,101.923615,0.74948114,28.031948,101.923615,0.74948114,0.0040299133,101.923615,0.74948114,1.0000001e-07,101.923615,0.74948114,7.0,,,,,,,
101.923615,0.6895226,1.6805147,101.923615,0.6895226,0.04660122,,,,,,,,,,,,,,,,,,,,,,,,,,,,,,,,,,,,,,,,,,,,,,,,,,,,,,,,,,,,,101.923615,0.6895226,5975.7783,101.923615,0.6895226,159.93913,,,,,,,,,,,,,,,,,101.923615,0.7794604,0.20985393,101.923615,0.7794604,0.0050683906,,,,,,,,,,,,,101.923615,7.0,1.0,,,,,101.923615,0.7794604,0.12492245,101.923615,0.7794604,28.049658,101.923615,0.7794604,0.004164082,101.923615,0.7794604,0.023669817,101.923615,0.7794604,5.0,,,,,,,
101.923615,0.7195019,1.4957311,101.923615,0.7195019,0.0394913,,,,,,,,,,,,,,,,,,,,,,,,,,,,,,,,,,,,,,,,,,,,,,,,,,,,,,,,,,,,,101.923615,0.7195019,5320.138,101.923615,0.7195019,135.3267,,,,,,,,,,,,,,,,,101.923615,0.80943966,0.20705415,101.923615,0.80943966,0.004873861,,,,,,,,,,,,,101.923615,7.0,2.0,,,,,101.923615,0.80943966,0.12279868,101.923615,0.80943966,28.040314,101.923615,0.80943966,0.004093289,101.923615,0.80943966,0.022948412,101.923615,0.80943966,5.0,,,,,,,
101.923615,0.74948114,1.4167335,101.923615,0.74948114,0.0384501,,,,,,,,,,,,,,,,,,,,,,,,,,,,,,,,,,,,,,,,,,,,,,,,,,,,,,,,,,,,,101.923615,0.74948114,5042.7393,101.923615,0.74948114,131.6442,,,,,,,,,,,,,,,,,101.923615,0.8394189,0.20355089,101.923615,0.8394189,-0.0019269934,,,,,,,,,,,,,101.923615,8.0,0.0,,,,,101.923615,0.8394189,0.12164593,101.923615,0.8394189,28.03524,101.923615,0.8394189,0.004054865,101.923615,0.8394189,0.00017740327,101.923615,0.8394189,7.0,,,,,,,
101.923615,0.7794604,1.3448906,101.923615,0.7794604,0.036397442,,,,,,,,,,,,,,,,,,,,,,,,,,,,,,,,,,,,,,,,,,,,,,,,,,,,,,,,,,,,,101.923615,0.7794604,4785.927,101.923615,0.7794604,124.38969,,,,,,,,,,,,,,,,,101.923615,0.8693981,0.18513383,101.923615,0.8693981,0.004323137,,,,,,,,,,,,,101.923615,8.0,1.0,,,,,101.923615,0.8693981,0.10594636,101.923615,0.8693981,27.966164,101.923615,0.8693981,0.0035315459,101.923615,0.8693981,0.022529373,101.923615,0.8693981,5.0,,,,,,,
101.923615,0.80943966,1.2458427,101.923615,0.80943966,0.034315035,,,,,,,,,,,,,,,,,,,,,,,,,,,,,,,,,,,,,,,,,,,,,,,,,,,,,,,,,,,,,101.923615,0.80943966,4431.285,101.923615,0.80943966,117.21308,,,,,,,,,,,,,,,,,101.923615,0.8993774,0.12918213,101.923615,0.8993774,0.0022702757,,,,,,,,,,,,,101.923615,8.0,2.0,,,,,101.923615,0.8993774,0.059947185,101.923615,0.8993774,27.76377,101.923615,0.8993774,0.0019982394,101.923615,0.8993774,0.017129652,101.923615,0.8993774,5.0,,,,,,,
101.923615,0.8394189,1.1454409,101.923615,0.8394189,0.03084932,,,,,,,,,,,,,,,,,,,,,,,,,,,,,,,,,,,,,,,,,,,,,,,,,,,,,,,,,,,,,101.923615,0.8394189,4073.9053,101.923615,0.8394189,105.1733,,,,,,,,,,,,,,,,,101.923615,0.92935663,0.09950381,101.923615,0.92935663,-0.00046954385,,,,,,,,,,,,,101.923615,9.0,0.0,,,,,101.923615,0.92935663,0.039507404,101.923615,0.92935663,27.673832,101.923615,0.92935663,0.0013169134,101.923615,0.92935663,0.00031898692,101.923615,0.92935663,7.0,,,,,,,
101.923615,0.8693981,0.98047,101.923615,0.8693981,0.026684517,,,,,,,,,,,,,,,,,,,,,,,,,,,,,,,,,,,,,,,,,,,,,,,,,,,,,,,,,,,,,101.923615,0.8693981,3488.2632,101.923615,0.8693981,90.78351,,,,,,,,,,,,,,,,,101.923615,0.95933586,0.09771301,101.923615,0.95933586,0.0016558843,,,,,,,,,,,,,101.923615,9.0,1.0,,,,,101.923615,0.95933586,0.03843278,101.923615,0.95933586,27.669106,101.923615,0.95933586,0.0012810925,101.923615,0.95933586,0.016904406,101.923615,0.95933586,5.0,,,,,,,
101.923615,0.89937735,0.640592,101.923615,0.89937735,0.016034508,,,,,,,,,,,,,,,,,,,,,,,,,,,,,,,,,,,,,,,,,,,,,,,,,,,,,,,,,,,,,101.923615,0.89937735,2278.8762,101.923615,0.89937735,53.790306,,,,,,,,,,,,,,,,,101.923615,0.98931515,0.09722211,101.923615,0.98931515,0.0017407251,,,,,,,,,,,,,101.923615,9.0,2.0,,,,,101.923615,0.98931515,0.038575053,101.923615,0.98931515,27.669731,101.923615,0.98931515,0.0012858349,101.923615,0.98931515,0.017690457,101.923615,0.98931515,5.0,,,,,,,
101.923615,0.92935663,0.4759185,101.923615,0.92935663,0.011706083,,,,,,,,,,,,,,,,,,,,,,,,,,,,,,,,,,,,,,,,,,,,,,,,,,,,,,,,,,,,,101.923615,0.92935663,1691.3794,101.923615,0.92935663,38.634468,,,,,,,,,,,,,,,,,101.923615,1.0192944,0.09518738,101.923615,1.0192944,0.0014584311,,,,,,,,,,,,,,,,,,,,101.923615,1.0192944,0.037353102,101.923615,1.0192944,27.66435,101.923615,1.0192944,0.0012451033,101.923615,1.0192944,0.015173799,101.923615,1.0192944,5.0,,,,,,,
101.923615,0.95933586,0.43255985,101.923615,0.95933586,0.010977242,,,,,,,,,,,,,,,,,,,,,,,,,,,,,,,,,,,,,,,,,,,,,,,,,,,,,,,,,,,,,101.923615,0.95933586,1537.3008,101.923615,0.95933586,36.09504,,,,,,,,,,,,,,,,,101.923615,1.0492736,0.092626564,101.923615,1.0492736,0.0016036939,,,,,,,,,,,,,,,,,,,,101.923615,1.0492736,0.035515904,101.923615,1.0492736,27.656267,101.923615,1.0492736,0.0011838635,101.923615,1.0492736,0.017092163,101.923615,1.0492736,5.0,,,,,,,
101.923615,0.9893151,0.40495312,101.923615,0.9893151,0.010650007,,,,,,,,,,,,,,,,,,,,,,,,,,,,,,,,,,,,,,,,,,,,,,,,,,,,,,,,,,,,,101.923615,0.9893151,1439.9385,101.923615,0.9893151,34.988068,,,,,,,,,,,,,,,,,101.923615,1.0792528,0.089521736,101.923615,1.0792528,0.0015747328,,,,,,,,,,,,,,,,,,,,101.923615,1.0792528,0.032948934,101.923615,1.0792528,27.644976,101.923615,1.0792528,0.0010982979,101.923615,1.0792528,0.017311942,101.923615,1.0792528,5.0,,,,,,,
101.923615,1.0192944,0.37806037,101.923615,1.0192944,0.009281571,,,,,,,,,,,,,,,,,,,,,,,,,,,,,,,,,,,,,,,,,,,,,,,,,,,,,,,,,,,,,101.923615,1.0192944,1343.0054,101.923615,1.0192944,30.217672,,,,,,,,,,,,,,,,,101.923615,1.1092321,0.086970456,101.923615,1.1092321,0.0013566752,,,,,,,,,,,,,,,,,,,,101.923615,1.1092321,0.031262524,101.923615,1.1092321,27.637554,101.923615,1.1092321,0.0010420842,101.923615,1.1092321,0.015520194,101.923615,1.1092321,5.0,,,,,,,
101.923615,1.0492736,0.34975457,101.923615,1.0492736,0.009162577,,,,,,,,,,,,,,,,,,,,,,,,,,,,,,,,,,,,,,,,,,,,,,,,,,,,,,,,,,,,,101.923615,1.0492736,1243.0885,101.923615,1.0492736,29.85059,,,,,,,,,,,,,,,,,101.923615,1.1392113,0.085508734,101.923615,1.1392113,0.0014716313,,,,,,,,,,,,,,,,,,,,101.923615,1.1392113,0.030319264,101.923615,1.1392113,27.633402,101.923615,1.1392113,0.001010642,101.923615,1.1392113,0.016833372,101.923615,1.1392113,5.0,,,,,,,
101.923615,1.0792528,0.31969357,101.923615,1.0792528,0.008969209,,,,,,,,,,,,,,,,,,,,,,,,,,,,,,,,,,,,,,,,,,,,,,,,,,,,,,,,,,,,,101.923615,1.0792528,1135.5961,101.923615,1.0792528,29.171408,,,,,,,,,,,,,,,,,101.923615,1.1691906,0.087519735,101.923615,1.1691906,0.0015966806,,,,,,,,,,,,,,,,,,,,101.923615,1.1691906,0.032528274,101.923615,1.1691906,27.643126,101.923615,1.1691906,0.0010842759,101.923615,1.1691906,0.017950902,101.923615,1.1691906,5.0,,,,,,,
101.923615,1.1092321,0.2961624,101.923615,1.1092321,0.0076751453,,,,,,,,,,,,,,,,,,,,,,,,,,,,,,,,,,,,,,,,,,,,,,,,,,,,,,,,,,,,,101.923615,1.1092321,1052.0239,101.923615,1.1092321,24.60415,,,,,,,,,,,,,,,,,101.923615,1.1991699,0.09013702,101.923615,1.1991699,0.0014922366,,,,,,,,,,,,,,,,,,,,101.923615,1.1991699,0.034947477,101.923615,1.1991699,27.653769,101.923615,1.1991699,0.0011649159,101.923615,1.1991699,0.016556855,101.923615,1.1991699,5.0,,,,,,,
101.923615,1.1392113,0.27692997,101.923615,1.1392113,0.007868511,,,,,,,,,,,,,,,,,,,,,,,,,,,,,,,,,,,,,,,,,,,,,,,,,,,,,,,,,,,,,101.923615,1.1392113,983.2659,101.923615,1.1392113,25.330427,,,,,,,,,,,,,,,,,101.923615,1.2291491,0.088893145,101.923615,1.2291491,0.0017522383,,,,,,,,,,,,,,,,,,,,101.923615,1.2291491,0.03430815,101.923615,1.2291491,27.650953,101.923615,1.2291491,0.0011436051,101.923615,1.2291491,0.019300438,101.923615,1.2291491,5.0,,,,,,,
101.923615,1.1691905,0.2696564,101.923615,1.1691905,0.00786851,,,,,,,,,,,,,,,,,,,,,,,,,,,,,,,,,,,,,,,,,,,,,,,,,,,,,,,,,,,,,101.923615,1.1691905,957.3739,101.923615,1.1691905,25.247026,,,,,,,,,,,,,,,,,101.923615,1.2591283,0.08410111,101.923615,1.2591283,0.0017086787,,,,,,,,,,,,,,,,,,,,101.923615,1.2591283,0.030708637,101.923615,1.2591283,27.63512,101.923615,1.2591283,0.0010236213,101.923615,1.2591283,0.0201057,101.923615,1.2591283,5.0,,,,,,,
101.923615,1.1991699,0.26611635,101.923615,1.1991699,0.0071247946,,,,,,,,,,,,,,,,,,,,,,,,,,,,,,,,,,,,,,,,,,,,,,,,,,,,,,,,,,,,,101.923615,1.1991699,944.5819,101.923615,1.1991699,22.647158,,,,,,,,,,,,,,,,,101.923615,1.2891076,0.084914885,101.923615,1.2891076,0.0015001155,,,,,,,,,,,,,,,,,,,,101.923615,1.2891076,0.03130593,101.923615,1.2891076,27.637747,101.923615,1.2891076,0.0010435311,101.923615,1.2891076,0.01751019,101.923615,1.2891076,5.0,,,,,,,
101.923615,1.2291491,0.24887699,101.923615,1.2291491,0.007823888,,,,,,,,,,,,,,,,,,,,,,,,,,,,,,,,,,,,,,,,,,,,,,,,,,,,,,,,,,,,,101.923615,1.2291491,883.3641,101.923615,1.2291491,25.139261,,,,,,,,,,,,,,,,,101.923615,1.3190868,0.08290734,101.923615,1.3190868,0.0015380407,,,,,,,,,,,,,,,,,,,,101.923615,1.3190868,0.030232426,101.923615,1.3190868,27.633022,101.923615,1.3190868,0.0010077475,101.923615,1.3190868,0.018579116,101.923615,1.3190868,5.0,,,,,,,
101.923615,1.2591283,0.22672912,101.923615,1.2591283,0.0074222824,,,,,,,,,,,,,,,,,,,,,,,,,,,,,,,,,,,,,,,,,,,,,,,,,,,,,,,,,,,,,101.923615,1.2591283,805.2041,101.923615,1.2591283,23.721354,,,,,,,,,,,,,,,,,101.923615,1.349066,0.08148264,101.923615,1.349066,0.0016347547,,,,,,,,,,,,,,,,,,,,101.923615,1.349066,0.029335009,101.923615,1.349066,27.629076,101.923615,1.349066,0.0009778335,101.923615,1.349066,0.019401208,101.923615,1.349066,5.0,,,,,,,
101.923615,1.2891076,0.21932173,101.923615,1.2891076,0.006529823,,,,,,,,,,,,,,,,,,,,,,,,,,,,,,,,,,,,,,,,,,,,,,,,,,,,,,,,,,,,,101.923615,1.2891076,778.7601,101.923615,1.2891076,20.699516,,,,,,,,,,,,,,,,,101.923615,1.3790454,0.07816695,101.923615,1.3790454,0.0013321837,,,,,,,,,,,,,,,,,,,,101.923615,1.3790454,0.026748136,101.923615,1.3790454,27.617691,101.923615,1.3790454,0.00089160446,101.923615,1.3790454,0.016754426,101.923615,1.3790454,5.0,,,,,,,
101.923615,1.3190868,0.20490853,101.923615,1.3190868,0.0065595717,,,,,,,,,,,,,,,,,,,,,,,,,,,,,,,,,,,,,,,,,,,,,,,,,,,,,,,,,,,,,101.923615,1.3190868,726.98285,101.923615,1.3190868,20.755053,,,,,,,,,,,,,,,,,101.923615,1.4090246,0.07606958,101.923615,1.4090246,0.0013383378,,,,,,,,,,,,,,,,,,,,101.923615,1.4090246,0.025255067,101.923615,1.4090246,27.611122,101.923615,1.4090246,0.00084183563,101.923615,1.4090246,0.017695997,101.923615,1.4090246,5.0,,,,,,,
101.923615,1.349066,0.1934553,101.923615,1.349066,0.006425703,,,,,,,,,,,,,,,,,,,,,,,,,,,,,,,,,,,,,,,,,,,,,,,,,,,,,,,,,,,,,101.923615,1.349066,686.59937,101.923615,1.349066,20.317698,,,,,,,,,,,,,,,,,101.923615,1.4390038,0.077937946,101.923615,1.4390038,0.0014206197,,,,,,,,,,,,,,,,,,,,101.923615,1.4390038,0.027242191,101.923615,1.4390038,27.619865,101.923615,1.4390038,0.00090807315,101.923615,1.4390038,0.018671388,101.923615,1.4390038,5.0,,,,,,,
101.923615,1.3790452,0.17877436,101.923615,1.3790452,0.005726611,,,,,,,,,,,,,,,,,,,,,,,,,,,,,,,,,,,,,,,,,,,,,,,,,,,,,,,,,,,,,101.923615,1.3790452,634.1985,101.923615,1.3790452,17.874676,,,,,,,,,,,,,,,,,101.923615,1.468983,0.07755956,101.923615,1.468983,0.0014639412,,,,,,,,,,,,,,,,,,,,101.923615,1.468983,0.027210483,101.923615,1.468983,27.619726,101.923615,1.468983,0.0009070162,101.923615,1.468983,0.017269779,101.923615,1.468983,5.0,,,,,,,
101.923615,1.4090246,0.16708313,101.923615,1.4090246,0.0055778674,,,,,,,,,,,,,,,,,,,,,,,,,,,,,,,,,,,,,,,,,,,,,,,,,,,,,,,,,,,,,101.923615,1.4090246,592.1412,101.923615,1.4090246,17.315592,,,,,,,,,,,,,,,,,101.923615,1.4989623,0.07757211,101.923615,1.4989623,0.0013649692,,,,,,,,,,,,,,,,,,,,101.923615,1.4989623,0.026939236,101.923615,1.4989623,27.618534,101.923615,1.4989623,0.0008979746,101.923615,1.4989623,0.016251426,101.923615,1.4989623,5.0,,,,,,,
101.923615,1.4390038,0.16488177,101.923615,1.4390038,0.0054588723,,,,,,,,,,,,,,,,,,,,,,,,,,,,,,,,,,,,,,,,,,,,,,,,,,,,,,,,,,,,,101.923615,1.4390038,585.05444,101.923615,1.4390038,16.93351,,,,,,,,,,,,,,,,,101.923615,1.5289415,0.07516341,101.923615,1.5289415,0.0010396631,,,,,,,,,,,,,,,,,,,,101.923615,1.5289415,0.025353996,101.923615,1.5289415,27.611559,101.923615,1.5289415,0.0008451332,101.923615,1.5289415,0.012335586,101.923615,1.5289415,5.0,,,,,,,
101.923615,1.468983,0.15607615,101.923615,1.468983,0.005548118,,,,,,,,,,,,,,,,,,,,,,,,,,,,,,,,,,,,,,,,,,,,,,,,,,,,,,,,,,,,,101.923615,1.468983,553.77844,101.923615,1.468983,17.260103,,,,,,,,,,,,,,,,,101.923615,1.5589207,0.075132206,101.923615,1.5589207,0.0013905781,,,,,,,,,,,,,,,,,,,,101.923615,1.5589207,0.02582913,101.923615,1.5589207,27.613647,101.923615,1.5589207,0.00086097105,101.923615,1.5589207,0.018619962,101.923615,1.5589207,5.0,,,,,,,
101.923615,1.4989623,0.15137587,101.923615,1.4989623,0.0052060094,,,,,,,,,,,,,,,,,,,,,,,,,,,,,,,,,,,,,,,,,,,,,,,,,,,,,,,,,,,,,101.923615,1.4989623,537.3917,101.923615,1.4989623,16.082125,,,,,,,,,,,,,,,,,101.923615,1.5889001,0.07174205,101.923615,1.5889001,0.001322905,,,,,,,,,,,,,,,,,,,,101.923615,1.5889001,0.023059078,101.923615,1.5889001,27.601458,101.923615,1.5889001,0.0007686359,101.923615,1.5889001,0.015234626,101.923615,1.5889001,5.0,,,,,,,
101.923615,1.5289415,0.14152908,101.923615,1.5289415,0.0043730475,,,,,,,,,,,,,,,,,,,,,,,,,,,,,,,,,,,,,,,,,,,,,,,,,,,,,,,,,,,,,101.923615,1.5289415,502.1338,101.923615,1.5289415,13.155421,,,,,,,,,,,,,,,,,101.923615,1.6188793,0.07162328,101.923615,1.6188793,0.0014042299,,,,,,,,,,,,,,,,,,,,101.923615,1.6188793,0.023181593,101.923615,1.6188793,27.601997,101.923615,1.6188793,0.0007727199,101.923615,1.6188793,0.015620545,101.923615,1.6188793,5.0,,,,,,,
101.923615,1.5589207,0.13752788,101.923615,1.5589207,0.00496802,,,,,,,,,,,,,,,,,,,,,,,,,,,,,,,,,,,,,,,,,,,,,,,,,,,,,,,,,,,,,101.923615,1.5589207,487.71777,101.923615,1.5589207,15.24587,,,,,,,,,,,,,,,,,101.923615,1.6488585,0.07161926,101.923615,1.6488585,0.001336161,,,,,,,,,,,,,,,,,,,,101.923615,1.6488585,0.02323746,101.923615,1.6488585,27.602242,101.923615,1.6488585,0.00077458186,101.923615,1.6488585,0.01714204,101.923615,1.6488585,5.0,,,,,,,
101.923615,1.5889,0.12687787,101.923615,1.5889,0.004789529,,,,,,,,,,,,,,,,,,,,,,,,,,,,,,,,,,,,,,,,,,,,,,,,,,,,,,,,,,,,,101.923615,1.5889,449.75803,101.923615,1.5889,14.578968,,,,,,,,,,,,,,,,,101.923615,1.6788378,0.0687419,101.923615,1.6788378,0.0012665271,,,,,,,,,,,,,,,,,,,,101.923615,1.6788378,0.020988792,101.923615,1.6788378,27.59235,101.923615,1.6788378,0.00069962634,101.923615,1.6788378,0.015267786,101.923615,1.6788378,5.0,,,,,,,
101.923615,1.6188793,0.121894985,101.923615,1.6188793,0.004715157,,,,,,,,,,,,,,,,,,,,,,,,,,,,,,,,,,,,,,,,,,,,,,,,,,,,,,,,,,,,,101.923615,1.6188793,431.92197,101.923615,1.6188793,14.31999,,,,,,,,,,,,,,,,,101.923615,1.708817,0.06912263,101.923615,1.708817,0.0012528826,,,,,,,,,,,,,,,,,,,,101.923615,1.708817,0.021420509,101.923615,1.708817,27.59425,101.923615,1.708817,0.000714017,101.923615,1.708817,0.015068765,101.923615,1.708817,5.0,,,,,,,
101.923615,1.6488585,0.11735833,101.923615,1.6488585,0.004492042,,,,,,,,,,,,,,,,,,,,,,,,,,,,,,,,,,,,,,,,,,,,,,,,,,,,,,,,,,,,,101.923615,1.6488585,415.29547,101.923615,1.6488585,13.549236,,,,,,,,,,,,,,,,,101.923615,1.7387962,0.07116897,101.923615,1.7387962,0.0010816103,,,,,,,,,,,,,,,,,,,,101.923615,1.7387962,0.02365836,101.923615,1.7387962,27.604095,101.923615,1.7387962,0.00078861194,101.923615,1.7387962,0.00885825,101.923615,1.7387962,4.0,,,,,,,
101.923615,1.6788378,0.10910307,101.923615,1.6788378,0.0042243046,,,,,,,,,,,,,,,,,,,,,,,,,,,,,,,,,,,,,,,,,,,,,,,,,,,,,,,,,,,,,101.923615,1.6788378,386.52637,101.923615,1.6788378,12.663569,,,,,,,,,,,,,,,,,101.923615,1.7687756,0.06840556,101.923615,1.7687756,0.0015967708,,,,,,,,,,,,,,,,,,,,101.923615,1.7687756,0.021463867,101.923615,1.7687756,27.594439,101.923615,1.7687756,0.00071546226,101.923615,1.7687756,0.02218616,101.923615,1.7687756,5.0,,,,,,,
101.923615,1.708817,0.10675293,101.923615,1.708817,0.0042689275,,,,,,,,,,,,,,,,,,,,,,,,,,,,,,,,,,,,,,,,,,,,,,,,,,,,,,,,,,,,,101.923615,1.708817,378.04053,101.923615,1.708817,12.826562,,,,,,,,,,,,,,,,,101.923615,1.7987548,0.0662134,101.923615,1.7987548,0.0011936405,,,,,,,,,,,,,,,,,,,,101.923615,1.7987548,0.019844566,101.923615,1.7987548,27.587317,101.923615,1.7987548,0.0006614856,101.923615,1.7987548,0.011197408,101.923615,1.7987548,5.0,,,,,,,
101.923615,1.7387962,0.10487877,101.923615,1.7387962,0.0037929495,,,,,,,,,,,,,,,,,,,,,,,,,,,,,,,,,,,,,,,,,,,,,,,,,,,,,,,,,,,,,101.923615,1.7387962,371.1102,101.923615,1.7387962,11.143906,,,,,,,,,,,,,,,,,101.923615,1.828734,0.06528196,101.923615,1.828734,0.0011200509,,,,,,,,,,,,,,,,,,,,101.923615,1.828734,0.019688379,101.923615,1.828734,27.58663,101.923615,1.828734,0.0006562793,101.923615,1.828734,0.010684263,101.923615,1.828734,5.0,,,,,,,
101.923615,1.7687755,0.09906292,101.923615,1.7687755,0.004477168,,,,,,,,,,,,,,,,,,,,,,,,,,,,,,,,,,,,,,,,,,,,,,,,,,,,,,,,,,,,,101.923615,1.7687755,350.49277,101.923615,1.7687755,13.492641,,,,,,,,,,,,,,,,,101.923615,1.8587133,0.06226881,101.923615,1.8587133,0.0014305711,,,,,,,,,,,,,,,,,,,,101.923615,1.8587133,0.016651114,101.923615,1.8587133,27.573265,101.923615,1.8587133,0.0005550372,101.923615,1.8587133,0.013393278,101.923615,1.8587133,5.0,,,,,,,
101.923615,1.7987547,0.09399077,101.923615,1.7987547,0.0038078236,,,,,,,,,,,,,,,,,,,,,,,,,,,,,,,,,,,,,,,,,,,,,,,,,,,,,,,,,,,,,101.923615,1.7987547,332.41385,101.923615,1.7987547,11.197323,,,,,,,,,,,,,,,,,101.923615,1.8886925,0.057954345,101.923615,1.8886925,0.0010266647,,,,,,,,,,,,,,,,,,,,101.923615,1.8886925,0.013160896,101.923615,1.8886925,27.557907,101.923615,1.8886925,0.00043869656,101.923615,1.8886925,0.008954745,101.923615,1.8886925,4.0,,,,,,,
101.923615,1.828734,0.08796668,101.923615,1.828734,0.0036590807,,,,,,,,,,,,,,,,,,,,,,,,,,,,,,,,,,,,,,,,,,,,,,,,,,,,,,,,,,,,,101.923615,1.828734,310.97595,101.923615,1.828734,10.706613,,,,,,,,,,,,,,,,,101.923615,1.9186717,0.05888978,101.923615,1.9186717,0.00063710747,,,,,,,,,,,,,,,,,,,,101.923615,1.9186717,0.013921291,101.923615,1.9186717,27.561253,101.923615,1.9186717,0.00046404297,101.923615,1.9186717,0.007853278,101.923615,1.9186717,4.0,,,,,,,
101.923615,1.8587133,0.08279043,101.923615,1.8587133,0.003986316,,,,,,,,,,,,,,,,,,,,,,,,,,,,,,,,,,,,,,,,,,,,,,,,,,,,,,,,,,,,,101.923615,1.8587133,292.8822,101.923615,1.8587133,11.750095,,,,,,,,,,,,,,,,,101.923615,1.948651,0.0608168,101.923615,1.948651,0.0009941087,,,,,,,,,,,,,,,,,,,,101.923615,1.948651,0.015961582,101.923615,1.948651,27.570229,101.923615,1.948651,0.0005320527,101.923615,1.948651,0.010458124,101.923615,1.948651,5.0,,,,,,,
101.923615,1.8886925,0.07434182,101.923615,1.8886925,0.003331846,,,,,,,,,,,,,,,,,,,,,,,,,,,,,,,,,,,,,,,,,,,,,,,,,,,,,,,,,,,,,101.923615,1.8886925,262.64087,101.923615,1.8886925,9.511244,,,,,,,,,,,,,,,,,101.923615,1.9786303,0.060270224,101.923615,1.9786303,0.0010199207,,,,,,,,,,,,,,,,,,,,101.923615,1.9786303,0.015820075,101.923615,1.9786303,27.569607,101.923615,1.9786303,0.00052733585,101.923615,1.9786303,0.0107245045,101.923615,1.9786303,5.0,,,,,,,
101.923615,1.9186717,0.072809756,101.923615,1.9186717,0.0028707422,,,,,,,,,,,,,,,,,,,,,,,,,,,,,,,,,,,,,,,,,,,,,,,,,,,,,,,,,,,,,101.923615,1.9186717,256.99805,101.923615,1.9186717,7.896807,,,,,,,,,,,,,,,,,101.923615,2.0086095,0.059120238,101.923615,2.0086095,0.0013813959,,,,,,,,,,,,,,,,,,,,101.923615,2.0086095,0.014860455,101.923615,2.0086095,27.565386,101.923615,2.0086095,0.0004953485,101.923615,2.0086095,0.014761193,101.923615,2.0086095,5.0,,,,,,,
101.923615,1.948651,0.073241115,101.923615,1.948651,0.0032128515,,,,,,,,,,,,,,,,,,,,,,,,,,,,,,,,,,,,,,,,,,,,,,,,,,,,,,,,,,,,,101.923615,1.948651,258.22134,101.923615,1.948651,9.116271,,,,,,,,,,,,,,,,,101.923615,2.0385888,0.058212016,101.923615,2.0385888,0.0010371237,,,,,,,,,,,,,,,,,,,,101.923615,2.0385888,0.014501454,101.923615,2.0385888,27.563807,101.923615,2.0385888,0.00048338177,101.923615,2.0385888,0.0116537465,101.923615,2.0385888,5.0,,,,,,,
101.923615,1.9786302,0.070638105,101.923615,1.9786302,0.0032277256,,,,,,,,,,,,,,,,,,,,,,,,,,,,,,,,,,,,,,,,,,,,,,,,,,,,,,,,,,,,,101.923615,1.9786302,248.94916,101.923615,1.9786302,9.167495,,,,,,,,,,,,,,,,,101.923615,2.068568,0.05875818,101.923615,2.068568,0.001172157,,,,,,,,,,,,,,,,,,,,101.923615,2.068568,0.0150084775,101.923615,2.068568,27.566034,101.923615,2.068568,0.00050028256,101.923615,2.068568,0.00914789,101.923615,2.068568,4.0,,,,,,,
101.923615,2.0086095,0.06749963,101.923615,2.0086095,0.0035549605,,,,,,,,,,,,,,,,,,,,,,,,,,,,,,,,,,,,,,,,,,,,,,,,,,,,,,,,,,,,,101.923615,2.0086095,238.20724,101.923615,2.0086095,10.33372,,,,,,,,,,,,,,,,,101.923615,2.0985472,0.058724437,101.923615,2.0985472,0.00096069206,,,,,,,,,,,,,,,,,,,,101.923615,2.0985472,0.014954479,101.923615,2.0985472,27.5658,101.923615,2.0985472,0.00049848267,101.923615,2.0985472,0.007423963,101.923615,2.0985472,4.0,,,,,,,
101.923615,2.0385888,0.064658634,101.923615,2.0385888,0.003287223,,,,,,,,,,,,,,,,,,,,,,,,,,,,,,,,,,,,,,,,,,,,,,,,,,,,,,,,,,,,,101.923615,2.0385888,228.36038,101.923615,2.0385888,9.320064,,,,,,,,,,,,,,,,,101.923615,2.1285264,0.060319144,101.923615,2.1285264,0.0013892981,,,,,,,,,,,,,,,,,,,,101.923615,2.1285264,0.016603954,101.923615,2.1285264,27.573055,101.923615,2.1285264,0.0005534652,101.923615,2.1285264,0.014093389,101.923615,2.1285264,5.0,,,,,,,
101.923615,2.068568,0.06269523,101.923615,2.068568,0.0032574742,,,,,,,,,,,,,,,,,,,,,,,,,,,,,,,,,,,,,,,,,,,,,,,,,,,,,,,,,,,,,101.923615,2.068568,221.13068,101.923615,2.068568,9.292912,,,,,,,,,,,,,,,,,101.923615,2.1585057,0.06231387,101.923615,2.1585057,0.0015879353,,,,,,,,,,,,,,,,,,,,101.923615,2.1585057,0.018848807,101.923615,2.1585057,27.582935,101.923615,2.1585057,0.00062829355,101.923615,2.1585057,0.023553701,101.923615,2.1585057,5.0,,,,,,,
101.923615,2.0985472,0.061222672,101.923615,2.0985472,0.0028856166,,,,,,,,,,,,,,,,,,,,,,,,,,,,,,,,,,,,,,,,,,,,,,,,,,,,,,,,,,,,,101.923615,2.0985472,215.87224,101.923615,2.0985472,7.994584,,,,,,,,,,,,,,,,,101.923615,2.188485,0.063892156,101.923615,2.188485,0.0011502631,,,,,,,,,,,,,,,,,,,,101.923615,2.188485,0.020721624,101.923615,2.188485,27.591175,101.923615,2.188485,0.00069072086,101.923615,2.188485,0.009708355,101.923615,2.188485,4.0,,,,,,,
101.923615,2.1285264,0.06092518,101.923615,2.1285264,0.0032425998,,,,,,,,,,,,,,,,,,,,,,,,,,,,,,,,,,,,,,,,,,,,,,,,,,,,,,,,,,,,,101.923615,2.1285264,214.72354,101.923615,2.1285264,9.236974,,,,,,,,,,,,,,,,,101.923615,2.2184641,0.062334444,101.923615,2.2184641,0.0012629372,,,,,,,,,,,,,,,,,,,,101.923615,2.2184641,0.018881768,101.923615,2.2184641,27.58308,101.923615,2.2184641,0.0006293922,101.923615,2.2184641,0.014175102,101.923615,2.2184641,5.0,,,,,,,
101.923615,2.1585057,0.06144578,101.923615,2.1585057,0.003435966,,,,,,,,,,,,,,,,,,,,,,,,,,,,,,,,,,,,,,,,,,,,,,,,,,,,,,,,,,,,,101.923615,2.1585057,216.42273,101.923615,2.1585057,9.905229,,,,,,,,,,,,,,,,,101.923615,2.2484434,0.06253171,101.923615,2.2484434,0.0013519648,,,,,,,,,,,,,,,,,,,,101.923615,2.2484434,0.019165963,101.923615,2.2484434,27.584328,101.923615,2.2484434,0.00063886546,101.923615,2.2484434,0.005964555,101.923615,2.2484434,4.0,,,,,,,
101.923615,2.188485,0.061401162,101.923615,2.188485,0.003064108,,,,,,,,,,,,,,,,,,,,,,,,,,,,,,,,,,,,,,,,,,,,,,,,,,,,,,,,,,,,,101.923615,2.188485,216.80449,101.923615,2.188485,8.619282,,,,,,,,,,,,,,,,,101.923615,2.2784226,0.060630485,101.923615,2.2784226,0.0013978987,,,,,,,,,,,,,,,,,,,,101.923615,2.2784226,0.018375207,101.923615,2.2784226,27.580853,101.923615,2.2784226,0.0006125068,101.923615,2.2784226,0.008245103,101.923615,2.2784226,4.0,,,,,,,
101.923615,2.2184641,0.058069315,101.923615,2.2184641,0.0030789827,,,,,,,,,,,,,,,,,,,,,,,,,,,,,,,,,,,,,,,,,,,,,,,,,,,,,,,,,,,,,101.923615,2.2184641,204.4818,101.923615,2.2184641,8.644233,,,,,,,,,,,,,,,,,101.923615,2.308402,0.061493676,101.923615,2.308402,0.001237462,,,,,,,,,,,,,,,,,,,,101.923615,2.308402,0.019211045,101.923615,2.308402,27.58453,101.923615,2.308402,0.00064036815,101.923615,2.308402,0.008187667,101.923615,2.308402,4.0,,,,,,,
101.923615,2.2484434,0.05704299,101.923615,2.2484434,0.0030492337,,,,,,,,,,,,,,,,,,,,,,,,,,,,,,,,,,,,,,,,,,,,,,,,,,,,,,,,,,,,,101.923615,2.2484434,201.01862,101.923615,2.2484434,8.543677,,,,,,,,,,,,,,,,,101.923615,2.3383813,0.06324751,101.923615,2.3383813,0.0015862471,,,,,,,,,,,,,,,,,,,,101.923615,2.3383813,0.021235868,101.923615,2.3383813,27.593437,101.923615,2.3383813,0.0007078623,101.923615,2.3383813,0.0074342797,101.923615,2.3383813,4.0,,,,,,,
101.923615,2.2784226,0.054380484,101.923615,2.2784226,0.0031087312,,,,,,,,,,,,,,,,,,,,,,,,,,,,,,,,,,,,,,,,,,,,,,,,,,,,,,,,,,,,,101.923615,2.2784226,191.47455,101.923615,2.2784226,8.755236,,,,,,,,,,,,,,,,,101.923615,2.3683605,0.06265501,101.923615,2.3683605,0.001187686,,,,,,,,,,,,,,,,,,,,101.923615,2.3683605,0.020178817,101.923615,2.3683605,27.588787,101.923615,2.3683605,0.00067262724,101.923615,2.3683605,0.011418977,101.923615,2.3683605,5.0,,,,,,,
101.923615,2.3084018,0.05397888,101.923615,2.3084018,0.002945114,,,,,,,,,,,,,,,,,,,,,,,,,,,,,,,,,,,,,,,,,,,,,,,,,,,,,,,,,,,,,101.923615,2.3084018,189.92975,101.923615,2.3084018,8.174589,,,,,,,,,,,,,,,,,101.923615,2.3983397,0.06392463,101.923615,2.3983397,0.0014382526,,,,,,,,,,,,,,,,,,,,101.923615,2.3983397,0.021699252,101.923615,2.3983397,27.59548,101.923615,2.3983397,0.00072330853,101.923615,2.3983397,0.013285668,101.923615,2.3983397,5.0,,,,,,,
101.923615,2.338381,0.053651646,101.923615,2.338381,0.0030641083,,,,,,,,,,,,,,,,,,,,,,,,,,,,,,,,,,,,,,,,,,,,,,,,,,,,,,,,,,,,,101.923615,2.338381,188.60823,101.923615,2.338381,8.587635,,,,,,,,,,,,,,,,,101.923615,2.428319,0.064581804,101.923615,2.428319,0.0014142599,,,,,,,,,,,,,,,,,,,,101.923615,2.428319,0.022075055,101.923615,2.428319,27.59713,101.923615,2.428319,0.00073583523,101.923615,2.428319,0.012517305,101.923615,2.428319,5.0,,,,,,,
101.923615,2.3683605,0.051926218,101.923615,2.3683605,0.0027814964,,,,,,,,,,,,,,,,,,,,,,,,,,,,,,,,,,,,,,,,,,,,,,,,,,,,,,,,,,,,,101.923615,2.3683605,182.85966,101.923615,2.3683605,7.659182,,,,,,,,,,,,,,,,,101.923615,2.4582982,0.0673525,101.923615,2.4582982,0.0015630855,,,,,,,,,,,,,,,,,,,,101.923615,2.4582982,0.025116406,101.923615,2.4582982,27.610512,101.923615,2.4582982,0.00083721353,101.923615,2.4582982,0.0073652407,101.923615,2.4582982,4.0,,,,,,,
101.923615,2.3983397,0.052283205,101.923615,2.3983397,0.0028856164,,,,,,,,,,,,,,,,,,,,,,,,,,,,,,,,,,,,,,,,,,,,,,,,,,,,,,,,,,,,,101.923615,2.3983397,183.79443,101.923615,2.3983397,7.9893975,,,,,,,,,,,,,,,,,101.923615,2.4882774,0.06829228,101.923615,2.4882774,0.0015938194,,,,,,,,,,,,,,,,,,,,101.923615,2.4882774,0.026737116,101.923615,2.4882774,27.617641,101.923615,2.4882774,0.0008912373,101.923615,2.4882774,0.012178471,101.923615,2.4882774,5.0,,,,,,,
101.923615,2.428319,0.051539496,101.923615,2.428319,0.0028707422,,,,,,,,,,,,,,,,,,,,,,,,,,,,,,,,,,,,,,,,,,,,,,,,,,,,,,,,,,,,,101.923615,2.428319,181.26628,101.923615,2.428319,7.9230804,,,,,,,,,,,,,,,,,101.923615,2.5182567,0.069664136,101.923615,2.5182567,0.0012379889,,,,,,,,,,,,,,,,,,,,101.923615,2.5182567,0.028302845,101.923615,2.5182567,27.624535,101.923615,2.5182567,0.0009434282,101.923615,2.5182567,1.0000001e-07,101.923615,2.5182567,7.0,,,,,,,
101.923615,2.4582982,0.05079578,101.923615,2.4582982,0.002811245,,,,,,,,,,,,,,,,,,,,,,,,,,,,,,,,,,,,,,,,,,,,,,,,,,,,,,,,,,,,,101.923615,2.4582982,178.55876,101.923615,2.4582982,7.70942,,,,,,,,,,,,,,,,,101.923615,2.548236,0.06935162,101.923615,2.548236,0.0012002409,,,,,,,,,,,,,,,,,,,,101.923615,2.548236,0.028085444,101.923615,2.548236,27.623577,101.923615,2.548236,0.0009361814,101.923615,2.548236,0.003927758,101.923615,2.548236,4.0,,,,,,,
101.923615,2.4882774,0.05054291,101.923615,2.4882774,0.002900491,,,,,,,,,,,,,,,,,,,,,,,,,,,,,,,,,,,,,,,,,,,,,,,,,,,,,,,,,,,,,101.923615,2.4882774,177.70912,101.923615,2.4882774,7.9897995,,,,,,,,,,,,,,,,,101.923615,2.5782151,0.07427743,101.923615,2.5782151,0.0014537008,,,,,,,,,,,,,,,,,,,,101.923615,2.5782151,0.032078043,101.923615,2.5782151,27.641142,101.923615,2.5782151,0.001069268,101.923615,2.5782151,0.016685512,101.923615,2.5782151,5.0,,,,,,,
101.923615,2.5182567,0.05124201,101.923615,2.5182567,0.002617879,,,,,,,,,,,,,,,,,,,,,,,,,,,,,,,,,,,,,,,,,,,,,,,,,,,,,,,,,,,,,101.923615,2.5182567,179.80672,101.923615,2.5182567,7.0295734,,,,,,,,,,,,,,,,,101.923615,2.6081944,0.07398522,101.923615,2.6081944,0.0018606229,,,,,,,,,,,,,,,,,,,,101.923615,2.6081944,0.033015527,101.923615,2.6081944,27.645271,101.923615,2.6081944,0.0011005176,101.923615,2.6081944,0.017172065,101.923615,2.6081944,5.0,,,,,,,
101.923615,2.548236,0.05036442,101.923615,2.548236,0.0025583815,,,,,,,,,,,,,,,,,,,,,,,,,,,,,,,,,,,,,,,,,,,,,,,,,,,,,,,,,,,,,101.923615,2.548236,176.85435,101.923615,2.548236,6.805521,,,,,,,,,,,,,,,,,101.923615,2.6381736,0.07492308,101.923615,2.6381736,0.0019362638,,,,,,,,,,,,,,,,,,,,101.923615,2.6381736,0.03445947,101.923615,2.6381736,27.65162,101.923615,2.6381736,0.0011486491,101.923615,2.6381736,0.017096447,101.923615,2.6381736,5.0,,,,,,,
101.923615,2.5782151,0.052417077,101.923615,2.5782151,0.0027071247,,,,,,,,,,,,,,,,,,,,,,,,,,,,,,,,,,,,,,,,,,,,,,,,,,,,,,,,,,,,,101.923615,2.5782151,184.272,101.923615,2.5782151,7.3633337,,,,,,,,,,,,,,,,,101.923615,2.6681528,0.07246087,101.923615,2.6681528,0.0009328373,,,,,,,,,,,,,,,,,,,,101.923615,2.6681528,0.032182496,101.923615,2.6681528,27.641605,101.923615,2.6681528,0.00107275,101.923615,2.6681528,0.00303805,101.923615,2.6681528,4.0,,,,,,,
101.923615,2.6081944,0.050870147,101.923615,2.6081944,0.002945114,,,,,,,,,,,,,,,,,,,,,,,,,,,,,,,,,,,,,,,,,,,,,,,,,,,,,,,,,,,,,101.923615,2.6081944,178.7171,101.923615,2.6081944,8.193245,,,,,,,,,,,,,,,,,101.923615,2.698132,0.07146683,101.923615,2.698132,0.001397301,,,,,,,,,,,,,,,,,,,,101.923615,2.698132,0.031479135,101.923615,2.698132,27.638508,101.923615,2.698132,0.0010493046,101.923615,2.698132,0.010614625,101.923615,2.698132,5.0,,,,,,,
101.923615,2.6381736,0.049367838,101.923615,2.6381736,0.0027814964,,,,,,,,,,,,,,,,,,,,,,,,,,,,,,,,,,,,,,,,,,,,,,,,,,,,,,,,,,,,,101.923615,2.6381736,173.2801,101.923615,2.6381736,7.574463,,,,,,,,,,,,,,,,,101.923615,2.7281115,0.07133949,101.923615,2.7281115,0.0013898251,,,,,,,,,,,,,,,,,,,,101.923615,2.7281115,0.03157317,101.923615,2.7281115,27.638924,101.923615,2.7281115,0.0010524391,101.923615,2.7281115,1.0000001e-07,101.923615,2.7281115,7.0,,,,,,,
101.923615,2.6681528,0.047731664,101.923615,2.6681528,0.002424513,,,,,,,,,,,,,,,,,,,,,,,,,,,,,,,,,,,,,,,,,,,,,,,,,,,,,,,,,,,,,101.923615,2.6681528,167.79102,101.923615,2.6681528,6.3835173,,,,,,,,,,,,,,,,,101.923615,2.7580907,0.072405525,101.923615,2.7580907,0.001816334,,,,,,,,,,,,,,,,,,,,101.923615,2.7580907,0.03251904,101.923615,2.7580907,27.643084,101.923615,2.7580907,0.001083968,101.923615,2.7580907,0.009176899,101.923615,2.7580907,4.0,,,,,,,
101.923615,2.698132,0.04704745,101.923615,2.698132,0.0024393871,,,,,,,,,,,,,,,,,,,,,,,,,,,,,,,,,,,,,,,,,,,,,,,,,,,,,,,,,,,,,101.923615,2.698132,165.20955,101.923615,2.698132,6.467374,,,,,,,,,,,,,,,,,101.923615,2.78807,0.073802136,101.923615,2.78807,0.0017380081,,,,,,,,,,,,,,,,,,,,101.923615,2.78807,0.033673897,101.923615,2.78807,27.648165,101.923615,2.78807,0.0011224633,101.923615,2.78807,0.010490496,101.923615,2.78807,5.0,,,,,,,
101.923615,2.7281113,0.045470774,101.923615,2.7281113,0.0025435071,,,,,,,,,,,,,,,,,,,,,,,,,,,,,,,,,,,,,,,,,,,,,,,,,,,,,,,,,,,,,101.923615,2.7281113,159.66853,101.923615,2.7281113,6.770099,,,,,,,,,,,,,,,,,101.923615,2.8180492,0.078406185,101.923615,2.8180492,0.001141788,,,,,,,,,,,,,,,,,,,,101.923615,2.8180492,0.0382837,101.923615,2.8180492,27.668447,101.923615,2.8180492,0.0012761235,101.923615,2.8180492,0.00449423,101.923615,2.8180492,4.0,,,,,,,
101.923615,2.7580905,0.044265952,101.923615,2.7580905,0.0025881303,,,,,,,,,,,,,,,,,,,,,,,,,,,,,,,,,,,,,,,,,,,,,,,,,,,,,,,,,,,,,101.923615,2.7580905,155.65118,101.923615,2.7580905,6.92293,,,,,,,,,,,,,,,,,101.923615,2.8480284,0.08247695,101.923615,2.8480284,0.0012596699,,,,,,,,,,,,,,,,,,,,101.923615,2.8480284,0.041884083,101.923615,2.8480284,27.684288,101.923615,2.8480284,0.0013961361,101.923615,2.8480284,0.010742698,101.923615,2.8480284,5.0,,,,,,,
101.923615,2.78807,0.044132084,101.923615,2.78807,0.0025583813,,,,,,,,,,,,,,,,,,,,,,,,,,,,,,,,,,,,,,,,,,,,,,,,,,,,,,,,,,,,,101.923615,2.78807,154.89665,101.923615,2.78807,6.8505826,,,,,,,,,,,,,,,,,101.923615,2.8780077,0.08210688,101.923615,2.8780077,0.002104859,,,,,,,,,,,,,,,,,,,,101.923615,2.8780077,0.041533783,101.923615,2.8780077,27.682749,101.923615,2.8780077,0.0013844592,101.923615,2.8780077,0.010170607,101.923615,2.8780077,5.0,,,,,,,
101.923615,2.8180492,0.045485646,101.923615,2.8180492,0.0022608954,,,,,,,,,,,,,,,,,,,,,,,,,,,,,,,,,,,,,,,,,,,,,,,,,,,,,,,,,,,,,101.923615,2.8180492,159.80829,101.923615,2.8180492,5.7651563,,,,,,,,,,,,,,,,,101.923615,2.9079869,0.08878831,101.923615,2.9079869,0.0017647189,,,,,,,,,,,,,,,,,,,,101.923615,2.9079869,0.047608886,101.923615,2.9079869,27.709478,101.923615,2.9079869,0.001586963,101.923615,2.9079869,0.010119211,101.923615,2.9079869,5.0,,,,,,,
101.923615,2.8480284,0.047196195,101.923615,2.8480284,0.0024393871,,,,,,,,,,,,,,,,,,,,,,,,,,,,,,,,,,,,,,,,,,,,,,,,,,,,,,,,,,,,,101.923615,2.8480284,165.93365,101.923615,2.8480284,6.448176,,,,,,,,,,,,,,,,,101.923615,2.937966,0.09775186,101.923615,2.937966,0.0026304862,,,,,,,,,,,,,,,,,,,,101.923615,2.937966,0.056631174,101.923615,2.937966,27.74918,101.923615,2.937966,0.001887706,101.923615,2.937966,0.012250594,101.923615,2.937966,5.0,,,,,,,
101.923615,2.8780077,0.046883836,101.923615,2.8780077,0.0026922505,,,,,,,,,,,,,,,,,,,,,,,,,,,,,,,,,,,,,,,,,,,,,,,,,,,,,,,,,,,,,101.923615,2.8780077,164.88948,101.923615,2.8780077,7.306632,,,,,,,,,,,,,,,,,101.923615,2.9679453,0.10463659,101.923615,2.9679453,0.0023611384,,,,,,,,,,,,,,,,,,,,101.923615,2.9679453,0.0632703,101.923615,2.9679453,27.778389,101.923615,2.9679453,0.00210901,101.923615,2.9679453,0.012417914,101.923615,2.9679453,5.0,,,,,,,
101.923615,2.9079869,0.049590956,101.923615,2.9079869,0.0026327532,,,,,,,,,,,,,,,,,,,,,,,,,,,,,,,,,,,,,,,,,,,,,,,,,,,,,,,,,,,,,101.923615,2.9079869,174.39415,101.923615,2.9079869,7.1160803,,,,,,,,,,,,,,,,,101.923615,2.9979246,0.10694141,101.923615,2.9979246,0.0030139105,,,,,,,,,,,,,,,,,,,,101.923615,2.9979246,0.06767839,101.923615,2.9979246,27.797787,101.923615,2.9979246,0.0022559466,101.923615,2.9979246,0.023265576,101.923615,2.9979246,5.0,,,,,,,
101.923615,2.937966,0.052164212,101.923615,2.937966,0.002959988,,,,,,,,,,,,,,,,,,,,,,,,,,,,,,,,,,,,,,,,,,,,,,,,,,,,,,,,,,,,,101.923615,2.937966,183.61716,101.923615,2.937966,8.283471,,,,,,,,,,,,,,,,,101.923615,3.0279038,0.10354302,101.923615,3.0279038,0.0028853756,,,,,,,,,,,,,,,,,,,,101.923615,3.0279038,0.06720811,101.923615,3.0279038,27.795717,101.923615,3.0279038,0.0022402701,101.923615,3.0279038,0.011427217,101.923615,3.0279038,5.0,,,,,,,
101.923615,2.9679453,0.0546036,101.923615,2.9679453,0.0026476276,,,,,,,,,,,,,,,,,,,,,,,,,,,,,,,,,,,,,,,,,,,,,,,,,,,,,,,,,,,,,101.923615,2.9679453,192.03261,101.923615,2.9679453,7.1568394,,,,,,,,,,,,,,,,,101.923615,3.057883,0.10519548,101.923615,3.057883,0.0023054585,,,,,,,,,,,,,,,,,,,,101.923615,3.057883,0.06968522,101.923615,3.057883,27.806618,101.923615,3.057883,0.0023228405,101.923615,3.057883,0.0054059518,101.923615,3.057883,4.0,,,,,,,
101.923615,2.9979246,0.054350734,101.923615,2.9979246,0.0030046112,,,,,,,,,,,,,,,,,,,,,,,,,,,,,,,,,,,,,,,,,,,,,,,,,,,,,,,,,,,,,101.923615,2.9979246,191.24516,101.923615,2.9979246,8.400831,,,,,,,,,,,,,,,,,101.923615,3.0878623,0.11052833,101.923615,3.0878623,0.0032649757,,,,,,,,,,,,,,,,,,,,101.923615,3.0878623,0.07457937,101.923615,3.0878623,27.82815,101.923615,3.0878623,0.0024859793,101.923615,3.0878623,0.0216091,101.923615,3.0878623,5.0,,,,,,,
101.923615,3.0279038,0.053458273,101.923615,3.0279038,0.0030343595,,,,,,,,,,,,,,,,,,,,,,,,,,,,,,,,,,,,,,,,,,,,,,,,,,,,,,,,,,,,,101.923615,3.0279038,188.40744,101.923615,3.0279038,8.513516,,,,,,,,,,,,,,,,,101.923615,3.1178415,0.10847227,101.923615,3.1178415,0.0024741192,,,,,,,,,,,,,,,,,,,,101.923615,3.1178415,0.072210036,101.923615,3.1178415,27.817726,101.923615,3.1178415,0.0024070009,101.923615,3.1178415,0.013677683,101.923615,3.1178415,5.0,,,,,,,
101.923615,3.057883,0.051866725,101.923615,3.057883,0.0026030047,,,,,,,,,,,,,,,,,,,,,,,,,,,,,,,,,,,,,,,,,,,,,,,,,,,,,,,,,,,,,101.923615,3.057883,182.37105,101.923615,3.057883,6.993355,,,,,,,,,,,,,,,,,101.923615,3.147821,0.11370303,101.923615,3.147821,0.0021659862,,,,,,,,,,,,,,,,,,,,101.923615,3.147821,0.07663856,101.923615,3.147821,27.83721,101.923615,3.147821,0.0025546188,101.923615,3.147821,0.008925121,101.923615,3.147821,4.0,,,,,,,
101.923615,3.0878623,0.053071544,101.923615,3.0878623,0.0030492337,,,,,,,,,,,,,,,,,,,,,,,,,,,,,,,,,,,,,,,,,,,,,,,,,,,,,,,,,,,,,101.923615,3.0878623,186.81458,101.923615,3.0878623,8.516368,,,,,,,,,,,,,,,,,101.923615,3.1778002,0.11624029,101.923615,3.1778002,0.0032498324,,,,,,,,,,,,,,,,,,,,101.923615,3.1778002,0.082000464,101.923615,3.1778002,27.860802,101.923615,3.1778002,0.0027333489,101.923615,3.1778002,0.023437489,101.923615,3.1778002,5.0,,,,,,,
101.923615,3.1178415,0.051836975,101.923615,3.1178415,0.0026327532,,,,,,,,,,,,,,,,,,,,,,,,,,,,,,,,,,,,,,,,,,,,,,,,,,,,,,,,,,,,,101.923615,3.1178415,182.23367,101.923615,3.1178415,7.099498,,,,,,,,,,,,,,,,,101.923615,3.2077794,0.12059793,101.923615,3.2077794,0.0023839832,,,,,,,,,,,,,,,,,,,,101.923615,3.2077794,0.08769546,101.923615,3.2077794,27.88586,101.923615,3.2077794,0.0029231822,101.923615,3.2077794,0.009307238,101.923615,3.2077794,4.0,,,,,,,
101.923615,3.1478207,0.052669935,101.923615,3.1478207,0.0025435071,,,,,,,,,,,,,,,,,,,,,,,,,,,,,,,,,,,,,,,,,,,,,,,,,,,,,,,,,,,,,101.923615,3.1478207,185.47736,101.923615,3.1478207,6.789813,,,,,,,,,,,,,,,,,101.923615,3.2377586,0.12281232,101.923615,3.2377586,0.0031840154,,,,,,,,,,,,,,,,,,,,101.923615,3.2377586,0.09116005,101.923615,3.2377586,27.901104,101.923615,3.2377586,0.0030386685,101.923615,3.2377586,0.012016419,101.923615,3.2377586,5.0,,,,,,,
101.923615,3.1778,0.053621896,101.923615,3.1778,0.0029748625,,,,,,,,,,,,,,,,,,,,,,,,,,,,,,,,,,,,,,,,,,,,,,,,,,,,,,,,,,,,,101.923615,3.1778,188.2594,101.923615,3.1778,8.340415,,,,,,,,,,,,,,,,,101.923615,3.2677379,0.11753266,101.923615,3.2677379,0.0030598051,,,,,,,,,,,,,,,,,,,,101.923615,3.2677379,0.085199535,101.923615,3.2677379,27.874876,101.923615,3.2677379,0.0028399848,101.923615,3.2677379,0.019769771,101.923615,3.2677379,5.0,,,,,,,
101.923615,3.2077794,0.055347312,101.923615,3.2077794,0.00248401,,,,,,,,,,,,,,,,,,,,,,,,,,,,,,,,,,,,,,,,,,,,,,,,,,,,,,,,,,,,,101.923615,3.2077794,194.93776,101.923615,3.2077794,6.5617123,,,,,,,,,,,,,,,,,101.923615,3.297717,0.11338772,101.923615,3.297717,0.0016036262,,,,,,,,,,,,,,,,,,,,101.923615,3.297717,0.08258643,101.923615,3.297717,27.86338,101.923615,3.297717,0.002752881,101.923615,3.297717,0.0024054376,101.923615,3.297717,4.0,,,,,,,
101.923615,3.2377586,0.054306116,101.923615,3.2377586,0.0027666218,,,,,,,,,,,,,,,,,,,,,,,,,,,,,,,,,,,,,,,,,,,,,,,,,,,,,,,,,,,,,101.923615,3.2377586,190.65569,101.923615,3.2377586,7.56575,,,,,,,,,,,,,,,,,101.923615,3.3276963,0.10787662,101.923615,3.3276963,0.0031833956,,,,,,,,,,,,,,,,,,,,101.923615,3.3276963,0.0776119,101.923615,3.3276963,27.841492,101.923615,3.3276963,0.0025870632,101.923615,3.3276963,0.017405238,101.923615,3.3276963,5.0,,,,,,,
101.923615,3.2677379,0.051286623,101.923615,3.2677379,0.0027814964,,,,,,,,,,,,,,,,,,,,,,,,,,,,,,,,,,,,,,,,,,,,,,,,,,,,,,,,,,,,,101.923615,3.2677379,180.40489,101.923615,3.2677379,7.599243,,,,,,,,,,,,,,,,,101.923615,3.3576756,0.10376263,101.923615,3.3576756,0.002098417,,,,,,,,,,,,,,,,,,,,101.923615,3.3576756,0.07375758,101.923615,3.3576756,27.824533,101.923615,3.3576756,0.0024585864,101.923615,3.3576756,0.00676635,101.923615,3.3576756,4.0,,,,,,,
101.923615,3.297717,0.04892161,101.923615,3.297717,0.0020675296,,,,,,,,,,,,,,,,,,,,,,,,,,,,,,,,,,,,,,,,,,,,,,,,,,,,,,,,,,,,,101.923615,3.297717,171.93427,101.923615,3.297717,5.1477046,,,,,,,,,,,,,,,,,101.923615,3.3876548,0.10570115,101.923615,3.3876548,0.0021762787,,,,,,,,,,,,,,,,,,,,101.923615,3.3876548,0.075511195,101.923615,3.3876548,27.832249,101.923615,3.3876548,0.00251704,101.923615,3.3876548,0.0039508617,101.923615,3.3876548,4.0,,,,,,,
101.923615,3.3276963,0.046169862,101.923615,3.3276963,0.0026476274,,,,,,,,,,,,,,,,,,,,,,,,,,,,,,,,,,,,,,,,,,,,,,,,,,,,,,,,,,,,,101.923615,3.3276963,162.15924,101.923615,3.3276963,7.147733,,,,,,,,,,,,,,,,,101.923615,3.417634,0.10104417,101.923615,3.417634,0.0025024426,,,,,,,,,,,,,,,,,,,,101.923615,3.417634,0.071474664,101.923615,3.417634,27.81449,101.923615,3.417634,0.002382489,101.923615,3.417634,0.014618988,101.923615,3.417634,5.0,,,,,,,
101.923615,3.3576756,0.04401309,101.923615,3.3576756,0.0022460213,,,,,,,,,,,,,,,,,,,,,,,,,,,,,,,,,,,,,,,,,,,,,,,,,,,,,,,,,,,,,101.923615,3.3576756,154.78949,101.923615,3.3576756,5.763934,,,,,,,,,,,,,,,,,101.923615,3.4476132,0.09799313,101.923615,3.4476132,0.0018868247,,,,,,,,,,,,,,,,,,,,101.923615,3.4476132,0.069990285,101.923615,3.4476132,27.80796,101.923615,3.4476132,0.0023330098,101.923615,3.4476132,1.0000001e-07,101.923615,3.4476132,7.0,,,,,,,
101.923615,3.3876548,0.0426149,101.923615,3.3876548,0.0023055184,,,,,,,,,,,,,,,,,,,,,,,,,,,,,,,,,,,,,,,,,,,,,,,,,,,,,,,,,,,,,101.923615,3.3876548,149.51093,101.923615,3.3876548,5.9496126,,,,,,,,,,,,,,,,,101.923615,3.4775925,0.094722085,101.923615,3.4775925,0.001654065,,,,,,,,,,,,,,,,,,,,101.923615,3.4775925,0.06831905,101.923615,3.4775925,27.800602,101.923615,3.4775925,0.0022773014,101.923615,3.4775925,1.0000001e-07,101.923615,3.4775925,7.0,,,,,,,
101.923615,3.417634,0.040681247,101.923615,3.417634,0.0023203928,,,,,,,,,,,,,,,,,,,,,,,,,,,,,,,,,,,,,,,,,,,,,,,,,,,,,,,,,,,,,101.923615,3.417634,142.65025,101.923615,3.417634,6.008282,,,,,,,,,,,,,,,,,101.923615,3.5075717,0.08652275,101.923615,3.5075717,0.0011225849,,,,,,,,,,,,,,,,,,,,101.923615,3.5075717,0.059885602,101.923615,3.5075717,27.763496,101.923615,3.5075717,0.0019961868,101.923615,3.5075717,0.0054080477,101.923615,3.5075717,4.0,,,,,,,
101.923615,3.4476132,0.039773908,101.923615,3.4476132,0.0021270264,,,,,,,,,,,,,,,,,,,,,,,,,,,,,,,,,,,,,,,,,,,,,,,,,,,,,,,,,,,,,101.923615,3.4476132,139.64174,101.923615,3.4476132,5.3412805,,,,,,,,,,,,,,,,,101.923615,3.5375512,0.080814086,101.923615,3.5375512,0.0012140995,,,,,,,,,,,,,,,,,,,,101.923615,3.5375512,0.05384262,101.923615,3.5375512,27.73691,101.923615,3.5375512,0.0017947541,101.923615,3.5375512,1.0000001e-07,101.923615,3.5375512,7.0,,,,,,,
101.923615,3.4775925,0.036605682,101.923615,3.4775925,0.0019336608,,,,,,,,,,,,,,,,,,,,,,,,,,,,,,,,,,,,,,,,,,,,,,,,,,,,,,,,,,,,,101.923615,3.4775925,128.22406,101.923615,3.4775925,4.63192,,,,,,,,,,,,,,,,,101.923615,3.5675304,0.07253909,101.923615,3.5675304,0.0015028868,,,,,,,,,,,,,,,,,,,,101.923615,3.5675304,0.04504327,101.923615,3.5675304,27.698189,101.923615,3.5675304,0.0015014423,101.923615,3.5675304,1.0000001e-07,101.923615,3.5675304,7.0,,,,,,,
101.923615,3.5075717,0.033050723,101.923615,3.5075717,0.0019039118,,,,,,,,,,,,,,,,,,,,,,,,,,,,,,,,,,,,,,,,,,,,,,,,,,,,,,,,,,,,,101.923615,3.5075717,115.654816,101.923615,3.5075717,4.583719,,,,,,,,,,,,,,,,,101.923615,3.5975096,0.06933529,101.923615,3.5975096,0.0014843591,,,,,,,,,,,,,,,,,,,,101.923615,3.5975096,0.04098714,101.923615,3.5975096,27.680344,101.923615,3.5975096,0.001366238,101.923615,3.5975096,1.0000001e-07,101.923615,3.5975096,7.0,,,,,,,
101.923615,3.537551,0.03098319,101.923615,3.537551,0.001903912,,,,,,,,,,,,,,,,,,,,,,,,,,,,,,,,,,,,,,,,,,,,,,,,,,,,,,,,,,,,,101.923615,3.537551,108.308876,101.923615,3.537551,4.5406456,,,,,,,,,,,,,,,,,101.923615,3.6274889,0.06900194,101.923615,3.6274889,0.001483244,,,,,,,,,,,,,,,,,,,,101.923615,3.6274889,0.04090312,101.923615,3.6274889,27.679974,101.923615,3.6274889,0.0013634372,101.923615,3.6274889,1.0000001e-07,101.923615,3.6274889,7.0,,,,,,,
101.923615,3.5675302,0.027487729,101.923615,3.5675302,0.0018295404,,,,,,,,,,,,,,,,,,,,,,,,,,,,,,,,,,,,,,,,,,,,,,,,,,,,,,,,,,,,,101.923615,3.5675302,95.90862,101.923615,3.5675302,4.305746,,,,,,,,,,,,,,,,,101.923615,3.657468,0.060428202,101.923615,3.657468,0.0019465565,,,,,,,,,,,,,,,,,,,,101.923615,3.657468,0.03217978,101.923615,3.657468,27.641592,101.923615,3.657468,0.0010726593,101.923615,3.657468,0.017832123,101.923615,3.657468,5.0,,,,,,,
101.923615,3.5975094,0.02597055,101.923615,3.5975094,0.0018890378,,,,,,,,,,,,,,,,,,,,,,,,,,,,,,,,,,,,,,,,,,,,,,,,,,,,,,,,,,,,,101.923615,3.5975094,90.388535,101.923615,3.5975094,4.5238895,,,,,,,,,,,,,,,,,101.923615,3.6874473,0.05140407,101.923615,3.6874473,0.0016006945,,,,,,,,,,,,,,,,,,,,101.923615,3.6874473,0.022760019,101.923615,3.6874473,27.600145,101.923615,3.6874473,0.0007586673,101.923615,3.6874473,0.007957462,101.923615,3.6874473,4.0,,,,,,,
101.923615,3.6274889,0.025643313,101.923615,3.6274889,0.0017700432,,,,,,,,,,,,,,,,,,,,,,,,,,,,,,,,,,,,,,,,,,,,,,,,,,,,,,,,,,,,,101.923615,3.6274889,89.02011,101.923615,3.6274889,4.088187,,,,,,,,,,,,,,,,,101.923615,3.7174265,0.045321908,101.923615,3.7174265,0.0009388479,,,,,,,,,,,,,,,,,,,,101.923615,3.7174265,0.015655793,101.923615,3.7174265,27.568886,101.923615,3.7174265,0.0005218598,101.923615,3.7174265,1.0000001e-07,101.923615,3.7174265,7.0,,,,,,,
101.923615,3.657468,0.0210769,101.923615,3.657468,0.002008032,,,,,,,,,,,,,,,,,,,,,,,,,,,,,,,,,,,,,,,,,,,,,,,,,,,,,,,,,,,,,101.923615,3.657468,72.862656,101.923615,3.657468,4.917925,,,,,,,,,,,,,,,,,101.923615,3.7474058,0.05118771,101.923615,3.7474058,0.001306401,,,,,,,,,,,,,,,,,,,,101.923615,3.7474058,0.023672802,101.923615,3.7474058,27.60416,101.923615,3.7474058,0.00078909344,101.923615,3.7474058,0.008665409,101.923615,3.7474058,4.0,,,,,,,
101.923615,3.6874473,0.018131785,101.923615,3.6874473,0.0018444146,,,,,,,,,,,,,,,,,,,,,,,,,,,,,,,,,,,,,,,,,,,,,,,,,,,,,,,,,,,,,101.923615,3.6874473,62.390156,101.923615,3.6874473,4.3749084,,,,,,,,,,,,,,,,,101.923615,3.777385,0.05525955,101.923615,3.777385,0.001796393,,,,,,,,,,,,,,,,,,,,101.923615,3.777385,0.028036097,101.923615,3.777385,27.62336,101.923615,3.777385,0.0009345367,101.923615,3.777385,1.0000001e-07,101.923615,3.777385,7.0,,,,,,,
101.923615,3.7174265,0.016763352,101.923615,3.7174265,0.0015618027,,,,,,,,,,,,,,,,,,,,,,,,,,,,,,,,,,,,,,,,,,,,,,,,,,,,,,,,,,,,,101.923615,3.7174265,57.54914,101.923615,3.7174265,3.372423,,,,,,,,,,,,,,,,,101.923615,3.8073642,0.052380864,101.923615,3.8073642,0.001482489,,,,,,,,,,,,,,,,,,,,101.923615,3.8073642,0.025075125,101.923615,3.8073642,27.610329,101.923615,3.8073642,0.00083583756,101.923615,3.8073642,1.0000001e-07,101.923615,3.8073642,7.0,,,,,,,
101.923615,3.7474058,0.018087165,101.923615,3.7474058,0.0016956716,,,,,,,,,,,,,,,,,,,,,,,,,,,,,,,,,,,,,,,,,,,,,,,,,,,,,,,,,,,,,101.923615,3.7474058,62.223484,101.923615,3.7474058,3.8777685,,,,,,,,,,,,,,,,,101.923615,3.8373435,0.055238727,101.923615,3.8373435,0.0017555417,,,,,,,,,,,,,,,,,,,,101.923615,3.8373435,0.028482165,101.923615,3.8373435,27.625322,101.923615,3.8373435,0.0009494054,101.923615,3.8373435,1.0000001e-07,101.923615,3.8373435,7.0,,,,,,,
101.923615,3.777385,0.018860629,101.923615,3.777385,0.0018741632,,,,,,,,,,,,,,,,,,,,,,,,,,,,,,,,,,,,,,,,,,,,,,,,,,,,,,,,,,,,,101.923615,3.777385,65.06331,101.923615,3.777385,4.4645514,,,,,,,,,,,,,,,,,101.923615,3.8673227,0.044722326,101.923615,3.8673227,0.0012592438,,,,,,,,,,,,,,,,,,,,101.923615,3.8673227,0.018211236,101.923615,3.8673227,27.580132,101.923615,3.8673227,0.00060704106,101.923615,3.8673227,1.0000001e-07,101.923615,3.8673227,7.0,,,,,,,
101.923615,3.8073642,0.018116912,101.923615,3.8073642,0.0016510487,,,,,,,,,,,,,,,,,,,,,,,,,,,,,,,,,,,,,,,,,,,,,,,,,,,,,,,,,,,,,101.923615,3.8073642,62.239887,101.923615,3.8073642,3.6734762,,,,,,,,,,,,,,,,,101.923615,3.897302,0.04874431,101.923615,3.897302,0.0013660913,,,,,,,,,,,,,,,,,,,,101.923615,3.897302,0.022174187,101.923615,3.897302,27.597569,101.923615,3.897302,0.00073913956,101.923615,3.897302,0.010875998,101.923615,3.897302,5.0,,,,,,,
101.923615,3.8373435,0.018057413,101.923615,3.8373435,0.0017700432,,,,,,,,,,,,,,,,,,,,,,,,,,,,,,,,,,,,,,,,,,,,,,,,,,,,,,,,,,,,,101.923615,3.8373435,62.17928,101.923615,3.8373435,4.097399,,,,,,,,,,,,,,,,,101.923615,3.9272811,0.041672543,101.923615,3.9272811,0.0011121216,,,,,,,,,,,,,,,,,,,,101.923615,3.9272811,0.014978815,101.923615,3.9272811,27.565907,101.923615,3.9272811,0.0004992938,101.923615,3.9272811,1.0000001e-07,101.923615,3.9272811,7.0,,,,,,,
101.923615,3.8673227,0.015052804,101.923615,3.8673227,0.0016361742,,,,,,,,,,,,,,,,,,,,,,,,,,,,,,,,,,,,,,,,,,,,,,,,,,,,,,,,,,,,,101.923615,3.8673227,51.55472,101.923615,3.8673227,3.6365137,,,,,,,,,,,,,,,,,101.923615,3.9572606,0.041354343,101.923615,3.9572606,0.0009337137,,,,,,,,,,,,,,,,,,,,101.923615,3.9572606,0.015008915,101.923615,3.9572606,27.56604,101.923615,3.9572606,0.0005002972,101.923615,3.9572606,1.0000001e-07,101.923615,3.9572606,7.0,,,,,,,
101.923615,3.897302,0.015513907,101.923615,3.897302,0.0017849174,,,,,,,,,,,,,,,,,,,,,,,,,,,,,,,,,,,,,,,,,,,,,,,,,,,,,,,,,,,,,101.923615,3.897302,53.338276,101.923615,3.897302,4.103485,,,,,,,,,,,,,,,,,101.923615,3.9872398,0.042257477,101.923615,3.9872398,0.0011182963,,,,,,,,,,,,,,,,,,,,101.923615,3.9872398,0.015225457,101.923615,3.9872398,27.566992,101.923615,3.9872398,0.0005075153,101.923615,3.9872398,1.0000001e-07,101.923615,3.9872398,7.0,,,,,,,
101.923615,3.9272811,0.013253013,101.923615,3.9272811,0.0015618027,,,,,,,,,,,,,,,,,,,,,,,,,,,,,,,,,,,,,,,,,,,,,,,,,,,,,,,,,,,,,101.923615,3.9272811,45.01222,101.923615,3.9272811,3.3590248,,,,,,,,,,,,,,,,,101.923615,4.017219,0.037808623,101.923615,4.017219,0.00016475879,,,,,,,,,,,,,,,,,,,,101.923615,4.017219,0.01046387,101.923615,4.017219,27.546041,101.923615,4.017219,0.00034879567,101.923615,4.017219,1.0000001e-07,101.923615,4.017219,7.0,,,,,,,
101.923615,3.9572604,0.013416629,101.923615,3.9572604,0.0016510487,,,,,,,,,,,,,,,,,,,,,,,,,,,,,,,,,,,,,,,,,,,,,,,,,,,,,,,,,,,,,101.923615,3.9572604,45.540535,101.923615,3.9572604,3.704381,,,,,,,,,,,,,,,,,101.923615,4.0471983,0.037999973,101.923615,4.0471983,0.0017358316,,,,,,,,,,,,,,,,,,,,101.923615,4.0471983,0.011339435,101.923615,4.0471983,27.549892,101.923615,4.0471983,0.00037798114,101.923615,4.0471983,1.0000001e-07,101.923615,4.0471983,7.0,,,,,,,
101.923615,3.9872396,0.013327383,101.923615,3.9872396,0.0015618028,,,,,,,,,,,,,,,,,,,,,,,,,,,,,,,,,,,,,,,,,,,,,,,,,,,,,,,,,,,,,101.923615,3.9872396,45.35741,101.923615,3.9872396,3.369316,,,,,,,,,,,,,,,,,101.923615,4.0771775,0.036887713,101.923615,4.0771775,0.0010224088,,,,,,,,,,,,,,,,,,,,101.923615,4.0771775,0.009934765,101.923615,4.0771775,27.54371,101.923615,4.0771775,0.00033115887,101.923615,4.0771775,1.0000001e-07,101.923615,4.0771775,7.0,,,,,,,
101.923615,4.017219,0.0123754265,101.923615,4.017219,0.0013089395,,,,,,,,,,,,,,,,,,,,,,,,,,,,,,,,,,,,,,,,,,,,,,,,,,,,,,,,,,,,,101.923615,4.017219,41.780655,101.923615,4.017219,2.5141673,,,,,,,,,,,,,,,,,101.923615,4.1071568,0.037379235,101.923615,4.1071568,0.00032451653,,,,,,,,,,,,,,,,,,,,101.923615,4.1071568,0.01024768,101.923615,4.1071568,27.54509,101.923615,4.1071568,0.00034158933,101.923615,4.1071568,1.0000001e-07,101.923615,4.1071568,7.0,,,,,,,
101.923615,4.0471983,0.011780454,101.923615,4.0471983,0.0017105457,,,,,,,,,,,,,,,,,,,,,,,,,,,,,,,,,,,,,,,,,,,,,,,,,,,,,,,,,,,,,101.923615,4.0471983,39.914974,101.923615,4.0471983,3.8977215,,,,,,,,,,,,,,,,,101.923615,4.137136,0.037388526,101.923615,4.137136,0.0007482883,,,,,,,,,,,,,,,,,,,,101.923615,4.137136,0.010463962,101.923615,4.137136,27.546043,101.923615,4.137136,0.00034879873,101.923615,4.137136,1.0000001e-07,101.923615,4.137136,7.0,,,,,,,
101.923615,4.0771775,0.011259854,101.923615,4.0771775,0.0014874311,,,,,,,,,,,,,,,,,,,,,,,,,,,,,,,,,,,,,,,,,,,,,,,,,,,,,,,,,,,,,101.923615,4.0771775,37.950134,101.923615,4.0771775,3.103055,,,,,,,,,,,,,,,,,101.923615,4.167115,0.03982906,101.923615,4.167115,-8.875805e-05,,,,,,,,,,,,,,,,,,,,101.923615,4.167115,0.014087245,101.923615,4.167115,27.561985,101.923615,4.167115,0.00046957476,101.923615,4.167115,1.0000001e-07,101.923615,4.167115,7.0,,,,,,,
101.923615,4.1071568,0.011200357,101.923615,4.1071568,0.0012791908,,,,,,,,,,,,,,,,,,,,,,,,,,,,,,,,,,,,,,,,,,,,,,,,,,,,,,,,,,,,,101.923615,4.1071568,37.697285,101.923615,4.1071568,2.3901289,,,,,,,,,,,,,,,,,101.923615,4.1970944,0.03826903,101.923615,4.1970944,0.0016132119,,,,,,,,,,,,,,,,,,,,101.923615,4.1970944,0.011595172,101.923615,4.1970944,27.551018,101.923615,4.1970944,0.0003865057,101.923615,4.1970944,1.0000001e-07,101.923615,4.1970944,7.0,,,,,,,
101.923615,4.137136,0.01103674,101.923615,4.137136,0.0014428082,,,,,,,,,,,,,,,,,,,,,,,,,,,,,,,,,,,,,,,,,,,,,,,,,,,,,,,,,,,,,101.923615,4.137136,37.19669,101.923615,4.137136,2.9910617,,,,,,,,,,,,,,,,,101.923615,4.2270737,0.04083525,101.923615,4.2270737,0.0003154165,,,,,,,,,,,,,,,,,,,,101.923615,4.2270737,0.014201441,101.923615,4.2270737,27.562487,101.923615,4.2270737,0.00047338134,101.923615,4.2270737,1.0000001e-07,101.923615,4.2270737,7.0,,,,,,,
101.923615,4.167115,0.011527592,101.923615,4.167115,0.0011601964,,,,,,,,,,,,,,,,,,,,,,,,,,,,,,,,,,,,,,,,,,,,,,,,,,,,,,,,,,,,,101.923615,4.167115,38.953896,101.923615,4.167115,1.962592,,,,,,,,,,,,,,,,,101.923615,4.257053,0.03596801,101.923615,4.257053,0.0010079087,,,,,,,,,,,,,,,,,,,,101.923615,4.257053,0.00941428,101.923615,4.257053,27.541422,101.923615,4.257053,0.0003138093,101.923615,4.257053,1.0000001e-07,101.923615,4.257053,7.0,,,,,,,
101.923615,4.1970944,0.011066488,101.923615,4.1970944,0.001576677,,,,,,,,,,,,,,,,,,,,,,,,,,,,,,,,,,,,,,,,,,,,,,,,,,,,,,,,,,,,,101.923615,4.1970944,37.214764,101.923615,4.1970944,3.4463484,,,,,,,,,,,,,,,,,101.923615,4.287032,0.03795939,101.923615,4.287032,0.0007824155,,,,,,,,,,,,,,,,,,,,101.923615,4.287032,0.011809074,101.923615,4.287032,27.551962,101.923615,4.287032,0.0003936358,101.923615,4.287032,1.0000001e-07,101.923615,4.287032,7.0,,,,,,,
101.923615,4.2270737,0.011587089,101.923615,4.2270737,0.0013238138,,,,,,,,,,,,,,,,,,,,,,,,,,,,,,,,,,,,,,,,,,,,,,,,,,,,,,,,,,,,,101.923615,4.2270737,39.156128,101.923615,4.2270737,2.5661976,,,,,,,,,,,,,,,,,101.923615,4.3170114,0.039545096,101.923615,4.3170114,0.0008376194,,,,,,,,,,,,,,,,,,,,101.923615,4.3170114,0.013759641,101.923615,4.3170114,27.56054,101.923615,4.3170114,0.0004586547,101.923615,4.3170114,1.0000001e-07,101.923615,4.3170114,7.0,,,,,,,
101.923615,4.257053,0.010233526,101.923615,4.257053,0.001472557,,,,,,,,,,,,,,,,,,,,,,,,,,,,,,,,,,,,,,,,,,,,,,,,,,,,,,,,,,,,,101.923615,4.257053,34.293064,101.923615,4.257053,3.0801473,,,,,,,,,,,,,,,,,101.923615,4.3469906,0.041034076,101.923615,4.3469906,0.001846748,,,,,,,,,,,,,,,,,,,,101.923615,4.3469906,0.014672024,101.923615,4.3469906,27.564554,101.923615,4.3469906,0.00048906746,101.923615,4.3469906,1.0000001e-07,101.923615,4.3469906,7.0,,,,,,,
101.923615,4.287032,0.010575635,101.923615,4.287032,0.0013981854,,,,,,,,,,,,,,,,,,,,,,,,,,,,,,,,,,,,,,,,,,,,,,,,,,,,,,,,,,,,,101.923615,4.287032,35.59855,101.923615,4.287032,2.788807,,,,,,,,,,,,,,,,,101.923615,4.37697,0.044067126,101.923615,4.37697,8.035346e-06,,,,,,,,,,,,,,,,,,,,101.923615,4.37697,0.018883534,101.923615,4.37697,27.583086,101.923615,4.37697,0.0006294512,101.923615,4.37697,1.0000001e-07,101.923615,4.37697,7.0,,,,,,,
101.923615,4.3170114,0.010739253,101.923615,4.3170114,0.0013535623,,,,,,,,,,,,,,,,,,,,,,,,,,,,,,,,,,,,,,,,,,,,,,,,,,,,,,,,,,,,,101.923615,4.3170114,36.000374,101.923615,4.3170114,2.6663835,,,,,,,,,,,,,,,,,101.923615,4.406949,0.0445312,101.923615,4.406949,0.0019818577,,,,,,,,,,,,,,,,,,,,101.923615,4.406949,0.01903979,101.923615,4.406949,27.583776,101.923615,4.406949,0.00063465966,101.923615,4.406949,0.0092529785,101.923615,4.406949,4.0,,,,,,,
101.923615,4.3469906,0.010917745,101.923615,4.3469906,0.0015618027,,,,,,,,,,,,,,,,,,,,,,,,,,,,,,,,,,,,,,,,,,,,,,,,,,,,,,,,,,,,,101.923615,4.3469906,36.772522,101.923615,4.3469906,3.3488567,,,,,,,,,,,,,,,,,101.923615,4.4369283,0.04554501,101.923615,4.4369283,0.0011046771,,,,,,,,,,,,,,,,,,,,101.923615,4.4369283,0.020642586,101.923615,4.4369283,27.590828,101.923615,4.4369283,0.0006880862,101.923615,4.4369283,1.0000001e-07,101.923615,4.4369283,7.0,,,,,,,
101.923615,4.37697,0.011587089,101.923615,4.37697,0.0012494423,,,,,,,,,,,,,,,,,,,,,,,,,,,,,,,,,,,,,,,,,,,,,,,,,,,,,,,,,,,,,101.923615,4.37697,39.124134,101.923615,4.37697,2.2808256,,,,,,,,,,,,,,,,,101.923615,4.4669075,0.047866866,101.923615,4.4669075,0.0018790149,,,,,,,,,,,,,,,,,,,,101.923615,4.4669075,0.02394072,101.923615,4.4669075,27.60534,101.923615,4.4669075,0.000798024,101.923615,4.4669075,1.0000001e-07,101.923615,4.4669075,7.0,,,,,,,
101.923615,4.406949,0.011616837,101.923615,4.406949,0.0015618027,,,,,,,,,,,,,,,,,,,,,,,,,,,,,,,,,,,,,,,,,,,,,,,,,,,,,,,,,,,,,101.923615,4.406949,39.153122,101.923615,4.406949,3.4077196,,,,,,,,,,,,,,,,,101.923615,4.4968867,0.043998092,101.923615,4.4968867,0.002246145,,,,,,,,,,,,,,,,,,,,101.923615,4.4968867,0.019316085,101.923615,4.4968867,27.58499,101.923615,4.4968867,0.00064386945,101.923615,4.4968867,1.0000001e-07,101.923615,4.4968867,7.0,,,,,,,
101.923615,4.4369283,0.011601963,101.923615,4.4369283,0.0013684367,,,,,,,,,,,,,,,,,,,,,,,,,,,,,,,,,,,,,,,,,,,,,,,,,,,,,,,,,,,,,101.923615,4.4369283,39.029526,101.923615,4.4369283,2.6652272,,,,,,,,,,,,,,,,,101.923615,4.526866,0.04396124,101.923615,4.526866,0.0009463362,,,,,,,,,,,,,,,,,,,,101.923615,4.526866,0.018746344,101.923615,4.526866,27.582481,101.923615,4.526866,0.0006248781,101.923615,4.526866,1.0000001e-07,101.923615,4.526866,7.0,,,,,,,
101.923615,4.4669075,0.012033318,101.923615,4.4669075,0.0015469284,,,,,,,,,,,,,,,,,,,,,,,,,,,,,,,,,,,,,,,,,,,,,,,,,,,,,,,,,,,,,101.923615,4.4669075,40.663067,101.923615,4.4669075,3.2956352,,,,,,,,,,,,,,,,,101.923615,4.556845,0.034790173,101.923615,4.556845,0.000119254655,,,,,,,,,,,,,,,,,,,,101.923615,4.556845,0.010512906,101.923615,4.556845,27.546257,101.923615,4.556845,0.0003504302,101.923615,4.556845,1.0000001e-07,101.923615,4.556845,7.0,,,,,,,
101.923615,4.4968867,0.010977242,101.923615,4.4968867,0.0016361744,,,,,,,,,,,,,,,,,,,,,,,,,,,,,,,,,,,,,,,,,,,,,,,,,,,,,,,,,,,,,101.923615,4.4968867,36.95596,101.923615,4.4968867,3.6053717,,,,,,,,,,,,,,,,,101.923615,4.586825,0.028291835,101.923615,4.586825,0.0008633093,,,,,,,,,,,,,,,,,,,,101.923615,4.586825,0.0048810244,101.923615,4.586825,27.521475,101.923615,4.586825,0.00016270079,101.923615,4.586825,1.0000001e-07,101.923615,4.586825,7.0,,,,,,,
101.923615,4.526866,0.010724379,101.923615,4.526866,0.0013238138,,,,,,,,,,,,,,,,,,,,,,,,,,,,,,,,,,,,,,,,,,,,,,,,,,,,,,,,,,,,,101.923615,4.526866,35.854652,101.923615,4.526866,2.5576582,,,,,,,,,,,,,,,,,101.923615,4.616804,0.025039744,101.923615,4.616804,0.0005359155,,,,,,,,,,,,,,,,,,,,101.923615,4.616804,-0.00040586188,101.923615,4.616804,27.498213,101.923615,4.616804,-1.3528728e-05,101.923615,4.616804,1.0000001e-07,101.923615,4.616804,7.0,,,,,,,
101.923615,4.556845,0.008716346,101.923615,4.556845,0.0011899448,,,,,,,,,,,,,,,,,,,,,,,,,,,,,,,,,,,,,,,,,,,,,,,,,,,,,,,,,,,,,101.923615,4.556845,28.723808,101.923615,4.556845,2.06849,,,,,,,,,,,,,,,,,101.923615,4.6467834,0.022253012,101.923615,4.6467834,0.0006900087,,,,,,,,,,,,,,,,,,,,101.923615,4.6467834,-0.0037179599,101.923615,4.6467834,27.483643,101.923615,4.6467834,-0.00012393198,101.923615,4.6467834,1.0000001e-07,101.923615,4.6467834,7.0,,,,,,,
101.923615,4.5868244,0.0071842936,101.923615,4.5868244,0.0012791908,,,,,,,,,,,,,,,,,,,,,,,,,,,,,,,,,,,,,,,,,,,,,,,,,,,,,,,,,,,,,101.923615,4.5868244,23.34147,101.923615,4.5868244,2.3819852,,,,,,,,,,,,,,,,,101.923615,4.6767626,0.022043576,101.923615,4.6767626,0.000658848,,,,,,,,,,,,,,,,,,,,101.923615,4.6767626,-0.0035202068,101.923615,4.6767626,27.484512,101.923615,4.6767626,-0.00011734023,101.923615,4.6767626,1.0000001e-07,101.923615,4.6767626,7.0,,,,,,,
101.923615,4.6168036,0.0065000746,101.923615,4.6168036,0.0012196935,,,,,,,,,,,,,,,,,,,,,,,,,,,,,,,,,,,,,,,,,,,,,,,,,,,,,,,,,,,,,101.923615,4.6168036,21.055588,101.923615,4.6168036,2.166445,,,,,,,,,,,,,,,,,101.923615,4.706742,0.021313589,101.923615,4.706742,-4.6052628e-05,,,,,,,,,,,,,,,,,,,,101.923615,4.706742,-0.0046075615,101.923615,4.706742,27.479725,101.923615,4.706742,-0.00015358538,101.923615,4.706742,1.0000001e-07,101.923615,4.706742,7.0,,,,,,,
101.923615,4.646783,0.005786107,101.923615,4.646783,0.0013238138,,,,,,,,,,,,,,,,,,,,,,,,,,,,,,,,,,,,,,,,,,,,,,,,,,,,,,,,,,,,,101.923615,4.646783,18.483452,101.923615,4.646783,2.5736623,,,,,,,,,,,,,,,,,101.923615,4.736721,0.021931894,101.923615,4.736721,0.0006282523,,,,,,,,,,,,,,,,,,,,101.923615,4.736721,-0.003864537,101.923615,4.736721,27.482996,101.923615,4.736721,-0.0001288179,101.923615,4.736721,1.0000001e-07,101.923615,4.736721,7.0,,,,,,,
101.923615,4.676762,0.0058158566,101.923615,4.676762,0.001234568,,,,,,,,,,,,,,,,,,,,,,,,,,,,,,,,,,,,,,,,,,,,,,,,,,,,,,,,,,,,,101.923615,4.676762,18.593266,101.923615,4.676762,2.267223,,,,,,,,,,,,,,,,,101.923615,4.7667003,0.022266122,101.923615,4.7667003,-0.0003186151,,,,,,,,,,,,,,,,,,,,101.923615,4.7667003,-0.0035762228,101.923615,4.7667003,27.484262,101.923615,4.7667003,-0.00011920743,101.923615,4.7667003,1.0000001e-07,101.923615,4.7667003,7.0,,,,,,,
101.923615,4.706742,0.0056224894,101.923615,4.706742,0.0012048192,,,,,,,,,,,,,,,,,,,,,,,,,,,,,,,,,,,,,,,,,,,,,,,,,,,,,,,,,,,,,101.923615,4.706742,17.945137,101.923615,4.706742,2.1408381,,,,,,,,,,,,,,,,,101.923615,4.7966795,0.017424813,101.923615,4.7966795,0.00071278587,,,,,,,,,,,,,,,,,,,,101.923615,4.7966795,-0.009180741,101.923615,4.7966795,27.459604,101.923615,4.7966795,-0.0003060247,101.923615,4.7966795,1.0000001e-07,101.923615,4.7966795,7.0,,,,,,,
101.923615,4.736721,0.0055629928,101.923615,4.736721,0.0013089393,,,,,,,,,,,,,,,,,,,,,,,,,,,,,,,,,,,,,,,,,,,,,,,,,,,,,,,,,,,,,101.923615,4.736721,17.730019,101.923615,4.736721,2.49757,,,,,,,,,,,,,,,,,101.923615,4.8266587,0.019921474,101.923615,4.8266587,-0.00035655484,,,,,,,,,,,,,,,,,,,,101.923615,4.8266587,-0.005582615,101.923615,4.8266587,27.475435,101.923615,4.8266587,-0.00018608716,101.923615,4.8266587,1.0000001e-07,101.923615,4.8266587,7.0,,,,,,,
101.923615,4.7667003,0.0055778665,101.923615,4.7667003,0.0011155733,,,,,,,,,,,,,,,,,,,,,,,,,,,,,,,,,,,,,,,,,,,,,,,,,,,,,,,,,,,,,101.923615,4.7667003,17.803562,101.923615,4.7667003,1.8240095,,,,,,,,,,,,,,,,,101.923615,4.856638,0.018377911,101.923615,4.856638,0.0010611472,,,,,,,,,,,,,,,,,,,,101.923615,4.856638,-0.007393391,101.923615,4.856638,27.46747,101.923615,4.856638,-0.00024644635,101.923615,4.856638,1.0000001e-07,101.923615,4.856638,7.0,,,,,,,
101.923615,4.7966795,0.004536665,101.923615,4.7966795,0.001279191,,,,,,,,,,,,,,,,,,,,,,,,,,,,,,,,,,,,,,,,,,,,,,,,,,,,,,,,,,,,,101.923615,4.7966795,14.14471,101.923615,4.7966795,2.4032936,,,,,,,,,,,,,,,,,101.923615,4.886617,0.022222878,101.923615,4.886617,-0.0018387022,,,,,,,,,,,,,,,,,,,,101.923615,4.886617,-0.0023488454,101.923615,4.886617,27.489664,101.923615,4.886617,-7.8294855e-05,101.923615,4.886617,1.0000001e-07,101.923615,4.886617,7.0,,,,,,,
101.923615,4.8266587,0.0050126426,101.923615,4.8266587,0.0010412019,,,,,,,,,,,,,,,,,,,,,,,,,,,,,,,,,,,,,,,,,,,,,,,,,,,,,,,,,,,,,101.923615,4.8266587,15.678419,101.923615,4.8266587,1.5580384,,,,,,,,,,,,,,,,,101.923615,4.9165964,0.020003233,101.923615,4.9165964,0.0019056052,,,,,,,,,,,,,,,,,,,,101.923615,4.9165964,-0.0053129727,101.923615,4.9165964,27.476622,101.923615,4.9165964,-0.00017709908,101.923615,4.9165964,1.0000001e-07,101.923615,4.9165964,7.0,,,,,,,
101.923615,4.856638,0.0047002826,101.923615,4.856638,0.0013089393,,,,,,,,,,,,,,,,,,,,,,,,,,,,,,,,,,,,,,,,,,,,,,,,,,,,,,,,,,,,,101.923615,4.856638,14.596747,101.923615,4.856638,2.503583,,,,,,,,,,,,,,,,,101.923615,4.9465756,0.022241805,101.923615,4.9465756,0.0007640467,,,,,,,,,,,,,,,,,,,,101.923615,4.9465756,-0.0025269783,101.923615,4.9465756,27.488882,101.923615,4.9465756,-8.4232604e-05,101.923615,4.9465756,1.0000001e-07,101.923615,4.9465756,7.0,,,,,,,
101.923615,4.886617,0.0053250035,101.923615,4.886617,0.0008478358,,,,,,,,,,,,,,,,,,,,,,,,,,,,,,,,,,,,,,,,,,,,,,,,,,,,,,,,,,,,,101.923615,4.886617,16.785501,101.923615,4.886617,0.86912185,,,,,,,,,,,,,,,,,101.923615,4.976555,0.019233549,101.923615,4.976555,-0.00024233862,,,,,,,,,,,,,,,,,,,,101.923615,4.976555,-0.006188526,101.923615,4.976555,27.472769,101.923615,4.976555,-0.00020628422,101.923615,4.976555,1.0000001e-07,101.923615,4.976555,7.0,,,,,,,
101.923615,4.9165964,0.0048639,101.923615,4.9165964,0.0013981854,,,,,,,,,,,,,,,,,,,,,,,,,,,,,,,,,,,,,,,,,,,,,,,,,,,,,,,,,,,,,101.923615,4.9165964,15.266354,101.923615,4.9165964,2.8042047,,,,,,,,,,,,,,,,,101.923615,5.006534,0.020193802,101.923615,5.006534,0.002002808,,,,,,,,,,,,,,,,,,,,101.923615,5.006534,-0.004807748,101.923615,5.006534,27.478846,101.923615,5.006534,-0.00016025826,101.923615,5.006534,1.0000001e-07,101.923615,5.006534,7.0,,,,,,,
101.923615,4.9465756,0.0052208835,101.923615,4.9465756,0.001189945,,,,,,,,,,,,,,,,,,,,,,,,,,,,,,,,,,,,,,,,,,,,,,,,,,,,,,,,,,,,,101.923615,4.9465756,16.46183,101.923615,4.9465756,2.0730045,,,,,,,,,,,,,,,,,101.923615,5.0365133,0.017125612,101.923615,5.0365133,0.0011318834,,,,,,,,,,,,,,,,,,,,101.923615,5.0365133,-0.0070853764,101.923615,5.0365133,27.468824,101.923615,5.0365133,-0.00023617921,101.923615,5.0365133,1.0000001e-07,101.923615,5.0365133,7.0,,,,,,,
101.923615,4.976555,0.004625911,101.923615,4.976555,0.001056076,,,,,,,,,,,,,,,,,,,,,,,,,,,,,,,,,,,,,,,,,,,,,,,,,,,,,,,,,,,,,101.923615,4.976555,14.338817,101.923615,4.976555,1.6254125,,,,,,,,,,,,,,,,,101.923615,5.0664926,0.017239172,101.923615,5.0664926,-0.00055439264,,,,,,,,,,,,,,,,,,,,101.923615,5.0664926,-0.008531717,101.923615,5.0664926,27.462461,101.923615,5.0664926,-0.00028439058,101.923615,5.0664926,1.0000001e-07,101.923615,5.0664926,7.0,,,,,,,
101.923615,5.006534,0.004819277,101.923615,5.006534,0.0012940652,,,,,,,,,,,,,,,,,,,,,,,,,,,,,,,,,,,,,,,,,,,,,,,,,,,,,,,,,,,,,101.923615,5.006534,15.081728,101.923615,5.006534,2.4482489,,,,,,,,,,,,,,,,,101.923615,5.096472,0.017486999,101.923615,5.096472,0.00021951918,,,,,,,,,,,,,,,,,,,,101.923615,5.096472,-0.0073250104,101.923615,5.096472,27.46777,101.923615,5.096472,-0.00024416705,101.923615,5.096472,1.0000001e-07,101.923615,5.096472,7.0,,,,,,,
101.923615,5.0365133,0.004090436,101.923615,5.0365133,0.0012048192,,,,,,,,,,,,,,,,,,,,,,,,,,,,,,,,,,,,,,,,,,,,,,,,,,,,,,,,,,,,,101.923615,5.0365133,12.384677,101.923615,5.0365133,2.117788,,,,,,,,,,,,,,,,,101.923615,5.126451,0.021108441,101.923615,5.126451,5.7944097e-05,,,,,,,,,,,,,,,,,,,,101.923615,5.126451,-0.0033434764,101.923615,5.126451,27.485289,101.923615,5.126451,-0.00011144921,101.923615,5.126451,1.0000001e-07,101.923615,5.126451,7.0,,,,,,,
101.923615,5.0664926,0.0041499333,101.923615,5.0664926,0.0009222073,,,,,,,,,,,,,,,,,,,,,,,,,,,,,,,,,,,,,,,,,,,,,,,,,,,,,,,,,,,,,101.923615,5.0664926,12.653697,101.923615,5.0664926,1.1382985,,,,,,,,,,,,,,,,,101.923615,5.1564302,0.01844651,101.923615,5.1564302,-0.00045527576,,,,,,,,,,,,,,,,,,,,101.923615,5.1564302,-0.0070392573,101.923615,5.1564302,27.469028,101.923615,5.1564302,-0.0002346419,101.923615,5.1564302,1.0000001e-07,101.923615,5.1564302,7.0,,,,,,,
101.923615,5.096472,0.0042243046,101.923615,5.096472,0.0011453221,,,,,,,,,,,,,,,,,,,,,,,,,,,,,,,,,,,,,,,,,,,,,,,,,,,,,,,,,,,,,101.923615,5.096472,12.964336,101.923615,5.096472,1.9181097,,,,,,,,,,,,,,,,,101.923615,5.1864095,0.019933503,101.923615,5.1864095,-0.0005688638,,,,,,,,,,,,,,,,,,,,101.923615,5.1864095,-0.0044444525,101.923615,5.1864095,27.480446,101.923615,5.1864095,-0.00014814844,101.923615,5.1864095,1.0000001e-07,101.923615,5.1864095,7.0,,,,,,,
101.923615,5.126451,0.0047449055,101.923615,5.126451,0.0010263275,,,,,,,,,,,,,,,,,,,,,,,,,,,,,,,,,,,,,,,,,,,,,,,,,,,,,,,,,,,,,101.923615,5.126451,14.676015,101.923615,5.126451,1.5277948,,,,,,,,,,,,,,,,,101.923615,5.2163887,0.01848161,101.923615,5.2163887,0.0003172605,,,,,,,,,,,,,,,,,,,,101.923615,5.2163887,-0.0062405854,101.923615,5.2163887,27.472542,101.923615,5.2163887,-0.0002080195,101.923615,5.2163887,1.0000001e-07,101.923615,5.2163887,7.0,,,,,,,
101.923615,5.1564302,0.004239179,101.923615,5.1564302,0.0008924587,,,,,,,,,,,,,,,,,,,,,,,,,,,,,,,,,,,,,,,,,,,,,,,,,,,,,,,,,,,,,101.923615,5.1564302,12.882034,101.923615,5.1564302,1.0518597,,,,,,,,,,,,,,,,,101.923615,5.246368,0.02004733,101.923615,5.246368,0.0014193009,,,,,,,,,,,,,,,,,,,,101.923615,5.246368,-0.004742387,101.923615,5.246368,27.479134,101.923615,5.246368,-0.0001580796,101.923615,5.246368,1.0000001e-07,101.923615,5.246368,7.0,,,,,,,
101.923615,5.1864095,0.0044920426,101.923615,5.1864095,0.0009817047,,,,,,,,,,,,,,,,,,,,,,,,,,,,,,,,,,,,,,,,,,,,,,,,,,,,,,,,,,,,,101.923615,5.1864095,13.843957,101.923615,5.1864095,1.3652436,,,,,,,,,,,,,,,,,101.923615,5.276347,0.016905427,101.923615,5.276347,-0.00058513,,,,,,,,,,,,,,,,,,,,101.923615,5.276347,-0.007078113,101.923615,5.276347,27.468859,101.923615,5.276347,-0.00023593714,101.923615,5.276347,1.0000001e-07,101.923615,5.276347,7.0,,,,,,,
101.923615,5.2163887,0.004224305,101.923615,5.2163887,0.0010858248,,,,,,,,,,,,,,,,,,,,,,,,,,,,,,,,,,,,,,,,,,,,,,,,,,,,,,,,,,,,,101.923615,5.2163887,12.899638,101.923615,5.2163887,1.7115647,,,,,,,,,,,,,,,,,101.923615,5.3063264,0.020600703,101.923615,5.3063264,-0.00011084761,,,,,,,,,,,,,,,,,,,,101.923615,5.3063264,-0.00403776,101.923615,5.3063264,27.482233,101.923615,5.3063264,-0.00013459202,101.923615,5.3063264,1.0000001e-07,101.923615,5.3063264,7.0,,,,,,,
101.923615,5.246368,0.004373048,101.923615,5.246368,0.0012791908,,,,,,,,,,,,,,,,,,,,,,,,,,,,,,,,,,,,,,,,,,,,,,,,,,,,,,,,,,,,,101.923615,5.246368,13.405651,101.923615,5.246368,2.3778207,,,,,,,,,,,,,,,,,101.923615,5.3363056,0.020689936,101.923615,5.3363056,0.00023521359,,,,,,,,,,,,,,,,,,,,101.923615,5.3363056,-0.0028974302,101.923615,5.3363056,27.487251,101.923615,5.3363056,-9.658101e-05,101.923615,5.3363056,1.0000001e-07,101.923615,5.3363056,7.0,,,,,,,
101.923615,5.276347,0.0039268187,101.923615,5.276347,0.00093708164,,,,,,,,,,,,,,,,,,,,,,,,,,,,,,,,,,,,,,,,,,,,,,,,,,,,,,,,,,,,,101.923615,5.276347,11.715345,101.923615,5.276347,1.209179,,,,,,,,,,,,,,,,,101.923615,5.366285,0.023357537,101.923615,5.366285,0.0013124583,,,,,,,,,,,,,,,,,,,,101.923615,5.366285,-0.0013504454,101.923615,5.366285,27.494057,101.923615,5.366285,-4.501485e-05,101.923615,5.366285,1.0000001e-07,101.923615,5.366285,7.0,,,,,,,
101.923615,5.3063264,0.004432545,101.923615,5.3063264,0.0010412018,,,,,,,,,,,,,,,,,,,,,,,,,,,,,,,,,,,,,,,,,,,,,,,,,,,,,,,,,,,,,101.923615,5.3063264,13.705327,101.923615,5.3063264,1.6083926,,,,,,,,,,,,,,,,,101.923615,5.396264,0.019399393,101.923615,5.396264,0.00018397605,,,,,,,,,,,,,,,,,,,,101.923615,5.396264,-0.005011022,101.923615,5.396264,27.477951,101.923615,5.396264,-0.00016703407,101.923615,5.396264,1.0000001e-07,101.923615,5.396264,7.0,,,,,,,
101.923615,5.3363056,0.004387922,101.923615,5.3363056,0.0011155733,,,,,,,,,,,,,,,,,,,,,,,,,,,,,,,,,,,,,,,,,,,,,,,,,,,,,,,,,,,,,101.923615,5.3363056,13.453448,101.923615,5.3363056,1.8171694,,,,,,,,,,,,,,,,,101.923615,5.426244,0.021361219,101.923615,5.426244,0.00036469227,,,,,,,,,,,,,,,,,,,,101.923615,5.426244,-0.0023575027,101.923615,5.426244,27.489626,101.923615,5.426244,-7.858342e-05,101.923615,5.426244,1.0000001e-07,101.923615,5.426244,7.0,,,,,,,
101.923615,5.366285,0.004670534,101.923615,5.366285,0.0012048194,,,,,,,,,,,,,,,,,,,,,,,,,,,,,,,,,,,,,,,,,,,,,,,,,,,,,,,,,,,,,101.923615,5.366285,14.538404,101.923615,5.366285,2.112494,,,,,,,,,,,,,,,,,101.923615,5.456223,0.02074468,101.923615,5.456223,3.378502e-07,,,,,,,,,,,,,,,,,,,,101.923615,5.456223,-0.0031421254,101.923615,5.456223,27.486176,101.923615,5.456223,-0.00010473752,101.923615,5.456223,1.0000001e-07,101.923615,5.456223,7.0,,,,,,,
101.923615,5.396264,0.0041053104,101.923615,5.396264,0.0010263275,,,,,,,,,,,,,,,,,,,,,,,,,,,,,,,,,,,,,,,,,,,,,,,,,,,,,,,,,,,,,101.923615,5.396264,12.448344,101.923615,5.396264,1.5121368,,,,,,,,,,,,,,,,,101.923615,5.4862022,0.022268338,101.923615,5.4862022,0.00089776167,,,,,,,,,,,,,,,,,,,,101.923615,5.4862022,-0.001627626,101.923615,5.4862022,27.492836,101.923615,5.4862022,-5.4254197e-05,101.923615,5.4862022,1.0000001e-07,101.923615,5.4862022,7.0,,,,,,,
101.923615,5.4262433,0.004313551,101.923615,5.4262433,0.0011601963,,,,,,,,,,,,,,,,,,,,,,,,,,,,,,,,,,,,,,,,,,,,,,,,,,,,,,,,,,,,,101.923615,5.4262433,13.091929,101.923615,5.4262433,1.9759439,,,,,,,,,,,,,,,,,101.923615,5.5161815,0.026390262,101.923615,5.5161815,0.0016029243,,,,,,,,,,,,,,,,,,,,101.923615,5.5161815,0.0056713573,101.923615,5.5161815,27.524956,101.923615,5.5161815,0.00018904527,101.923615,5.5161815,1.0000001e-07,101.923615,5.5161815,7.0,,,,,,,
101.923615,5.4562225,0.0042689275,101.923615,5.4562225,0.0010263275,,,,,,,,,,,,,,,,,,,,,,,,,,,,,,,,,,,,,,,,,,,,,,,,,,,,,,,,,,,,,101.923615,5.4562225,12.976218,101.923615,5.4562225,1.5426208,,,,,,,,,,,,,,,,,101.923615,5.5461607,0.02569193,101.923615,5.5461607,0.0015685697,,,,,,,,,,,,,,,,,,,,101.923615,5.5461607,0.003757159,101.923615,5.5461607,27.516533,101.923615,5.5461607,0.00012523863,101.923615,5.5461607,1.0000001e-07,101.923615,5.5461607,7.0,,,,,,,
101.923615,5.486202,0.0043135504,101.923615,5.486202,0.0012196936,,,,,,,,,,,,,,,,,,,,,,,,,,,,,,,,,,,,,,,,,,,,,,,,,,,,,,,,,,,,,101.923615,5.486202,13.221625,101.923615,5.486202,2.1797805,,,,,,,,,,,,,,,,,101.923615,5.57614,0.028901044,101.923615,5.57614,0.0034339726,,,,,,,,,,,,,,,,,,,,101.923615,5.57614,0.008084331,101.923615,5.57614,27.535574,101.923615,5.57614,0.0002694777,101.923615,5.57614,0.028112544,101.923615,5.57614,5.0,,,,,,,
101.923615,5.516181,0.0048787743,101.923615,5.516181,0.0012196936,,,,,,,,,,,,,,,,,,,,,,,,,,,,,,,,,,,,,,,,,,,,,,,,,,,,,,,,,,,,,101.923615,5.516181,15.177204,101.923615,5.516181,2.194306,,,,,,,,,,,,,,,,,101.923615,5.606119,0.025759745,101.923615,5.606119,0.0015258437,,,,,,,,,,,,,,,,,,,,101.923615,5.606119,0.0028145364,101.923615,5.606119,27.512384,101.923615,5.606119,9.381788e-05,101.923615,5.606119,1.0000001e-07,101.923615,5.606119,7.0,,,,,,,
101.923615,5.5461607,0.0048044026,101.923615,5.5461607,0.0012643165,,,,,,,,,,,,,,,,,,,,,,,,,,,,,,,,,,,,,,,,,,,,,,,,,,,,,,,,,,,,,101.923615,5.5461607,14.961735,101.923615,5.5461607,2.3329473,,,,,,,,,,,,,,,,,101.923615,5.6360984,0.023820285,101.923615,5.6360984,0.001788205,,,,,,,,,,,,,,,,,,,,101.923615,5.6360984,0.0017656609,101.923615,5.6360984,27.507769,101.923615,5.6360984,5.885537e-05,101.923615,5.6360984,1.0000001e-07,101.923615,5.6360984,7.0,,,,,,,
101.923615,5.57614,0.005265506,101.923615,5.57614,0.0014428082,,,,,,,,,,,,,,,,,,,,,,,,,,,,,,,,,,,,,,,,,,,,,,,,,,,,,,,,,,,,,101.923615,5.57614,16.574308,101.923615,5.57614,2.9939013,,,,,,,,,,,,,,,,,101.923615,5.6660776,0.023887344,101.923615,5.6660776,0.0013932507,,,,,,,,,,,,,,,,,,,,101.923615,5.6660776,0.0020150025,101.923615,5.6660776,27.508867,101.923615,5.6660776,6.716676e-05,101.923615,5.6660776,1.0000001e-07,101.923615,5.6660776,7.0,,,,,,,
101.923615,5.606119,0.004730031,101.923615,5.606119,0.0012345677,,,,,,,,,,,,,,,,,,,,,,,,,,,,,,,,,,,,,,,,,,,,,,,,,,,,,,,,,,,,,101.923615,5.606119,14.690781,101.923615,5.606119,2.2484453,,,,,,,,,,,,,,,,,101.923615,5.696057,0.027664859,101.923615,5.696057,0.00066601124,,,,,,,,,,,,,,,,,,,,101.923615,5.696057,0.006673889,101.923615,5.696057,27.529366,101.923615,5.696057,0.00022246296,101.923615,5.696057,1.0000001e-07,101.923615,5.696057,7.0,,,,,,,
101.923615,5.6360984,0.004417671,101.923615,5.6360984,0.0012643165,,,,,,,,,,,,,,,,,,,,,,,,,,,,,,,,,,,,,,,,,,,,,,,,,,,,,,,,,,,,,101.923615,5.6360984,13.599487,101.923615,5.6360984,2.3458986,,,,,,,,,,,,,,,,,101.923615,5.726036,0.081658974,101.923615,5.726036,0.0007178065,,,,,,,,,,,,,,,,,,,,101.923615,5.726036,0.08583757,101.923615,5.726036,27.877686,101.923615,5.726036,0.0028612523,101.923615,5.726036,1.0000001e-07,101.923615,5.726036,7.0,,,,,,,
101.923615,5.6660776,0.0044474197,101.923615,5.6660776,0.001189945,,,,,,,,,,,,,,,,,,,,,,,,,,,,,,,,,,,,,,,,,,,,,,,,,,,,,,,,,,,,,101.923615,5.6660776,13.691411,101.923615,5.6660776,2.087917,,,,,,,,,,,,,,,,,101.923615,5.7560153,0.40344524,101.923615,5.7560153,0.008099759,,,,,,,,,,,,,,,,,,,,101.923615,5.7560153,0.43575466,101.923615,5.7560153,29.41732,101.923615,5.7560153,0.014525156,101.923615,5.7560153,0.0056378227,101.923615,5.7560153,0.0,,,,,,,
101.923615,5.696057,0.0047597797,101.923615,5.696057,0.0011155733,,,,,,,,,,,,,,,,,,,,,,,,,,,,,,,,,,,,,,,,,,,,,,,,,,,,,,,,,,,,,101.923615,5.696057,14.871562,101.923615,5.696057,1.8351939,,,,,,,,,,,,,,,,,101.923615,5.7859945,1.1753303,101.923615,5.7859945,0.02396646,,,,,,,,,,,,,,,,,,,,101.923615,5.7859945,1.1308609,101.923615,5.7859945,32.47579,101.923615,5.7859945,0.037695363,101.923615,5.7859945,0.008193188,101.923615,5.7859945,0.0,,,,,,,
101.923615,5.726036,0.012122565,101.923615,5.726036,0.0011750706,,,,,,,,,,,,,,,,,,,,,,,,,,,,,,,,,,,,,,,,,,,,,,,,,,,,,,,,,,,,,101.923615,5.726036,41.932278,101.923615,5.726036,1.9953374,,,,,,,,,,,,,,,,,101.923615,5.8159738,1.5751868,101.923615,5.8159738,0.0633952,,,,,,,,,,,,,,,,,,,,101.923615,5.8159738,1.6537255,101.923615,5.8159738,34.77639,101.923615,5.8159738,0.05512418,101.923615,5.8159738,0.01076239,101.923615,5.8159738,0.0,,,,,,,
101.923615,5.7560153,0.055778675,101.923615,5.7560153,0.0020824035,,,,,,,,,,,,,,,,,,,,,,,,,,,,,,,,,,,,,,,,,,,,,,,,,,,,,,,,,,,,,101.923615,5.7560153,205.11502,101.923615,5.7560153,5.240773,,,,,,,,,,,,,,,,,101.923615,5.845953,0.8140959,101.923615,5.845953,0.044379607,,,,,,,,,,,,,,,,,,,,101.923615,5.845953,1.4756734,101.923615,5.845953,33.992966,101.923615,5.845953,0.049189117,101.923615,5.845953,0.011034403,101.923615,5.845953,0.0,,,,,,,
101.923615,5.7859945,0.1581883,101.923615,5.7859945,0.0042689275,,,,,,,,,,,,,,,,,,,,,,,,,,,,,,,,,,,,,,,,,,,,,,,,,,,,,,,,,,,,,101.923615,5.7859945,577.272,101.923615,5.7859945,13.15733,,,,,,,,,,,,,,,,,101.923615,5.875932,0.17493212,101.923615,5.875932,0.012950098,,,,,,,,,,,,,,,,,,,,101.923615,5.875932,0.5742866,101.923615,5.875932,30.02686,101.923615,5.875932,0.019142887,101.923615,5.875932,0.008503793,101.923615,5.875932,0.0,,,,,,,
101.923615,5.8159738,0.20932621,101.923615,5.8159738,0.009370816,,,,,,,,,,,,,,,,,,,,,,,,,,,,,,,,,,,,,,,,,,,,,,,,,,,,,,,,,,,,,101.923615,5.8159738,752.154,101.923615,5.8159738,31.68238,,,,,,,,,,,,,,,,,101.923615,5.9059114,0.01446656,101.923615,5.9059114,0.0028334386,,,,,,,,,,,,,,,,,,,,101.923615,5.9059114,-0.003045643,101.923615,5.9059114,27.486597,101.923615,5.9059114,-0.000101521444,101.923615,5.9059114,1.0000001e-07,101.923615,5.9059114,7.0,,,,,,,
101.923615,5.845953,0.10745203,101.923615,5.845953,0.006812435,,,,,,,,,,,,,,,,,,,,,,,,,,,,,,,,,,,,,,,,,,,,,,,,,,,,,,,,,,,,,101.923615,5.845953,385.45215,101.923615,5.845953,22.65667,,,,,,,,,,,,,,,,,101.923615,5.9358907,0.015144699,101.923615,5.9358907,-0.00010764547,,,,,,,,,,,,,,,,,,,,101.923615,5.9358907,-0.0022147028,101.923615,5.9358907,27.490252,101.923615,5.9358907,-7.382341e-05,101.923615,5.9358907,1.0000001e-07,101.923615,5.9358907,7.0,,,,,,,
101.923615,5.875932,0.023709653,101.923615,5.875932,0.0026922508,,,,,,,,,,,,,,,,,,,,,,,,,,,,,,,,,,,,,,,,,,,,,,,,,,,,,,,,,,,,,101.923615,5.875932,84.29096,101.923615,5.875932,7.64466,,,,,,,,,,,,,,,,,101.923615,5.96587,0.015444385,101.923615,5.96587,-0.0005738736,,,,,,,,,,,,,,,,,,,,101.923615,5.96587,-0.0029648384,101.923615,5.96587,27.486954,101.923615,5.96587,-9.882796e-05,101.923615,5.96587,1.0000001e-07,101.923615,5.96587,7.0,,,,,,,
101.923615,5.9059114,0.0028707425,101.923615,5.9059114,0.0013386881,,,,,,,,,,,,,,,,,,,,,,,,,,,,,,,,,,,,,,,,,,,,,,,,,,,,,,,,,,,,,101.923615,5.9059114,8.03925,101.923615,5.9059114,2.5753005,,,,,,,,,,,,,,,,,101.923615,5.995849,0.015610675,101.923615,5.995849,-0.00048800433,,,,,,,,,,,,,,,,,,,,101.923615,5.995849,0.0,101.923615,5.995849,27.5,101.923615,5.995849,0.0,101.923615,5.995849,1.0000001e-07,101.923615,5.995849,7.0,,,,,,,
101.923615,5.9358907,0.0030194852,101.923615,5.9358907,0.0009222073,,,,,,,,,,,,,,,,,,,,,,,,,,,,,,,,,,,,,,,,,,,,,,,,,,,,,,,,,,,,,101.923615,5.9358907,8.547024,101.923615,5.9358907,1.1423148,,,,,,,,,,,,,,,,,101.923615,6.0258284,0.013274233,101.923615,6.0258284,0.0008601261,,,,,,,,,,,,,,,,,,,,,,,,,,,,,101.923615,6.0258284,1.0000001e-07,101.923615,6.0258284,7.0,,,,,,,
101.923615,5.96587,0.0030194852,101.923615,5.96587,0.00093708164,,,,,,,,,,,,,,,,,,,,,,,,,,,,,,,,,,,,,,,,,,,,,,,,,,,,,,,,,,,,,101.923615,5.96587,8.555669,101.923615,5.96587,1.2311023,,,,,,,,,,,,,,,,,101.923615,6.0558076,0.016533084,101.923615,6.0558076,0.0012339856,,,,,,,,,,,,,,,,,,,,,,,,,,,,,101.923615,6.0558076,1.0000001e-07,101.923615,6.0558076,7.0,,,,,,,
101.923615,5.995849,0.002855868,101.923615,5.995849,0.0009222073,,,,,,,,,,,,,,,,,,,,,,,,,,,,,,,,,,,,,,,,,,,,,,,,,,,,,,,,,,,,,101.923615,5.995849,7.9757004,101.923615,5.995849,1.1423718,,,,,,,,,,,,,,,,,101.923615,6.085787,0.017713737,101.923615,6.085787,-0.0009626568,,,,,,,,,,,,,,,,,,,,,,,,,,,,,101.923615,6.085787,1.0000001e-07,101.923615,6.085787,7.0,,,,,,,
101.923615,6.0258284,0.0027368735,101.923615,6.0258284,0.0010114532,,,,,,,,,,,,,,,,,,,,,,,,,,,,,,,,,,,,,,,,,,,,,,,,,,,,,,,,,,,,,101.923615,6.0258284,7.51572,101.923615,6.0258284,1.4473499,,,,,,,,,,,,,,,,,101.923615,6.115766,0.02340389,101.923615,6.115766,0.00087420334,,,,,,,,,,,,,,,,,,,,,,,,,,,,,101.923615,6.115766,1.0000001e-07,101.923615,6.115766,7.0,,,,,,,
101.923615,6.0558076,0.0031236056,101.923615,6.0558076,0.0011155735,,,,,,,,,,,,,,,,,,,,,,,,,,,,,,,,,,,,,,,,,,,,,,,,,,,,,,,,,,,,,101.923615,6.0558076,8.879628,101.923615,6.0558076,1.814521,,,,,,,,,,,,,,,,,101.923615,6.1457453,0.017673155,101.923615,6.1457453,-0.00036475284,,,,,,,,,,,,,,,,,,,,,,,,,,,,,101.923615,6.1457453,1.0000001e-07,101.923615,6.1457453,7.0,,,,,,,
101.923615,6.085787,0.0031236056,101.923615,6.085787,0.00086271006,,,,,,,,,,,,,,,,,,,,,,,,,,,,,,,,,,,,,,,,,,,,,,,,,,,,,,,,,,,,,101.923615,6.085787,8.991988,101.923615,6.085787,0.92529076,,,,,,,,,,,,,,,,,101.923615,6.1757245,0.01809699,101.923615,6.1757245,0.0019480141,,,,,,,,,,,,,,,,,,,,,,,,,,,,,101.923615,6.1757245,1.0000001e-07,101.923615,6.1757245,7.0,,,,,,,
101.923615,6.115766,0.0039268187,101.923615,6.115766,0.0010263275,,,,,,,,,,,,,,,,,,,,,,,,,,,,,,,,,,,,,,,,,,,,,,,,,,,,,,,,,,,,,101.923615,6.115766,11.90387,101.923615,6.115766,1.5242044,,,,,,,,,,,,,,,,,101.923615,6.2057037,0.013748523,101.923615,6.2057037,-0.001456555,,,,,,,,,,,,,,,,,,,,,,,,,,,,,101.923615,6.2057037,1.0000001e-07,101.923615,6.2057037,7.0,,,,,,,
101.923615,6.1457453,0.003093857,101.923615,6.1457453,0.00090733304,,,,,,,,,,,,,,,,,,,,,,,,,,,,,,,,,,,,,,,,,,,,,,,,,,,,,,,,,,,,,101.923615,6.1457453,8.907665,101.923615,6.1457453,1.0669378,,,,,,,,,,,,,,,,,101.923615,6.235683,0.01784262,101.923615,6.235683,0.002731568,,,,,,,,,,,,,,,,,,,,,,,,,,,,,101.923615,6.235683,1.0000001e-07,101.923615,6.235683,7.0,,,,,,,
101.923615,6.1757245,0.003153354,101.923615,6.1757245,0.001145322,,,,,,,,,,,,,,,,,,,,,,,,,,,,,,,,,,,,,,,,,,,,,,,,,,,,,,,,,,,,,101.923615,6.1757245,9.116415,101.923615,6.1757245,1.9323409,,,,,,,,,,,,,,,,,101.923615,6.2656627,0.016103381,101.923615,6.2656627,0.00017926496,,,,,,,,,,,,,,,,,,,,,,,,,,,,,101.923615,6.2656627,1.0000001e-07,101.923615,6.2656627,7.0,,,,,,,
101.923615,6.2057037,0.0025881305,101.923615,6.2057037,0.0007734642,,,,,,,,,,,,,,,,,,,,,,,,,,,,,,,,,,,,,,,,,,,,,,,,,,,,,,,,,,,,,101.923615,6.2057037,6.991199,101.923615,6.2057037,0.6356862,,,,,,,,,,,,,,,,,101.923615,6.295642,0.016455028,101.923615,6.295642,9.581545e-05,,,,,,,,,,,,,,,,,,,,,,,,,,,,,101.923615,6.295642,1.0000001e-07,101.923615,6.295642,7.0,,,,,,,
101.923615,6.235683,0.003064108,101.923615,6.235683,0.0012196936,,,,,,,,,,,,,,,,,,,,,,,,,,,,,,,,,,,,,,,,,,,,,,,,,,,,,,,,,,,,,101.923615,6.235683,8.80145,101.923615,6.235683,2.1930113,,,,,,,,,,,,,,,,,101.923615,6.325621,0.014290554,101.923615,6.325621,0.0019004276,,,,,,,,,,,,,,,,,,,,,,,,,,,,,101.923615,6.325621,1.0000001e-07,101.923615,6.325621,7.0,,,,,,,
101.923615,6.265662,0.0027963705,101.923615,6.265662,0.0010560761,,,,,,,,,,,,,,,,,,,,,,,,,,,,,,,,,,,,,,,,,,,,,,,,,,,,,,,,,,,,,101.923615,6.265662,7.797615,101.923615,6.265662,1.6306225,,,,,,,,,,,,,,,,,101.923615,6.3556004,0.016373312,101.923615,6.3556004,0.00018133513,,,,,,,,,,,,,,,,,,,,,,,,,,,,,101.923615,6.3556004,1.0000001e-07,101.923615,6.3556004,7.0,,,,,,,
101.923615,6.2956414,0.002811245,101.923615,6.2956414,0.0010560763,,,,,,,,,,,,,,,,,,,,,,,,,,,,,,,,,,,,,,,,,,,,,,,,,,,,,,,,,,,,,101.923615,6.2956414,7.8147016,101.923615,6.2956414,1.6173806,,,,,,,,,,,,,,,,,101.923615,6.3855796,0.01308257,101.923615,6.3855796,0.0016903183,,,,,,,,,,,,,,,,,,,,,,,,,,,,,101.923615,6.3855796,1.0000001e-07,101.923615,6.3855796,7.0,,,,,,,
101.923615,6.3256207,0.0025583818,101.923615,6.3256207,0.0011750705,,,,,,,,,,,,,,,,,,,,,,,,,,,,,,,,,,,,,,,,,,,,,,,,,,,,,,,,,,,,,101.923615,6.3256207,6.978538,101.923615,6.3256207,2.0205355,,,,,,,,,,,,,,,,,101.923615,6.415559,0.015410596,101.923615,6.415559,0.0027296494,,,,,,,,,,,,,,,,,,,,,,,,,,,,,101.923615,6.415559,0.05368703,101.923615,6.415559,6.0,,,,,,,
101.923615,6.3556,0.002855868,101.923615,6.3556,0.00093708164,,,,,,,,,,,,,,,,,,,,,,,,,,,,,,,,,,,,,,,,,,,,,,,,,,,,,,,,,,,,,101.923615,6.3556,7.9742804,101.923615,6.3556,1.2028404,,,,,,,,,,,,,,,,,101.923615,6.445538,0.019064238,101.923615,6.445538,0.0011587847,,,,,,,,,,,,,,,,,,,,,,,,,,,,,101.923615,6.445538,1.0000001e-07,101.923615,6.445538,7.0,,,,,,,
101.923615,6.385579,0.0024096386,101.923615,6.385579,0.001100699,,,,,,,,,,,,,,,,,,,,,,,,,,,,,,,,,,,,,,,,,,,,,,,,,,,,,,,,,,,,,101.923615,6.385579,6.4096484,101.923615,6.385579,1.7608532,,,,,,,,,,,,,,,,,101.923615,6.4755173,0.015848376,101.923615,6.4755173,7.871156e-05,,,,,,,,,,,,,,,,,,,,,,,,,,,,,101.923615,6.4755173,1.0000001e-07,101.923615,6.4755173,7.0,,,,,,,
101.923615,6.415559,0.0026476276,101.923615,6.415559,0.0012048192,,,,,,,,,,,,,,,,,,,,,,,,,,,,,,,,,,,,,,,,,,,,,,,,,,,,,,,,,,,,,101.923615,6.415559,7.296999,101.923615,6.415559,2.15345,,,,,,,,,,,,,,,,,101.923615,6.5054965,0.014371925,101.923615,6.5054965,-0.0003385029,,,,,,,,,,,,,,,,,,,,,,,,,,,,,101.923615,6.5054965,1.0000001e-07,101.923615,6.5054965,7.0,,,,,,,
101.923615,6.445538,0.0030789825,101.923615,6.445538,0.0010114532,,,,,,,,,,,,,,,,,,,,,,,,,,,,,,,,,,,,,,,,,,,,,,,,,,,,,,,,,,,,,101.923615,6.445538,8.775111,101.923615,6.445538,1.4583497,,,,,,,,,,,,,,,,,101.923615,6.5354757,0.013176469,101.923615,6.5354757,-0.00011750366,,,,,,,,,,,,,,,,,,,,,,,,,,,,,101.923615,6.5354757,1.0000001e-07,101.923615,6.5354757,7.0,,,,,,,
101.923615,6.4755173,0.0026773764,101.923615,6.4755173,0.0009965788,,,,,,,,,,,,,,,,,,,,,,,,,,,,,,,,,,,,,,,,,,,,,,,,,,,,,,,,,,,,,101.923615,6.4755173,7.333013,101.923615,6.4755173,1.4126258,,,,,,,,,,,,,,,,,101.923615,6.565455,0.01790998,101.923615,6.565455,0.0012334023,,,,,,,,,,,,,,,,,,,,,,,,,,,,,101.923615,6.565455,1.0000001e-07,101.923615,6.565455,7.0,,,,,,,
101.923615,6.5054965,0.0025583818,101.923615,6.5054965,0.00084783573,,,,,,,,,,,,,,,,,,,,,,,,,,,,,,,,,,,,,,,,,,,,,,,,,,,,,,,,,,,,,101.923615,6.5054965,7.0077286,101.923615,6.5054965,0.89037377,,,,,,,,,,,,,,,,,101.923615,6.595434,0.022008138,101.923615,6.595434,0.00021166395,,,,,,,,,,,,,,,,,,,,,,,,,,,,,101.923615,6.595434,1.0000001e-07,101.923615,6.595434,7.0,,,,,,,
101.923615,6.5354757,0.0023947642,101.923615,6.5354757,0.000951956,,,,,,,,,,,,,,,,,,,,,,,,,,,,,,,,,,,,,,,,,,,,,,,,,,,,,,,,,,,,,101.923615,6.5354757,6.423921,101.923615,6.5354757,1.2520658,,,,,,,,,,,,,,,,,101.923615,6.6254134,0.016184097,101.923615,6.6254134,0.00035966042,,,,,,,,,,,,,,,,,,,,,,,,,,,,,101.923615,6.6254134,1.0000001e-07,101.923615,6.6254134,7.0,,,,,,,
101.923615,6.565455,0.0027963708,101.923615,6.565455,0.0010858248,,,,,,,,,,,,,,,,,,,,,,,,,,,,,,,,,,,,,,,,,,,,,,,,,,,,,,,,,,,,,101.923615,6.565455,7.8114495,101.923615,6.565455,1.7218183,,,,,,,,,,,,,,,,,101.923615,6.6553926,0.013277976,101.923615,6.6553926,-0.0004831701,,,,,,,,,,,,,,,,,,,,,,,,,,,,,101.923615,6.6553926,1.0000001e-07,101.923615,6.6553926,7.0,,,,,,,
101.923615,6.595434,0.003183103,101.923615,6.595434,0.0009817047,,,,,,,,,,,,,,,,,,,,,,,,,,,,,,,,,,,,,,,,,,,,,,,,,,,,,,,,,,,,,101.923615,6.595434,9.205573,101.923615,6.595434,1.3472608,,,,,,,,,,,,,,,,,101.923615,6.685372,0.011090392,101.923615,6.685372,0.0027627256,,,,,,,,,,,,,,,,,,,,,,,,,,,,,101.923615,6.685372,1.0000001e-07,101.923615,6.685372,7.0,,,,,,,
101.923615,6.6254134,0.0027368737,101.923615,6.6254134,0.00093708164,,,,,,,,,,,,,,,,,,,,,,,,,,,,,,,,,,,,,,,,,,,,,,,,,,,,,,,,,,,,,101.923615,6.6254134,7.6761727,101.923615,6.6254134,1.1962452,,,,,,,,,,,,,,,,,101.923615,6.715351,0.017788664,101.923615,6.715351,0.0017020846,,,,,,,,,,,,,,,,,,,,,,,,,,,,,101.923615,6.715351,1.0000001e-07,101.923615,6.715351,7.0,,,,,,,
101.923615,6.6553926,0.0023798898,101.923615,6.6553926,0.00087758433,,,,,,,,,,,,,,,,,,,,,,,,,,,,,,,,,,,,,,,,,,,,,,,,,,,,,,,,,,,,,101.923615,6.6553926,6.351898,101.923615,6.6553926,0.9934638,,,,,,,,,,,,,,,,,101.923615,6.7453303,0.016480273,101.923615,6.7453303,0.00056630175,,,,,,,,,,,,,,,,,,,,,,,,,,,,,101.923615,6.7453303,1.0000001e-07,101.923615,6.7453303,7.0,,,,,,,
101.923615,6.685372,0.0021865238,101.923615,6.685372,0.0011750706,,,,,,,,,,,,,,,,,,,,,,,,,,,,,,,,,,,,,,,,,,,,,,,,,,,,,,,,,,,,,101.923615,6.685372,5.5985293,101.923615,6.685372,2.0213037,,,,,,,,,,,,,,,,,101.923615,6.7753096,0.01715619,101.923615,6.7753096,0.0018890413,,,,,,,,,,,,,,,,,,,,,,,,,,,,,101.923615,6.7753096,1.0000001e-07,101.923615,6.7753096,7.0,,,,,,,
101.923615,6.715351,0.002766622,101.923615,6.715351,0.0010858248,,,,,,,,,,,,,,,,,,,,,,,,,,,,,,,,,,,,,,,,,,,,,,,,,,,,,,,,,,,,,101.923615,6.715351,7.639362,101.923615,6.715351,1.7411392,,,,,,,,,,,,,,,,,101.923615,6.805289,0.0143344365,101.923615,6.805289,0.0012601212,,,,,,,,,,,,,,,,,,,,,,,,,,,,,101.923615,6.805289,1.0000001e-07,101.923615,6.805289,7.0,,,,,,,
101.923615,6.7453303,0.002632753,101.923615,6.7453303,0.0009817047,,,,,,,,,,,,,,,,,,,,,,,,,,,,,,,,,,,,,,,,,,,,,,,,,,,,,,,,,,,,,101.923615,6.7453303,7.2461743,101.923615,6.7453303,1.3873715,,,,,,,,,,,,,,,,,101.923615,6.835268,0.017850515,101.923615,6.835268,0.0010877039,,,,,,,,,,,,,,,,,,,,,,,,,,,,,101.923615,6.835268,1.0000001e-07,101.923615,6.835268,7.0,,,,,,,
101.923615,6.7753096,0.0026922505,101.923615,6.7753096,0.0011155732,,,,,,,,,,,,,,,,,,,,,,,,,,,,,,,,,,,,,,,,,,,,,,,,,,,,,,,,,,,,,101.923615,6.7753096,7.452619,101.923615,6.7753096,1.8489429,,,,,,,,,,,,,,,,,101.923615,6.8652472,0.015324641,101.923615,6.8652472,0.00010993997,,,,,,,,,,,,,,,,,,,,,,,,,,,,,101.923615,6.8652472,1.0000001e-07,101.923615,6.8652472,7.0,,,,,,,
101.923615,6.805289,0.0023203928,101.923615,6.805289,0.0011006991,,,,,,,,,,,,,,,,,,,,,,,,,,,,,,,,,,,,,,,,,,,,,,,,,,,,,,,,,,,,,101.923615,6.805289,6.1541977,101.923615,6.805289,1.7494569,,,,,,,,,,,,,,,,,101.923615,6.8952265,0.02037236,101.923615,6.8952265,0.0005884808,,,,,,,,,,,,,,,,,,,,,,,,,,,,,101.923615,6.8952265,1.0000001e-07,101.923615,6.8952265,7.0,,,,,,,
101.923615,6.835268,0.0026773764,101.923615,6.835268,0.0010114531,,,,,,,,,,,,,,,,,,,,,,,,,,,,,,,,,,,,,,,,,,,,,,,,,,,,,,,,,,,,,101.923615,6.835268,7.3331394,101.923615,6.835268,1.4550235,,,,,,,,,,,,,,,,,101.923615,6.9252057,0.014741447,101.923615,6.9252057,0.0018465915,,,,,,,,,,,,,,,,,,,,,,,,,,,,,101.923615,6.9252057,1.0000001e-07,101.923615,6.9252057,7.0,,,,,,,
101.923615,6.8652472,0.002469136,101.923615,6.8652472,0.00087758445,,,,,,,,,,,,,,,,,,,,,,,,,,,,,,,,,,,,,,,,,,,,,,,,,,,,,,,,,,,,,101.923615,6.8652472,6.6314707,101.923615,6.8652472,1.002852,,,,,,,,,,,,,,,,,101.923615,6.955185,0.0145579325,101.923615,6.955185,0.0015368058,,,,,,,,,,,,,,,,,,,,,,,,,,,,,101.923615,6.955185,1.0000001e-07,101.923615,6.955185,7.0,,,,,,,
101.923615,6.8952265,0.002855868,101.923615,6.8952265,0.00092220743,,,,,,,,,,,,,,,,,,,,,,,,,,,,,,,,,,,,,,,,,,,,,,,,,,,,,,,,,,,,,101.923615,6.8952265,8.04856,101.923615,6.8952265,1.1687557,,,,,,,,,,,,,,,,,101.923615,6.985164,0.01699099,101.923615,6.985164,0.0028445018,,,,,,,,,,,,,,,,,,,,,,,,,,,,,101.923615,6.985164,1.0000001e-07,101.923615,6.985164,7.0,,,,,,,
101.923615,6.9252057,0.0023203928,101.923615,6.9252057,0.0011750706,,,,,,,,,,,,,,,,,,,,,,,,,,,,,,,,,,,,,,,,,,,,,,,,,,,,,,,,,,,,,101.923615,6.9252057,6.0743804,101.923615,6.9252057,2.0157347,,,,,,,,,,,,,,,,,101.923615,7.0151434,0.01615031,101.923615,7.0151434,0.001350247,,,,,,,,,,,,,,,,,,,,,,,,,,,,,101.923615,7.0151434,1.0000001e-07,101.923615,7.0151434,7.0,,,,,,,
101.923615,6.955185,0.0022608954,101.923615,6.955185,0.0011304477,,,,,,,,,,,,,,,,,,,,,,,,,,,,,,,,,,,,,,,,,,,,,,,,,,,,,,,,,,,,,101.923615,6.955185,5.877183,101.923615,6.955185,1.8643878,,,,,,,,,,,,,,,,,101.923615,7.0451226,0.015416984,101.923615,7.0451226,-0.0012157328,,,,,,,,,,,,,,,,,,,,,,,,,,,,,101.923615,7.0451226,1.0000001e-07,101.923615,7.0451226,7.0,,,,,,,
101.923615,6.985164,0.0024542613,101.923615,6.985164,0.0010709505,,,,,,,,,,,,,,,,,,,,,,,,,,,,,,,,,,,,,,,,,,,,,,,,,,,,,,,,,,,,,101.923615,6.985164,6.5446715,101.923615,6.985164,1.6883354,,,,,,,,,,,,,,,,,101.923615,7.0751023,0.02130585,101.923615,7.0751023,0.0021304628,,,,,,,,,,,,,,,,,,,,,,,,,,,,,101.923615,7.0751023,1.0000001e-07,101.923615,7.0751023,7.0,,,,,,,
101.923615,7.0151434,0.0023947642,101.923615,7.0151434,0.0010114531,,,,,,,,,,,,,,,,,,,,,,,,,,,,,,,,,,,,,,,,,,,,,,,,,,,,,,,,,,,,,101.923615,7.0151434,6.2877874,101.923615,7.0151434,1.4653735,,,,,,,,,,,,,,,,,101.923615,7.1050816,0.021621354,101.923615,7.1050816,0.003667949,,,,,,,,,,,,,,,,,,,,,,,,,,,,,101.923615,7.1050816,1.0000001e-07,101.923615,7.1050816,7.0,,,,,,,
101.923615,7.0451226,0.0023501413,101.923615,7.0451226,0.00080321287,,,,,,,,,,,,,,,,,,,,,,,,,,,,,,,,,,,,,,,,,,,,,,,,,,,,,,,,,,,,,101.923615,7.0451226,6.222974,101.923615,7.0451226,0.71935654,,,,,,,,,,,,,,,,,101.923615,7.135061,0.02719206,101.923615,7.135061,0.0046039107,,,,,,,,,,,,,,,,,,,,,,,,,,,,,101.923615,7.135061,1.0000001e-07,101.923615,7.135061,7.0,,,,,,,
101.923615,7.075102,0.0028409932,101.923615,7.075102,0.0010858248,,,,,,,,,,,,,,,,,,,,,,,,,,,,,,,,,,,,,,,,,,,,,,,,,,,,,,,,,,,,,101.923615,7.075102,7.9639487,101.923615,7.075102,1.7504101,,,,,,,,,,,,,,,,,101.923615,7.16504,0.028248915,101.923615,7.16504,0.0031475732,,,,,,,,,,,,,,,,,,,,,,,,,,,,,101.923615,7.16504,1.0000001e-07,101.923615,7.16504,7.0,,,,,,,
101.923615,7.105081,0.0028409937,101.923615,7.105081,0.0012048192,,,,,,,,,,,,,,,,,,,,,,,,,,,,,,,,,,,,,,,,,,,,,,,,,,,,,,,,,,,,,101.923615,7.105081,7.923975,101.923615,7.105081,2.1313546,,,,,,,,,,,,,,,,,101.923615,7.1950192,0.020235946,101.923615,7.1950192,0.00066159427,,,,,,,,,,,,,,,,,,,,,,,,,,,,,101.923615,7.1950192,1.0000001e-07,101.923615,7.1950192,7.0,,,,,,,
101.923615,7.1350603,0.0033615946,101.923615,7.1350603,0.001234568,,,,,,,,,,,,,,,,,,,,,,,,,,,,,,,,,,,,,,,,,,,,,,,,,,,,,,,,,,,,,101.923615,7.1350603,9.817407,101.923615,7.1350603,2.2158258,,,,,,,,,,,,,,,,,101.923615,7.2249985,0.02600476,101.923615,7.2249985,0.0027798442,,,,,,,,,,,,,,,,,,,,,,,,,,,,,101.923615,7.2249985,1.0000001e-07,101.923615,7.2249985,7.0,,,,,,,
101.923615,7.1650395,0.003331846,101.923615,7.1650395,0.0011899449,,,,,,,,,,,,,,,,,,,,,,,,,,,,,,,,,,,,,,,,,,,,,,,,,,,,,,,,,,,,,101.923615,7.1650395,9.631578,101.923615,7.1650395,2.0778246,,,,,,,,,,,,,,,,,101.923615,7.2549777,0.05506696,101.923615,7.2549777,0.0035408027,,,,,,,,,,,,,,,,,,,,,,,,,,,,,101.923615,7.2549777,1.0000001e-07,101.923615,7.2549777,7.0,,,,,,,
101.923615,7.195019,0.0026922505,101.923615,7.195019,0.0009668303,,,,,,,,,,,,,,,,,,,,,,,,,,,,,,,,,,,,,,,,,,,,,,,,,,,,,,,,,,,,,101.923615,7.195019,7.415514,101.923615,7.195019,1.3004956,,,,,,,,,,,,,,,,,101.923615,7.284957,0.01928706,101.923615,7.284957,0.00037215534,,,,,,,,,,,,,,,,,,,,,,,,,,,,,101.923615,7.284957,1.0000001e-07,101.923615,7.284957,7.0,,,,,,,
101.923615,7.224998,0.003183103,101.923615,7.224998,0.0011155735,,,,,,,,,,,,,,,,,,,,,,,,,,,,,,,,,,,,,,,,,,,,,,,,,,,,,,,,,,,,,101.923615,7.224998,9.214995,101.923615,7.224998,1.8067136,,,,,,,,,,,,,,,,,101.923615,7.314936,0.044531774,101.923615,7.314936,0.0023134705,,,,,,,,,,,,,,,,,,,,,,,,,,,,,101.923615,7.314936,1.0000001e-07,101.923615,7.314936,7.0,,,,,,,
101.923615,7.2549777,0.00551837,101.923615,7.2549777,0.0012345678,,,,,,,,,,,,,,,,,,,,,,,,,,,,,,,,,,,,,,,,,,,,,,,,,,,,,,,,,,,,,101.923615,7.2549777,17.479084,101.923615,7.2549777,2.2237132,,,,,,,,,,,,,,,,,101.923615,7.3449154,0.05479119,101.923615,7.3449154,0.0021730503,,,,,,,,,,,,,,,,,,,,,,,,,,,,,101.923615,7.3449154,1.0000001e-07,101.923615,7.3449154,7.0,,,,,,,
101.923615,7.284957,0.0026030047,101.923615,7.284957,0.0009222073,,,,,,,,,,,,,,,,,,,,,,,,,,,,,,,,,,,,,,,,,,,,,,,,,,,,,,,,,,,,,101.923615,7.284957,7.1011944,101.923615,7.284957,1.140648,,,,,,,,,,,,,,,,,101.923615,7.3748946,0.10981092,101.923615,7.3748946,0.0041710977,,,,,,,,,,,,,,,,,,,,,,,,,,,,,101.923615,7.3748946,1.0000001e-07,101.923615,7.3748946,7.0,,,,,,,
101.923615,7.314936,0.004685408,101.923615,7.314936,0.0010114532,,,,,,,,,,,,,,,,,,,,,,,,,,,,,,,,,,,,,,,,,,,,,,,,,,,,,,,,,,,,,101.923615,7.314936,14.516399,101.923615,7.314936,1.4396129,,,,,,,,,,,,,,,,,101.923615,7.404874,0.33966008,101.923615,7.404874,0.009096341,,,,,,,,,,,,,,,,,,,,,,,,,,,,,101.923615,7.404874,0.0025419747,101.923615,7.404874,0.0,,,,,,,
101.923615,7.3449154,0.005443998,101.923615,7.3449154,0.0010114531,,,,,,,,,,,,,,,,,,,,,,,,,,,,,,,,,,,,,,,,,,,,,,,,,,,,,,,,,,,,,101.923615,7.3449154,17.140978,101.923615,7.3449154,1.4591417,,,,,,,,,,,,,,,,,101.923615,7.434853,0.64002395,101.923615,7.434853,0.01669494,,,,,,,,,,,,,,,,,,,,,,,,,,,,,101.923615,7.434853,0.0059622703,101.923615,7.434853,0.0,,,,,,,
101.923615,7.3748946,0.009906292,101.923615,7.3748946,0.0012345678,,,,,,,,,,,,,,,,,,,,,,,,,,,,,,,,,,,,,,,,,,,,,,,,,,,,,,,,,,,,,101.923615,7.3748946,32.88008,101.923615,7.3748946,2.2152262,,,,,,,,,,,,,,,,,101.923615,7.4648323,0.8031981,101.923615,7.4648323,0.02572184,,,,,,,,,,,,,,,,,,,,,,,,,,,,,101.923615,7.4648323,0.009577748,101.923615,7.4648323,0.0,,,,,,,
101.923615,7.404874,0.028647922,101.923615,7.404874,0.0016212999,,,,,,,,,,,,,,,,,,,,,,,,,,,,,,,,,,,,,,,,,,,,,,,,,,,,,,,,,,,,,101.923615,7.404874,99.706024,101.923615,7.404874,3.5286007,,,,,,,,,,,,,,,,,101.923615,7.4948115,1.0124992,101.923615,7.4948115,0.033189476,,,,,,,,,,,,,,,,,,,,,,,,,,,,,101.923615,7.4948115,0.019386314,101.923615,7.4948115,0.0,,,,,,,
101.923615,7.434853,0.052714556,101.923615,7.434853,0.0022013981,,,,,,,,,,,,,,,,,,,,,,,,,,,,,,,,,,,,,,,,,,,,,,,,,,,,,,,,,,,,,101.923615,7.434853,187.99014,101.923615,7.434853,5.542287,,,,,,,,,,,,,,,,,101.923615,7.524791,1.3652263,101.923615,7.524791,0.05094808,,,,,,,,,,,,,,,,,,,,,,,,,,,,,101.923615,7.524791,0.025770606,101.923615,7.524791,0.0,,,,,,,
101.923615,7.4648323,0.06544697,101.923615,7.4648323,0.0029897364,,,,,,,,,,,,,,,,,,,,,,,,,,,,,,,,,,,,,,,,,,,,,,,,,,,,,,,,,,,,,101.923615,7.4648323,235.86014,101.923615,7.4648323,8.398119,,,,,,,,,,,,,,,,,101.923615,7.55477,1.585156,101.923615,7.55477,0.06039674,,,,,,,,,,,,,,,,,,,,,,,,,,,,,101.923615,7.55477,0.023500783,101.923615,7.55477,0.0,,,,,,,
101.923615,7.4948115,0.08171947,101.923615,7.4948115,0.0035549605,,,,,,,,,,,,,,,,,,,,,,,,,,,,,,,,,,,,,,,,,,,,,,,,,,,,,,,,,,,,,101.923615,7.4948115,294.76108,101.923615,7.4948115,10.351892,,,,,,,,,,,,,,,,,101.923615,7.584749,1.4215165,101.923615,7.584749,0.06934713,,,,,,,,,,,,,,,,,,,,,,,,,,,,,101.923615,7.584749,0.037058946,101.923615,7.584749,0.0,,,,,,,
101.923615,7.524791,0.109117955,101.923615,7.524791,0.004923397,,,,,,,,,,,,,,,,,,,,,,,,,,,,,,,,,,,,,,,,,,,,,,,,,,,,,,,,,,,,,101.923615,7.524791,393.5203,101.923615,7.524791,14.986384,,,,,,,,,,,,,,,,,101.923615,7.6147285,1.1448947,101.923615,7.6147285,0.06920823,,,,,,,,,,,,,,,,,,,,,,,,,,,,,101.923615,7.6147285,0.053629946,101.923615,7.6147285,0.0,,,,,,,
101.923615,7.55477,0.12556893,101.923615,7.55477,0.005711736,,,,,,,,,,,,,,,,,,,,,,,,,,,,,,,,,,,,,,,,,,,,,,,,,,,,,,,,,,,,,101.923615,7.55477,449.91827,101.923615,7.55477,17.752565,,,,,,,,,,,,,,,,,101.923615,7.6447077,0.9436034,101.923615,7.6447077,0.051087856,,,,,,,,,,,,,,,,,,,,,,,,,,,,,101.923615,7.6447077,0.04593149,101.923615,7.6447077,0.0,,,,,,,
101.923615,7.584749,0.111765586,101.923615,7.584749,0.0063215825,,,,,,,,,,,,,,,,,,,,,,,,,,,,,,,,,,,,,,,,,,,,,,,,,,,,,,,,,,,,,101.923615,7.584749,396.78116,101.923615,7.584749,19.774147,,,,,,,,,,,,,,,,,101.923615,7.674687,0.97327393,101.923615,7.674687,0.056632683,,,,,,,,,,,,,,,,,,,,,,,,,,,,,101.923615,7.674687,0.04751174,101.923615,7.674687,0.0,,,,,,,
101.923615,7.6147285,0.08942436,101.923615,7.6147285,0.0063215825,,,,,,,,,,,,,,,,,,,,,,,,,,,,,,,,,,,,,,,,,,,,,,,,,,,,,,,,,,,,,101.923615,7.6147285,315.6143,101.923615,7.6147285,19.710007,,,,,,,,,,,,,,,,,101.923615,7.704666,0.7165158,101.923615,7.704666,0.041843086,,,,,,,,,,,,,,,,,,,,,,,,,,,,,101.923615,7.704666,0.033804696,101.923615,7.704666,0.0,,,,,,,
101.923615,7.6447077,0.073211364,101.923615,7.6447077,0.004849026,,,,,,,,,,,,,,,,,,,,,,,,,,,,,,,,,,,,,,,,,,,,,,,,,,,,,,,,,,,,,101.923615,7.6447077,253.9851,101.923615,7.6447077,14.619058,,,,,,,,,,,,,,,,,101.923615,7.7346454,0.51432747,101.923615,7.7346454,0.025582882,,,,,,,,,,,,,,,,,,,,,,,,,,,,,101.923615,7.7346454,0.011976353,101.923615,7.7346454,0.0,,,,,,,
101.923615,7.674687,0.074936785,101.923615,7.674687,0.0052060094,,,,,,,,,,,,,,,,,,,,,,,,,,,,,,,,,,,,,,,,,,,,,,,,,,,,,,,,,,,,,101.923615,7.674687,256.37408,101.923615,7.674687,15.964155,,,,,,,,,,,,,,,,,101.923615,7.7646246,0.4643195,101.923615,7.7646246,0.021709912,,,,,,,,,,,,,,,,,,,,,,,,,,,,,101.923615,7.7646246,0.011128721,101.923615,7.7646246,0.0,,,,,,,
101.923615,7.704666,0.054945704,101.923615,7.704666,0.0040309387,,,,,,,,,,,,,,,,,,,,,,,,,,,,,,,,,,,,,,,,,,,,,,,,,,,,,,,,,,,,,101.923615,7.704666,187.72455,101.923615,7.704666,12.013146,,,,,,,,,,,,,,,,,101.923615,7.794604,0.40314686,101.923615,7.794604,0.01864522,,,,,,,,,,,,,,,,,,,,,,,,,,,,,101.923615,7.794604,0.016659908,101.923615,7.794604,0.0,,,,,,,
101.923615,7.7346454,0.03938718,101.923615,7.7346454,0.0028112452,,,,,,,,,,,,,,,,,,,,,,,,,,,,,,,,,,,,,,,,,,,,,,,,,,,,,,,,,,,,,101.923615,7.7346454,134.99895,101.923615,7.7346454,7.7412863,,,,,,,,,,,,,,,,,101.923615,7.824583,0.24700594,101.923615,7.824583,0.014085401,,,,,,,,,,,,,,,,,,,,,,,,,,,,,101.923615,7.824583,0.014743055,101.923615,7.824583,0.0,,,,,,,
101.923615,7.7646246,0.03538599,101.923615,7.7646246,0.0025137586,,,,,,,,,,,,,,,,,,,,,,,,,,,,,,,,,,,,,,,,,,,,,,,,,,,,,,,,,,,,,101.923615,7.7646246,121.753746,101.923615,7.7646246,6.695707,,,,,,,,,,,,,,,,,101.923615,7.8545623,0.095973976,101.923615,7.8545623,0.0055746925,,,,,,,,,,,,,,,,,,,,,,,,,,,,,101.923615,7.8545623,0.008354888,101.923615,7.8545623,0.0,,,,,,,
101.923615,7.794604,0.030685706,101.923615,7.794604,0.0021567754,,,,,,,,,,,,,,,,,,,,,,,,,,,,,,,,,,,,,,,,,,,,,,,,,,,,,,,,,,,,,101.923615,7.794604,105.971634,101.923615,7.794604,5.4228797,,,,,,,,,,,,,,,,,101.923615,7.8845415,0.036217008,101.923615,7.8845415,0.0004243713,,,,,,,,,,,,,,,,,,,,,,,,,,,,,101.923615,7.8845415,1.0000001e-07,101.923615,7.8845415,7.0,,,,,,,
101.923615,7.824583,0.018979622,101.923615,7.824583,0.0018890376,,,,,,,,,,,,,,,,,,,,,,,,,,,,,,,,,,,,,,,,,,,,,,,,,,,,,,,,,,,,,101.923615,7.824583,65.39502,101.923615,7.824583,4.4554176,,,,,,,,,,,,,,,,,101.923615,7.914521,0.017369844,101.923615,7.914521,0.0012400071,,,,,,,,,,,,,,,,,,,,,,,,,,,,,101.923615,7.914521,1.0000001e-07,101.923615,7.914521,7.0,,,,,,,
101.923615,7.8545623,0.007868511,101.923615,7.8545623,0.001294065,,,,,,,,,,,,,,,,,,,,,,,,,,,,,,,,,,,,,,,,,,,,,,,,,,,,,,,,,,,,,101.923615,7.8545623,25.75613,101.923615,7.8545623,2.3911085,,,,,,,,,,,,,,,,,101.923615,7.9445004,0.05501307,101.923615,7.9445004,0.0010559021,,,,,,,,,,,,,,,,,,,,,,,,,,,,,101.923615,7.9445004,1.0000001e-07,101.923615,7.9445004,7.0,,,,,,,
101.923615,7.8845415,0.0035400863,101.923615,7.8845415,0.00086271006,,,,,,,,,,,,,,,,,,,,,,,,,,,,,,,,,,,,,,,,,,,,,,,,,,,,,,,,,,,,,101.923615,7.8845415,10.44354,101.923615,7.8845415,0.9302947,,,,,,,,,,,,,,,,,101.923615,7.9744797,0.12138017,101.923615,7.9744797,0.0030449787,,,,,,,,,,,,,,,,,,,,,,,,,,,,,101.923615,7.9744797,1.0000001e-07,101.923615,7.9744797,7.0,,,,,,,
101.923615,7.9145207,0.0021270267,101.923615,7.9145207,0.0009817046,,,,,,,,,,,,,,,,,,,,,,,,,,,,,,,,,,,,,,,,,,,,,,,,,,,,,,,,,,,,,101.923615,7.9145207,5.32691,101.923615,7.9145207,1.3671395,,,,,,,,,,,,,,,,,101.923615,8.004458,0.13699667,101.923615,8.004458,0.0011308582,,,,,,,,,,,,,,,,,,,,,,,,,,,,,101.923615,8.004458,1.0000001e-07,101.923615,8.004458,7.0,,,,,,,
101.923615,7.9445,0.0048639,101.923615,7.9445,0.0008924587,,,,,,,,,,,,,,,,,,,,,,,,,,,,,,,,,,,,,,,,,,,,,,,,,,,,,,,,,,,,,101.923615,7.9445,14.65041,101.923615,7.9445,1.0196992,,,,,,,,,,,,,,,,,101.923615,8.034438,0.15038563,101.923615,8.034438,0.0012654354,,,,,,,,,,,,,,,,,,,,,,,,,,,,,101.923615,8.034438,1.0000001e-07,101.923615,8.034438,7.0,,,,,,,
101.923615,7.974479,0.009474936,101.923615,7.974479,0.0010560761,,,,,,,,,,,,,,,,,,,,,,,,,,,,,,,,,,,,,,,,,,,,,,,,,,,,,,,,,,,,,101.923615,7.974479,30.088057,101.923615,7.974479,1.626966,,,,,,,,,,,,,,,,,101.923615,8.064417,0.40575045,101.923615,8.064417,0.012106144,,,,,,,,,,,,,,,,,,,,,,,,,,,,,101.923615,8.064417,0.0059014615,101.923615,8.064417,0.0,,,,,,,
101.923615,8.004458,0.01048639,101.923615,8.004458,0.00093708164,,,,,,,,,,,,,,,,,,,,,,,,,,,,,,,,,,,,,,,,,,,,,,,,,,,,,,,,,,,,,101.923615,8.004458,35.13285,101.923615,8.004458,1.1883184,,,,,,,,,,,,,,,,,101.923615,8.094397,0.20600694,101.923615,8.094397,0.003665905,,,,,,,,,,,,,,,,,,,,,,,,,,,,,101.923615,8.094397,1.0000001e-07,101.923615,8.094397,7.0,,,,,,,
101.923615,8.034438,0.011289602,101.923615,8.034438,0.00092220743,,,,,,,,,,,,,,,,,,,,,,,,,,,,,,,,,,,,,,,,,,,,,,,,,,,,,,,,,,,,,101.923615,8.034438,36.74987,101.923615,8.034438,1.1334687,,,,,,,,,,,,,,,,,101.923615,8.124375,0.14292888,101.923615,8.124375,0.0025806343,,,,,,,,,,,,,,,,,,,,,,,,,,,,,101.923615,8.124375,1.0000001e-07,101.923615,8.124375,7.0,,,,,,,
101.923615,8.064417,0.02891566,101.923615,8.064417,0.0015915512,,,,,,,,,,,,,,,,,,,,,,,,,,,,,,,,,,,,,,,,,,,,,,,,,,,,,,,,,,,,,101.923615,8.064417,94.01004,101.923615,8.064417,3.4435596,,,,,,,,,,,,,,,,,101.923615,8.154355,0.18971653,101.923615,8.154355,0.0086670425,,,,,,,,,,,,,,,,,,,,,,,,,,,,,101.923615,8.154355,0.0058839,101.923615,8.154355,0.0,,,,,,,
101.923615,8.094397,0.014993306,101.923615,8.094397,0.0010114532,,,,,,,,,,,,,,,,,,,,,,,,,,,,,,,,,,,,,,,,,,,,,,,,,,,,,,,,,,,,,101.923615,8.094397,48.194813,101.923615,8.094397,1.4394435,,,,,,,,,,,,,,,,,101.923615,8.184334,0.12132689,101.923615,8.184334,0.0110303145,,,,,,,,,,,,,,,,,,,,,,,,,,,,,101.923615,8.184334,0.009455845,101.923615,8.184334,0.0,,,,,,,
101.923615,8.124375,0.010605384,101.923615,8.124375,0.0009073329,,,,,,,,,,,,,,,,,,,,,,,,,,,,,,,,,,,,,,,,,,,,,,,,,,,,,,,,,,,,,101.923615,8.124375,33.255077,101.923615,8.124375,1.1020215,,,,,,,,,,,,,,,,,101.923615,8.2143135,0.06632782,101.923615,8.2143135,0.005640086,,,,,,,,,,,,,,,,,,,,,,,,,,,,,101.923615,8.2143135,0.010761813,101.923615,8.2143135,0.0,,,,,,,
101.923615,8.154355,0.013699242,101.923615,8.154355,0.0013981854,,,,,,,,,,,,,,,,,,,,,,,,,,,,,,,,,,,,,,,,,,,,,,,,,,,,,,,,,,,,,101.923615,8.154355,42.58087,101.923615,8.154355,2.7603612,,,,,,,,,,,,,,,,,101.923615,8.244292,0.017536094,101.923615,8.244292,0.0027377368,,,,,,,,,,,,,,,,,,,,,,,,,,,,,101.923615,8.244292,0.021060714,101.923615,8.244292,0.0,,,,,,,
101.923615,8.184334,0.009043583,101.923615,8.184334,0.0015766771,,,,,,,,,,,,,,,,,,,,,,,,,,,,,,,,,,,,,,,,,,,,,,,,,,,,,,,,,,,,,101.923615,8.184334,27.346745,101.923615,8.184334,3.3415546,,,,,,,,,,,,,,,,,101.923615,8.274272,0.009494708,101.923615,8.274272,0.0031568664,,,,,,,,,,,,,,,,,,,,,,,,,,,,,101.923615,8.274272,1.0000001e-07,101.923615,8.274272,7.0,,,,,,,
101.923615,8.2143135,0.00531013,101.923615,8.2143135,0.0012643165,,,,,,,,,,,,,,,,,,,,,,,,,,,,,,,,,,,,,,,,,,,,,,,,,,,,,,,,,,,,,101.923615,8.2143135,15.45871,101.923615,8.2143135,2.2812524,,,,,,,,,,,,,,,,,101.923615,8.304251,0.0034250717,101.923615,8.304251,0.00067761587,,,,,,,,,,,,,,,,,,,,,,,,,,,,,101.923615,8.304251,1.0000001e-07,101.923615,8.304251,7.0,,,,,,,
101.923615,8.244292,0.001993158,101.923615,8.244292,0.0010412019,,,,,,,,,,,,,,,,,,,,,,,,,,,,,,,,,,,,,,,,,,,,,,,,,,,,,,,,,,,,,101.923615,8.244292,4.5623617,101.923615,8.244292,1.5257894,,,,,,,,,,,,,,,,,101.923615,8.33423,0.002640303,101.923615,8.33423,-0.0009550797,,,,,,,,,,,,,,,,,,,,,,,,,,,,,101.923615,8.33423,1.0000001e-07,101.923615,8.33423,7.0,,,,,,,
101.923615,8.274272,0.0015469283,101.923615,8.274272,0.0009817046,,,,,,,,,,,,,,,,,,,,,,,,,,,,,,,,,,,,,,,,,,,,,,,,,,,,,,,,,,,,,101.923615,8.274272,3.249881,101.923615,8.274272,1.3426929,,,,,,,,,,,,,,,,,101.923615,8.36421,-0.00093013485,101.923615,8.36421,0.0035523726,,,,,,,,,,,,,,,,,,,,,,,,,,,,,101.923615,8.36421,1.0000001e-07,101.923615,8.36421,7.0,,,,,,,
101.923615,8.304251,0.0010560761,101.923615,8.304251,0.00087758433,,,,,,,,,,,,,,,,,,,,,,,,,,,,,,,,,,,,,,,,,,,,,,,,,,,,,,,,,,,,,101.923615,8.304251,1.6668383,101.923615,8.304251,0.9835731,,,,,,,,,,,,,,,,,101.923615,8.394189,0.0021096626,101.923615,8.394189,-0.0021672668,,,,,,,,,,,,,,,,,,,,,,,,,,,,,101.923615,8.394189,1.0000001e-07,101.923615,8.394189,7.0,,,,,,,
101.923615,8.33423,0.0010560761,101.923615,8.33423,0.00084783573,,,,,,,,,,,,,,,,,,,,,,,,,,,,,,,,,,,,,,,,,,,,,,,,,,,,,,,,,,,,,101.923615,8.33423,1.6240466,101.923615,8.33423,0.89967865,,,,,,,,,,,,,,,,,101.923615,8.424169,0.0032750228,101.923615,8.424169,-1.5112203e-05,,,,,,,,,,,,,,,,,,,,,,,,,,,,,101.923615,8.424169,1.0000001e-07,101.923615,8.424169,7.0,,,,,,,
101.923615,8.364209,0.0007883386,101.923615,8.364209,0.0010114532,,,,,,,,,,,,,,,,,,,,,,,,,,,,,,,,,,,,,,,,,,,,,,,,,,,,,,,,,,,,,101.923615,8.364209,0.6593473,101.923615,8.364209,1.4681585,,,,,,,,,,,,,,,,,101.923615,8.454147,-0.00017989769,101.923615,8.454147,0.002676801,,,,,,,,,,,,,,,,,,,,,,,,,,,,,101.923615,8.454147,1.0000001e-07,101.923615,8.454147,7.0,,,,,,,
101.923615,8.394189,0.000996579,101.923615,8.394189,0.00066934404,,,,,,,,,,,,,,,,,,,,,,,,,,,,,,,,,,,,,,,,,,,,,,,,,,,,,,,,,,,,,101.923615,8.394189,1.4842916,101.923615,8.394189,0.27088812,,,,,,,,,,,,,,,,,101.923615,8.484127,0.0036092442,101.923615,8.484127,0.0014578836,,,,,,,,,,,,,,,,,,,,,,,,,,,,,101.923615,8.484127,1.0000001e-07,101.923615,8.484127,7.0,,,,,,,
101.923615,8.424168,0.0010412018,101.923615,8.424168,0.00083296146,,,,,,,,,,,,,,,,,,,,,,,,,,,,,,,,,,,,,,,,,,,,,,,,,,,,,,,,,,,,,101.923615,8.424168,1.5465329,101.923615,8.424168,0.8335642,,,,,,,,,,,,,,,,,101.923615,8.514106,0.00014205782,101.923615,8.514106,-0.00042265008,,,,,,,,,,,,,,,,,,,,,,,,,,,,,101.923615,8.514106,1.0000001e-07,101.923615,8.514106,7.0,,,,,,,
101.923615,8.454147,0.0008478358,101.923615,8.454147,0.0008924587,,,,,,,,,,,,,,,,,,,,,,,,,,,,,,,,,,,,,,,,,,,,,,,,,,,,,,,,,,,,,101.923615,8.454147,0.9280465,101.923615,8.454147,1.0358846,,,,,,,,,,,,,,,,,101.923615,8.5440855,-0.00076163106,101.923615,8.5440855,-0.00051919493,,,,,,,,,,,,,,,,,,,,,,,,,,,,,101.923615,8.5440855,1.0000001e-07,101.923615,8.5440855,7.0,,,,,,,
101.923615,8.484126,0.001100699,101.923615,8.484126,0.00086271006,,,,,,,,,,,,,,,,,,,,,,,,,,,,,,,,,,,,,,,,,,,,,,,,,,,,,,,,,,,,,101.923615,8.484126,1.8125005,101.923615,8.484126,0.94227624,,,,,,,,,,,,,,,,,101.923615,8.574064,0.0023434446,101.923615,8.574064,0.0009717228,,,,,,,,,,,,,,,,,,,,,,,,,,,,,101.923615,8.574064,1.0000001e-07,101.923615,8.574064,7.0,,,,,,,
101.923615,8.514106,0.00081808714,101.923615,8.514106,0.00078833854,,,,,,,,,,,,,,,,,,,,,,,,,,,,,,,,,,,,,,,,,,,,,,,,,,,,,,,,,,,,,101.923615,8.514106,0.78049165,101.923615,8.514106,0.7001126,,,,,,,,,,,,,,,,,101.923615,8.604044,-0.002786232,101.923615,8.604044,0.001839449,,,,,,,,,,,,,,,,,,,,,,,,,,,,,101.923615,8.604044,1.0000001e-07,101.923615,8.604044,7.0,,,,,,,
101.923615,8.5440855,0.00086271006,101.923615,8.5440855,0.0007139669,,,,,,,,,,,,,,,,,,,,,,,,,,,,,,,,,,,,,,,,,,,,,,,,,,,,,,,,,,,,,101.923615,8.5440855,0.9711282,101.923615,8.5440855,0.431449,,,,,,,,,,,,,,,,,101.923615,8.634023,0.00049655593,101.923615,8.634023,0.0031010222,,,,,,,,,,,,,,,,,,,,,,,,,,,,,101.923615,8.634023,1.0000001e-07,101.923615,8.634023,7.0,,,,,,,
101.923615,8.574064,0.0010263275,101.923615,8.574064,0.0009073329,,,,,,,,,,,,,,,,,,,,,,,,,,,,,,,,,,,,,,,,,,,,,,,,,,,,,,,,,,,,,101.923615,8.574064,1.5349433,101.923615,8.574064,1.1055348,,,,,,,,,,,,,,,,,101.923615,8.664002,0.0026485138,101.923615,8.664002,-0.0005818587,,,,,,,,,,,,,,,,,,,,,,,,,,,,,101.923615,8.664002,1.0000001e-07,101.923615,8.664002,7.0,,,,,,,
101.923615,8.604044,0.0006693441,101.923615,8.604044,0.00084783573,,,,,,,,,,,,,,,,,,,,,,,,,,,,,,,,,,,,,,,,,,,,,,,,,,,,,,,,,,,,,101.923615,8.604044,0.24609701,101.923615,8.604044,0.9137614,,,,,,,,,,,,,,,,,101.923615,8.693981,0.0023392423,101.923615,8.693981,-0.0029145097,,,,,,,,,,,,,,,,,,,,,,,,,,,,,101.923615,8.693981,1.0000001e-07,101.923615,8.693981,7.0,,,,,,,
101.923615,8.634023,0.00087758445,101.923615,8.634023,0.0009817047,,,,,,,,,,,,,,,,,,,,,,,,,,,,,,,,,,,,,,,,,,,,,,,,,,,,,,,,,,,,,101.923615,8.634023,0.98644954,101.923615,8.634023,1.3671058,,,,,,,,,,,,,,,,,101.923615,8.723961,0.00024257261,101.923615,8.723961,0.00085073477,,,,,,,,,,,,,,,,,,,,,,,,,,,,,101.923615,8.723961,1.0000001e-07,101.923615,8.723961,7.0,,,,,,,
101.923615,8.664002,0.000996579,101.923615,8.664002,0.00075858994,,,,,,,,,,,,,,,,,,,,,,,,,,,,,,,,,,,,,,,,,,,,,,,,,,,,,,,,,,,,,101.923615,8.664002,1.4033895,101.923615,8.664002,0.57976043,,,,,,,,,,,,,,,,,101.923615,8.75394,0.0014164778,101.923615,8.75394,-0.0016196157,,,,,,,,,,,,,,,,,,,,,,,,,,,,,101.923615,8.75394,1.0000001e-07,101.923615,8.75394,7.0,,,,,,,
101.923615,8.693981,0.0009817046,101.923615,8.693981,0.0006395954,,,,,,,,,,,,,,,,,,,,,,,,,,,,,,,,,,,,,,,,,,,,,,,,,,,,,,,,,,,,,101.923615,8.693981,1.4065633,101.923615,8.693981,0.17217445,,,,,,,,,,,,,,,,,101.923615,8.783919,0.00081855885,101.923615,8.783919,-0.0014422167,,,,,,,,,,,,,,,,,,,,,,,,,,,,,101.923615,8.783919,1.0000001e-07,101.923615,8.783919,7.0,,,,,,,
101.923615,8.723961,0.00084783573,101.923615,8.723961,0.0008478358,,,,,,,,,,,,,,,,,,,,,,,,,,,,,,,,,,,,,,,,,,,,,,,,,,,,,,,,,,,,,101.923615,8.723961,0.87309325,101.923615,8.723961,0.8974692,,,,,,,,,,,,,,,,,101.923615,8.813898,0.003175619,101.923615,8.813898,0.007338525,,,,,,,,,,,,,,,,,,,,,,,,,,,,,101.923615,8.813898,1.0000001e-07,101.923615,8.813898,7.0,,,,,,,
101.923615,8.75394,0.000951956,101.923615,8.75394,0.0007437155,,,,,,,,,,,,,,,,,,,,,,,,,,,,,,,,,,,,,,,,,,,,,,,,,,,,,,,,,,,,,101.923615,8.75394,1.2373483,101.923615,8.75394,0.5349432,,,,,,,,,,,,,,,,,101.923615,8.843878,0.0010421581,101.923615,8.843878,-0.0012791327,,,,,,,,,,,,,,,,,,,,,,,,,,,,,101.923615,8.843878,1.0000001e-07,101.923615,8.843878,7.0,,,,,,,
101.923615,8.783919,0.0009073329,101.923615,8.783919,0.000669344,,,,,,,,,,,,,,,,,,,,,,,,,,,,,,,,,,,,,,,,,,,,,,,,,,,,,,,,,,,,,101.923615,8.783919,1.1144557,101.923615,8.783919,0.27623603,,,,,,,,,,,,,,,,,101.923615,8.873857,0.0030491813,101.923615,8.873857,0.0045394967,,,,,,,,,,,,,,,,,,,,,,,,,,,,,101.923615,8.873857,1.0000001e-07,101.923615,8.873857,7.0,,,,,,,
101.923615,8.813898,0.0009668302,101.923615,8.813898,0.0012048194,,,,,,,,,,,,,,,,,,,,,,,,,,,,,,,,,,,,,,,,,,,,,,,,,,,,,,,,,,,,,101.923615,8.813898,1.2954237,101.923615,8.813898,2.1437123,,,,,,,,,,,,,,,,,101.923615,8.903836,0.00028090167,101.923615,8.903836,-0.004243878,,,,,,,,,,,,,,,,,,,,,,,,,,,,,101.923615,8.903836,1.0000001e-07,101.923615,8.903836,7.0,,,,,,,
101.923615,8.843878,0.0009073329,101.923615,8.843878,0.0007437156,,,,,,,,,,,,,,,,,,,,,,,,,,,,,,,,,,,,,,,,,,,,,,,,,,,,,,,,,,,,,101.923615,8.843878,1.1013175,101.923615,8.843878,0.5466558,,,,,,,,,,,,,,,,,101.923615,8.933815,0.0020578946,101.923615,8.933815,-0.0015250875,,,,,,,,,,,,,,,,,,,,,,,,,,,,,101.923615,8.933815,1.0000001e-07,101.923615,8.933815,7.0,,,,,,,
101.923615,8.873857,0.0010709504,101.923615,8.873857,0.0010263275,,,,,,,,,,,,,,,,,,,,,,,,,,,,,,,,,,,,,,,,,,,,,,,,,,,,,,,,,,,,,101.923615,8.873857,1.6662402,101.923615,8.873857,1.4990954,,,,,,,,,,,,,,,,,101.923615,8.963795,0.0018763965,101.923615,8.963795,0.0001533798,,,,,,,,,,,,,,,,,,,,,,,,,,,,,101.923615,8.963795,1.0000001e-07,101.923615,8.963795,7.0,,,,,,,
101.923615,8.903836,0.00093708164,101.923615,8.903836,0.00062472105,,,,,,,,,,,,,,,,,,,,,,,,,,,,,,,,,,,,,,,,,,,,,,,,,,,,,,,,,,,,,101.923615,8.903836,1.1845706,101.923615,8.903836,0.121639505,,,,,,,,,,,,,,,,,101.923615,8.993773,0.0032586744,101.923615,8.993773,0.0008675284,,,,,,,,,,,,,,,,,,,,,,,,,,,,,101.923615,8.993773,1.0000001e-07,101.923615,8.993773,7.0,,,,,,,
101.923615,8.933815,0.00093708176,101.923615,8.933815,0.0007883385,,,,,,,,,,,,,,,,,,,,,,,,,,,,,,,,,,,,,,,,,,,,,,,,,,,,,,,,,,,,,101.923615,8.933815,1.2034284,101.923615,8.933815,0.68280613,,,,,,,,,,,,,,,,,101.923615,9.023753,0.0018917192,101.923615,9.023753,0.0020676786,,,,,,,,,,,,,,,,,,,,,,,,,,,,,101.923615,9.023753,1.0000001e-07,101.923615,9.023753,7.0,,,,,,,
101.923615,8.963795,0.0009668303,101.923615,8.963795,0.0007734642,,,,,,,,,,,,,,,,,,,,,,,,,,,,,,,,,,,,,,,,,,,,,,,,,,,,,,,,,,,,,101.923615,8.963795,1.3322203,101.923615,8.963795,0.64466774,,,,,,,,,,,,,,,,,101.923615,9.053732,0.0008389024,101.923615,9.053732,-0.0033249506,,,,,,,,,,,,,,,,,,,,,,,,,,,,,101.923615,9.053732,1.0000001e-07,101.923615,9.053732,7.0,,,,,,,
101.923615,8.993773,0.0010263275,101.923615,8.993773,0.00086271,,,,,,,,,,,,,,,,,,,,,,,,,,,,,,,,,,,,,,,,,,,,,,,,,,,,,,,,,,,,,101.923615,8.993773,1.5424304,101.923615,8.993773,0.92556393,,,,,,,,,,,,,,,,,101.923615,9.083712,0.0029022556,101.923615,9.083712,0.0020481087,,,,,,,,,,,,,,,,,,,,,,,,,,,,,101.923615,9.083712,1.0000001e-07,101.923615,9.083712,7.0,,,,,,,
101.923615,9.023753,0.0010114531,101.923615,9.023753,0.0009668303,,,,,,,,,,,,,,,,,,,,,,,,,,,,,,,,,,,,,,,,,,,,,,,,,,,,,,,,,,,,,101.923615,9.023753,1.436769,101.923615,9.023753,1.2961574,,,,,,,,,,,,,,,,,101.923615,9.11369,-0.0012210733,101.923615,9.11369,0.0014497337,,,,,,,,,,,,,,,,,,,,,,,,,,,,,101.923615,9.11369,1.0000001e-07,101.923615,9.11369,7.0,,,,,,,
101.923615,9.053732,0.00086271006,101.923615,9.053732,0.0006395954,,,,,,,,,,,,,,,,,,,,,,,,,,,,,,,,,,,,,,,,,,,,,,,,,,,,,,,,,,,,,101.923615,9.053732,0.9688262,101.923615,9.053732,0.18495376,,,,,,,,,,,,,,,,,101.923615,9.14367,0.004841566,101.923615,9.14367,-0.0013116642,,,,,,,,,,,,,,,,,,,,,,,,,,,,,101.923615,9.14367,1.0000001e-07,101.923615,9.14367,7.0,,,,,,,
101.923615,9.083712,0.00086271006,101.923615,9.083712,0.0008924587,,,,,,,,,,,,,,,,,,,,,,,,,,,,,,,,,,,,,,,,,,,,,,,,,,,,,,,,,,,,,101.923615,9.083712,0.9753211,101.923615,9.083712,1.0589919,,,,,,,,,,,,,,,,,101.923615,9.17365,-0.0016608726,101.923615,9.17365,-0.0035241544,,,,,,,,,,,,,,,,,,,,,,,,,,,,,101.923615,9.17365,1.0000001e-07,101.923615,9.17365,7.0,,,,,,,
101.923615,9.11369,0.00074371556,101.923615,9.11369,0.00090733304,,,,,,,,,,,,,,,,,,,,,,,,,,,,,,,,,,,,,,,,,,,,,,,,,,,,,,,,,,,,,101.923615,9.11369,0.4951905,101.923615,9.11369,1.0813841,,,,,,,,,,,,,,,,,101.923615,9.203629,0.004266398,101.923615,9.203629,0.0025365872,,,,,,,,,,,,,,,,,,,,,,,,,,,,,101.923615,9.203629,1.0000001e-07,101.923615,9.203629,7.0,,,,,,,
101.923615,9.14367,0.0011453221,101.923615,9.14367,0.00069909263,,,,,,,,,,,,,,,,,,,,,,,,,,,,,,,,,,,,,,,,,,,,,,,,,,,,,,,,,,,,,101.923615,9.14367,1.9279408,101.923615,9.14367,0.3742895,,,,,,,,,,,,,,,,,101.923615,9.233608,0.0034861127,101.923615,9.233608,0.0028412044,,,,,,,,,,,,,,,,,,,,,,,,,,,,,101.923615,9.233608,1.0000001e-07,101.923615,9.233608,7.0,,,,,,,
101.923615,9.173649,0.0007734643,101.923615,9.173649,0.00068421825,,,,,,,,,,,,,,,,,,,,,,,,,,,,,,,,,,,,,,,,,,,,,,,,,,,,,,,,,,,,,101.923615,9.173649,0.6028487,101.923615,9.173649,0.32302687,,,,,,,,,,,,,,,,,101.923615,9.263587,-0.0014381505,101.923615,9.263587,0.0039907666,,,,,,,,,,,,,,,,,,,,,,,,,,,,,101.923615,9.263587,1.0000001e-07,101.923615,9.263587,7.0,,,,,,,
101.923615,9.203629,0.0010114531,101.923615,9.203629,0.00087758433,,,,,,,,,,,,,,,,,,,,,,,,,,,,,,,,,,,,,,,,,,,,,,,,,,,,,,,,,,,,,101.923615,9.203629,1.5106816,101.923615,9.203629,0.9985654,,,,,,,,,,,,,,,,,101.923615,9.293567,0.006517403,101.923615,9.293567,0.0014839991,,,,,,,,,,,,,,,,,,,,,,,,,,,,,101.923615,9.293567,1.0000001e-07,101.923615,9.293567,7.0,,,,,,,
101.923615,9.233607,0.0009668303,101.923615,9.233607,0.0009519559,,,,,,,,,,,,,,,,,,,,,,,,,,,,,,,,,,,,,,,,,,,,,,,,,,,,,,,,,,,,,101.923615,9.233607,1.2821813,101.923615,9.233607,1.2744803,,,,,,,,,,,,,,,,,101.923615,9.323545,-0.003454172,101.923615,9.323545,-0.002794731,,,,,,,,,,,,,,,,,,,,,,,,,,,,,101.923615,9.323545,1.0000001e-07,101.923615,9.323545,7.0,,,,,,,
101.923615,9.263587,0.0007585899,101.923615,9.263587,0.0010114531,,,,,,,,,,,,,,,,,,,,,,,,,,,,,,,,,,,,,,,,,,,,,,,,,,,,,,,,,,,,,101.923615,9.263587,0.5939256,101.923615,9.263587,1.4490503,,,,,,,,,,,,,,,,,101.923615,9.353525,0.002784607,101.923615,9.353525,-0.00371633,,,,,,,,,,,,,,,,,,,,,,,,,,,,,101.923615,9.353525,1.0000001e-07,101.923615,9.353525,7.0,,,,,,,
101.923615,9.293566,0.0010858248,101.923615,9.293566,0.00087758445,,,,,,,,,,,,,,,,,,,,,,,,,,,,,,,,,,,,,,,,,,,,,,,,,,,,,,,,,,,,,101.923615,9.293566,1.745883,101.923615,9.293566,0.9896076,,,,,,,,,,,,,,,,,101.923615,9.383504,0.0017864683,101.923615,9.383504,-0.0007750697,,,,,,,,,,,,,,,,,,,,,,,,,,,,,101.923615,9.383504,1.0000001e-07,101.923615,9.383504,7.0,,,,,,,
101.923615,9.323545,0.0006842183,101.923615,9.323545,0.0006544697,,,,,,,,,,,,,,,,,,,,,,,,,,,,,,,,,,,,,,,,,,,,,,,,,,,,,,,,,,,,,101.923615,9.323545,0.26873976,101.923615,9.323545,0.1996107,,,,,,,,,,,,,,,,,101.923615,9.413484,0.004443465,101.923615,9.413484,-0.0010724049,,,,,,,,,,,,,,,,,,,,,,,,,,,,,101.923615,9.413484,1.0000001e-07,101.923615,9.413484,7.0,,,,,,,
101.923615,9.353524,0.0010263275,101.923615,9.353524,0.00062472105,,,,,,,,,,,,,,,,,,,,,,,,,,,,,,,,,,,,,,,,,,,,,,,,,,,,,,,,,,,,,101.923615,9.353524,1.5298672,101.923615,9.353524,0.10292362,,,,,,,,,,,,,,,,,101.923615,9.443462,-0.00062825135,101.923615,9.443462,-0.0014556282,,,,,,,,,,,,,,,,,,,,,,,,,,,,,101.923615,9.443462,1.0000001e-07,101.923615,9.443462,7.0,,,,,,,
101.923615,9.383504,0.00093708164,101.923615,9.383504,0.00069909263,,,,,,,,,,,,,,,,,,,,,,,,,,,,,,,,,,,,,,,,,,,,,,,,,,,,,,,,,,,,,101.923615,9.383504,1.137244,101.923615,9.383504,0.38679832,,,,,,,,,,,,,,,,,101.923615,9.473442,0.0068253134,101.923615,9.473442,0.00074632815,,,,,,,,,,,,,,,,,,,,,,,,,,,,,101.923615,9.473442,1.0000001e-07,101.923615,9.473442,7.0,,,,,,,
101.923615,9.413484,0.0010560761,101.923615,9.413484,0.00068421825,,,,,,,,,,,,,,,,,,,,,,,,,,,,,,,,,,,,,,,,,,,,,,,,,,,,,,,,,,,,,101.923615,9.413484,1.6798053,101.923615,9.413484,0.33590412,,,,,,,,,,,,,,,,,101.923615,9.503421,0.0014953323,101.923615,9.503421,8.2096914e-05,,,,,,,,,,,,,,,,,,,,,,,,,,,,,101.923615,9.503421,1.0000001e-07,101.923615,9.503421,7.0,,,,,,,
101.923615,9.443462,0.0007734641,101.923615,9.443462,0.00074371556,,,,,,,,,,,,,,,,,,,,,,,,,,,,,,,,,,,,,,,,,,,,,,,,,,,,,,,,,,,,,101.923615,9.443462,0.58337814,101.923615,9.443462,0.52151644,,,,,,,,,,,,,,,,,101.923615,9.533401,-0.00057856995,101.923615,9.533401,-0.0015518152,,,,,,,,,,,,,,,,,,,,,,,,,,,,,101.923615,9.533401,1.0000001e-07,101.923615,9.533401,7.0,,,,,,,
101.923615,9.473442,0.0011601963,101.923615,9.473442,0.00083296135,,,,,,,,,,,,,,,,,,,,,,,,,,,,,,,,,,,,,,,,,,,,,,,,,,,,,,,,,,,,,101.923615,9.473442,2.0312645,101.923615,9.473442,0.851018,,,,,,,,,,,,,,,,,101.923615,9.563379,0.0048633777,101.923615,9.563379,0.001288798,,,,,,,,,,,,,,,,,,,,,,,,,,,,,101.923615,9.563379,1.0000001e-07,101.923615,9.563379,7.0,,,,,,,
101.923615,9.503421,0.0008627101,101.923615,9.503421,0.0007734642,,,,,,,,,,,,,,,,,,,,,,,,,,,,,,,,,,,,,,,,,,,,,,,,,,,,,,,,,,,,,101.923615,9.503421,0.9097835,101.923615,9.503421,0.6342767,,,,,,,,,,,,,,,,,101.923615,9.593359,0.002345449,101.923615,9.593359,-0.0058515817,,,,,,,,,,,,,,,,,,,,,,,,,,,,,101.923615,9.593359,1.0000001e-07,101.923615,9.593359,7.0,,,,,,,
101.923615,9.533401,0.00072884123,101.923615,9.533401,0.0007288413,,,,,,,,,,,,,,,,,,,,,,,,,,,,,,,,,,,,,,,,,,,,,,,,,,,,,,,,,,,,,101.923615,9.533401,0.45108932,101.923615,9.533401,0.47285005,,,,,,,,,,,,,,,,,101.923615,9.623338,0.0032797891,101.923615,9.623338,0.00067294546,,,,,,,,,,,,,,,,,,,,,,,,,,,,,101.923615,9.623338,1.0000001e-07,101.923615,9.623338,7.0,,,,,,,
101.923615,9.563379,0.0009817046,101.923615,9.563379,0.0008329614,,,,,,,,,,,,,,,,,,,,,,,,,,,,,,,,,,,,,,,,,,,,,,,,,,,,,,,,,,,,,101.923615,9.563379,1.4023633,101.923615,9.563379,0.8285104,,,,,,,,,,,,,,,,,101.923615,9.653317,-0.0014184077,101.923615,9.653317,-0.0013440177,,,,,,,,,,,,,,,,,,,,,,,,,,,,,101.923615,9.653317,1.0000001e-07,101.923615,9.653317,7.0,,,,,,,
101.923615,9.593359,0.0010263274,101.923615,9.593359,0.0005652238,,,,,,,,,,,,,,,,,,,,,,,,,,,,,,,,,,,,,,,,,,,,,,,,,,,,,,,,,,,,,101.923615,9.593359,1.4837775,101.923615,9.593359,-0.0733507,,,,,,,,,,,,,,,,,101.923615,9.683296,0.004745712,101.923615,9.683296,0.0023557728,,,,,,,,,,,,,,,,,,,,,,,,,,,,,101.923615,9.683296,1.0000001e-07,101.923615,9.683296,7.0,,,,,,,
101.923615,9.623338,0.0009519559,101.923615,9.623338,0.00083296146,,,,,,,,,,,,,,,,,,,,,,,,,,,,,,,,,,,,,,,,,,,,,,,,,,,,,,,,,,,,,101.923615,9.623338,1.2531676,101.923615,9.623338,0.8462751,,,,,,,,,,,,,,,,,101.923615,9.713276,0.0018982635,101.923615,9.713276,-0.0022069523,,,,,,,,,,,,,,,,,,,,,,,,,,,,,101.923615,9.713276,1.0000001e-07,101.923615,9.713276,7.0,,,,,,,
101.923615,9.653317,0.0008478358,101.923615,9.653317,0.00072884123,,,,,,,,,,,,,,,,,,,,,,,,,,,,,,,,,,,,,,,,,,,,,,,,,,,,,,,,,,,,,101.923615,9.653317,0.887182,101.923615,9.653317,0.4692427,,,,,,,,,,,,,,,,,101.923615,9.743255,-0.00030144543,101.923615,9.743255,-0.00446659,,,,,,,,,,,,,,,,,,,,,,,,,,,,,101.923615,9.743255,1.0000001e-07,101.923615,9.743255,7.0,,,,,,,
101.923615,9.683296,0.00093708164,101.923615,9.683296,0.0008180871,,,,,,,,,,,,,,,,,,,,,,,,,,,,,,,,,,,,,,,,,,,,,,,,,,,,,,,,,,,,,101.923615,9.683296,1.2322232,101.923615,9.683296,0.77833796,,,,,,,,,,,,,,,,,101.923615,9.773234,0.0036340111,101.923615,9.773234,0.0025800057,,,,,,,,,,,,,,,,,,,,,,,,,,,,,101.923615,9.773234,1.0000001e-07,101.923615,9.773234,7.0,,,,,,,
101.923615,9.713276,0.0009073329,101.923615,9.713276,0.00072884123,,,,,,,,,,,,,,,,,,,,,,,,,,,,,,,,,,,,,,,,,,,,,,,,,,,,,,,,,,,,,101.923615,9.713276,1.0802245,101.923615,9.713276,0.48800033,,,,,,,,,,,,,,,,,101.923615,9.803213,0.001708717,101.923615,9.803213,-0.002405008,,,,,,,,,,,,,,,,,,,,,,,,,,,,,101.923615,9.803213,1.0000001e-07,101.923615,9.803213,7.0,,,,,,,
101.923615,9.743255,0.00090733304,101.923615,9.743255,0.0005206009,,,,,,,,,,,,,,,,,,,,,,,,,,,,,,,,,,,,,,,,,,,,,,,,,,,,,,,,,,,,,101.923615,9.743255,1.1064053,101.923615,9.743255,-0.22788149,,,,,,,,,,,,,,,,,101.923615,9.833193,0.0037950398,101.923615,9.833193,-0.00047990374,,,,,,,,,,,,,,,,,,,,,,,,,,,,,101.923615,9.833193,1.0000001e-07,101.923615,9.833193,7.0,,,,,,,
101.923615,9.773234,0.000996579,101.923615,9.773234,0.0009073329,,,,,,,,,,,,,,,,,,,,,,,,,,,,,,,,,,,,,,,,,,,,,,,,,,,,,,,,,,,,,101.923615,9.773234,1.4305097,101.923615,9.773234,1.1019669,,,,,,,,,,,,,,,,,101.923615,9.863172,0.004054481,101.923615,9.863172,-0.003359351,,,,,,,,,,,,,,,,,,,,,,,,,,,,,101.923615,9.863172,1.0000001e-07,101.923615,9.863172,7.0,,,,,,,
101.923615,9.803213,0.0008180871,101.923615,9.803213,0.00066934404,,,,,,,,,,,,,,,,,,,,,,,,,,,,,,,,,,,,,,,,,,,,,,,,,,,,,,,,,,,,,101.923615,9.803213,0.8260134,101.923615,9.803213,0.27580234,,,,,,,,,,,,,,,,,101.923615,9.893151,0.0008971775,101.923615,9.893151,-0.0025970852,,,,,,,,,,,,,,,,,,,,,,,,,,,,,101.923615,9.893151,1.0000001e-07,101.923615,9.893151,7.0,,,,,,,
101.923615,9.833193,0.0009668303,101.923615,9.833193,0.0008329615,,,,,,,,,,,,,,,,,,,,,,,,,,,,,,,,,,,,,,,,,,,,,,,,,,,,,,,,,,,,,101.923615,9.833193,1.2933259,101.923615,9.833193,0.8358559,,,,,,,,,,,,,,,,,101.923615,9.92313,0.0064993957,101.923615,9.92313,0.0007042644,,,,,,,,,,,,,,,,,,,,,,,,,,,,,101.923615,9.92313,1.0000001e-07,101.923615,9.92313,7.0,,,,,,,
101.923615,9.863172,0.0010412018,101.923615,9.863172,0.000669344,,,,,,,,,,,,,,,,,,,,,,,,,,,,,,,,,,,,,,,,,,,,,,,,,,,,,,,,,,,,,101.923615,9.863172,1.5998902,101.923615,9.863172,0.27216795,,,,,,,,,,,,,,,,,101.923615,9.95311,0.004276172,101.923615,9.95311,0.0041783717,,,,,,,,,,,,,,,,,,,,,,,,,,,,,101.923615,9.95311,1.0000001e-07,101.923615,9.95311,7.0,,,,,,,
101.923615,9.893151,0.00086271006,101.923615,9.893151,0.00066934404,,,,,,,,,,,,,,,,,,,,,,,,,,,,,,,,,,,,,,,,,,,,,,,,,,,,,,,,,,,,,101.923615,9.893151,0.98777455,101.923615,9.893151,0.27830857,,,,,,,,,,,,,,,,,101.923615,9.9830885,0.001901357,101.923615,9.9830885,0.00018369633,,,,,,,,,,,,,,,,,,,,,,,,,,,,,101.923615,9.9830885,1.0000001e-07,101.923615,9.9830885,7.0,,,,,,,
101.923615,9.92313,0.0010412019,101.923615,9.92313,0.0007585899,,,,,,,,,,,,,,,,,,,,,,,,,,,,,,,,,,,,,,,,,,,,,,,,,,,,,,,,,,,,,101.923615,9.92313,1.542344,101.923615,9.92313,0.58006954,,,,,,,,,,,,,,,,,101.923615,10.013068,-0.0015293946,101.923615,10.013068,-0.0022834134,,,,,,,,,,,,,,,,,,,,,,,,,,,,,101.923615,10.013068,1.0000001e-07,101.923615,10.013068,7.0,,,,,,,
101.923615,9.95311,0.0009817046,101.923615,9.95311,0.000951956,,,,,,,,,,,,,,,,,,,,,,,,,,,,,,,,,,,,,,,,,,,,,,,,,,,,,,,,,,,,,101.923615,9.95311,1.396572,101.923615,9.95311,1.2300076,,,,,,,,,,,,,,,,,101.923615,10.043048,-0.0012473068,101.923615,10.043048,-0.00090382085,,,,,,,,,,,,,,,,,,,,,,,,,,,,,101.923615,10.043048,1.0000001e-07,101.923615,10.043048,7.0,,,,,,,
101.923615,9.9830885,0.0008478358,101.923615,9.9830885,0.0008180872,,,,,,,,,,,,,,,,,,,,,,,,,,,,,,,,,,,,,,,,,,,,,,,,,,,,,,,,,,,,,101.923615,9.9830885,0.85126114,101.923615,9.9830885,0.8113752,,,,,,,,,,,,,,,,,101.923615,10.073027,-0.00025416407,101.923615,10.073027,0.000498113,,,,,,,,,,,,,,,,,,,,,,,,,,,,,101.923615,10.073027,1.0000001e-07,101.923615,10.073027,7.0,,,,,,,
101.923615,10.013068,0.00074371556,101.923615,10.013068,0.00068421825,,,,,,,,,,,,,,,,,,,,,,,,,,,,,,,,,,,,,,,,,,,,,,,,,,,,,,,,,,,,,101.923615,10.013068,0.5163503,101.923615,10.013068,0.31877586,,,,,,,,,,,,,,,,,101.923615,10.103006,0.0014536984,101.923615,10.103006,-0.00023339492,,,,,,,,,,,,,,,,,,,,,,,,,,,,,101.923615,10.103006,1.0000001e-07,101.923615,10.103006,7.0,,,,,,,
101.923615,10.043047,0.00083296146,101.923615,10.043047,0.00072884123,,,,,,,,,,,,,,,,,,,,,,,,,,,,,,,,,,,,,,,,,,,,,,,,,,,,,,,,,,,,,101.923615,10.043047,0.8154462,101.923615,10.043047,0.50312114,,,,,,,,,,,,,,,,,101.923615,10.132985,0.0024022004,101.923615,10.132985,-0.001122718,,,,,,,,,,,,,,,,,,,,,,,,,,,,,101.923615,10.132985,1.0000001e-07,101.923615,10.132985,7.0,,,,,,,
101.923615,10.073027,0.00080321275,101.923615,10.073027,0.00080321287,,,,,,,,,,,,,,,,,,,,,,,,,,,,,,,,,,,,,,,,,,,,,,,,,,,,,,,,,,,,,101.923615,10.073027,0.73294,101.923615,10.073027,0.76203865,,,,,,,,,,,,,,,,,101.923615,10.162965,0.0043635275,101.923615,10.162965,-0.00010809111,,,,,,,,,,,,,,,,,,,,,,,,,,,,,101.923615,10.162965,1.0000001e-07,101.923615,10.162965,7.0,,,,,,,
101.923615,10.103005,0.00090733304,101.923615,10.103005,0.00083296146,,,,,,,,,,,,,,,,,,,,,,,,,,,,,,,,,,,,,,,,,,,,,,,,,,,,,,,,,,,,,101.923615,10.103005,1.1081785,101.923615,10.103005,0.83560693,,,,,,,,,,,,,,,,,101.923615,10.192944,0.0064589493,101.923615,10.192944,-0.0009134501,,,,,,,,,,,,,,,,,,,,,,,,,,,,,101.923615,10.192944,1.0000001e-07,101.923615,10.192944,7.0,,,,,,,
101.923615,10.132985,0.0008478358,101.923615,10.132985,0.0007585899,,,,,,,,,,,,,,,,,,,,,,,,,,,,,,,,,,,,,,,,,,,,,,,,,,,,,,,,,,,,,101.923615,10.132985,0.90066594,101.923615,10.132985,0.59395057,,,,,,,,,,,,,,,,,101.923615,10.222923,0.008121034,101.923615,10.222923,0.0022848907,,,,,,,,,,,,,,,,,,,,,,,,,,,,,101.923615,10.222923,1.0000001e-07,101.923615,10.222923,7.0,,,,,,,
101.923615,10.162964,0.00093708164,101.923615,10.162964,0.00074371556,,,,,,,,,,,,,,,,,,,,,,,,,,,,,,,,,,,,,,,,,,,,,,,,,,,,,,,,,,,,,101.923615,10.162964,1.2365793,101.923615,10.162964,0.54818606,,,,,,,,,,,,,,,,,101.923615,10.252902,-0.0012100955,101.923615,10.252902,0.0014534036,,,,,,,,,,,,,,,,,,,,,,,,,,,,,101.923615,10.252902,1.0000001e-07,101.923615,10.252902,7.0,,,,,,,
101.923615,10.192944,0.0010263274,101.923615,10.192944,0.0007585899,,,,,,,,,,,,,,,,,,,,,,,,,,,,,,,,,,,,,,,,,,,,,,,,,,,,,,,,,,,,,101.923615,10.192944,1.5173867,101.923615,10.192944,0.5964063,,,,,,,,,,,,,,,,,101.923615,10.282882,0.00038535876,101.923615,10.282882,0.002232913,,,,,,,,,,,,,,,,,,,,,,,,,,,,,101.923615,10.282882,1.0000001e-07,101.923615,10.282882,7.0,,,,,,,
101.923615,10.222922,0.0011006991,101.923615,10.222922,0.00086271006,,,,,,,,,,,,,,,,,,,,,,,,,,,,,,,,,,,,,,,,,,,,,,,,,,,,,,,,,,,,,101.923615,10.222922,1.7491376,101.923615,10.222922,0.95803344,,,,,,,,,,,,,,,,,101.923615,10.3128605,0.00023248835,101.923615,10.3128605,-0.0010378704,,,,,,,,,,,,,,,,,,,,,,,,,,,,,101.923615,10.3128605,1.0000001e-07,101.923615,10.3128605,7.0,,,,,,,
101.923615,10.252902,0.00074371556,101.923615,10.252902,0.00080321275,,,,,,,,,,,,,,,,,,,,,,,,,,,,,,,,,,,,,,,,,,,,,,,,,,,,,,,,,,,,,101.923615,10.252902,0.52192676,101.923615,10.252902,0.72411704,,,,,,,,,,,,,,,,,101.923615,10.34284,0.009993155,101.923615,10.34284,0.006352121,,,,,,,,,,,,,,,,,,,,,,,,,,,,,101.923615,10.34284,1.0000001e-07,101.923615,10.34284,7.0,,,,,,,
101.923615,10.282882,0.0007734641,101.923615,10.282882,0.00078833854,,,,,,,,,,,,,,,,,,,,,,,,,,,,,,,,,,,,,,,,,,,,,,,,,,,,,,,,,,,,,101.923615,10.282882,0.6458792,101.923615,10.282882,0.6683311,,,,,,,,,,,,,,,,,101.923615,10.372819,0.0048985113,101.923615,10.372819,0.0010883124,,,,,,,,,,,,,,,,,,,,,,,,,,,,,101.923615,10.372819,1.0000001e-07,101.923615,10.372819,7.0,,,,,,,
101.923615,10.3128605,0.0007883385,101.923615,10.3128605,0.00071396696,,,,,,,,,,,,,,,,,,,,,,,,,,,,,,,,,,,,,,,,,,,,,,,,,,,,,,,,,,,,,101.923615,10.3128605,0.6683426,101.923615,10.3128605,0.41419017,,,,,,,,,,,,,,,,,101.923615,10.402799,0.0050659133,101.923615,10.402799,-0.0017721972,,,,,,,,,,,,,,,,,,,,,,,,,,,,,101.923615,10.402799,1.0000001e-07,101.923615,10.402799,7.0,,,,,,,
101.923615,10.34284,0.0012048192,101.923615,10.34284,0.0009668302,,,,,,,,,,,,,,,,,,,,,,,,,,,,,,,,,,,,,,,,,,,,,,,,,,,,,,,,,,,,,101.923615,10.34284,2.1177351,101.923615,10.34284,1.3202089,,,,,,,,,,,,,,,,,101.923615,10.432777,0.001241054,101.923615,10.432777,-0.0010008599,,,,,,,,,,,,,,,,,,,,,,,,,,,,,101.923615,10.432777,1.0000001e-07,101.923615,10.432777,7.0,,,,,,,
101.923615,10.372819,0.0009519559,101.923615,10.372819,0.0008032128,,,,,,,,,,,,,,,,,,,,,,,,,,,,,,,,,,,,,,,,,,,,,,,,,,,,,,,,,,,,,101.923615,10.372819,1.2732514,101.923615,10.372819,0.73232013,,,,,,,,,,,,,,,,,101.923615,10.462757,-0.0012620722,101.923615,10.462757,-0.0024990574,,,,,,,,,,,,,,,,,,,,,,,,,,,,,101.923615,10.462757,1.0000001e-07,101.923615,10.462757,7.0,,,,,,,
101.923615,10.402799,0.0009222073,101.923615,10.402799,0.00069909263,,,,,,,,,,,,,,,,,,,,,,,,,,,,,,,,,,,,,,,,,,,,,,,,,,,,,,,,,,,,,101.923615,10.402799,1.1567956,101.923615,10.402799,0.3604395,,,,,,,,,,,,,,,,,101.923615,10.492736,0.0012714132,101.923615,10.492736,0.0013149178,,,,,,,,,,,,,,,,,,,,,,,,,,,,,101.923615,10.492736,1.0000001e-07,101.923615,10.492736,7.0,,,,,,,
101.923615,10.432777,0.0008180872,101.923615,10.432777,0.00077346415,,,,,,,,,,,,,,,,,,,,,,,,,,,,,,,,,,,,,,,,,,,,,,,,,,,,,,,,,,,,,101.923615,10.432777,0.79911757,101.923615,10.432777,0.6493523,,,,,,,,,,,,,,,,,101.923615,10.522716,0.0029484679,101.923615,10.522716,0.004317223,,,,,,,,,,,,,,,,,,,,,,,,,,,,,101.923615,10.522716,1.0000001e-07,101.923615,10.522716,7.0,,,,,,,
101.923615,10.462757,0.0007437155,101.923615,10.462757,0.00062472105,,,,,,,,,,,,,,,,,,,,,,,,,,,,,,,,,,,,,,,,,,,,,,,,,,,,,,,,,,,,,101.923615,10.462757,0.46517864,101.923615,10.462757,0.112447605,,,,,,,,,,,,,,,,,101.923615,10.552694,-0.0013027762,101.923615,10.552694,0.00041362166,,,,,,,,,,,,,,,,,,,,,,,,,,,,,101.923615,10.552694,1.0000001e-07,101.923615,10.552694,7.0,,,,,,,
101.923615,10.492736,0.00083296146,101.923615,10.492736,0.00069909275,,,,,,,,,,,,,,,,,,,,,,,,,,,,,,,,,,,,,,,,,,,,,,,,,,,,,,,,,,,,,101.923615,10.492736,0.8288023,101.923615,10.492736,0.39046958,,,,,,,,,,,,,,,,,101.923615,10.582674,0.007644674,101.923615,10.582674,-0.0013940997,,,,,,,,,,,,,,,,,,,,,,,,,,,,,101.923615,10.582674,1.0000001e-07,101.923615,10.582674,7.0,,,,,,,
101.923615,10.522716,0.00084783573,101.923615,10.522716,0.0008924588,,,,,,,,,,,,,,,,,,,,,,,,,,,,,,,,,,,,,,,,,,,,,,,,,,,,,,,,,,,,,101.923615,10.522716,0.90770274,101.923615,10.522716,1.0176772,,,,,,,,,,,,,,,,,101.923615,10.612653,0.003154787,101.923615,10.612653,-0.0004163259,,,,,,,,,,,,,,,,,,,,,,,,,,,,,101.923615,10.612653,1.0000001e-07,101.923615,10.612653,7.0,,,,,,,
101.923615,10.552694,0.0007288413,101.923615,10.552694,0.0007883385,,,,,,,,,,,,,,,,,,,,,,,,,,,,,,,,,,,,,,,,,,,,,,,,,,,,,,,,,,,,,101.923615,10.552694,0.48378658,101.923615,10.552694,0.72238946,,,,,,,,,,,,,,,,,101.923615,10.6426325,0.0005682582,101.923615,10.6426325,-0.0043659997,,,,,,,,,,,,,,,,,,,,,,,,,,,,,101.923615,10.6426325,1.0000001e-07,101.923615,10.6426325,7.0,,,,,,,
101.923615,10.582674,0.0010114532,101.923615,10.582674,0.000713967,,,,,,,,,,,,,,,,,,,,,,,,,,,,,,,,,,,,,,,,,,,,,,,,,,,,,,,,,,,,,101.923615,10.582674,1.4736428,101.923615,10.582674,0.40534994,,,,,,,,,,,,,,,,,101.923615,10.672611,0.0040181004,101.923615,10.672611,-0.00087927864,,,,,,,,,,,,,,,,,,,,,,,,,,,,,101.923615,10.672611,1.0000001e-07,101.923615,10.672611,7.0,,,,,,,
101.923615,10.612653,0.0008924587,101.923615,10.612653,0.0007437156,,,,,,,,,,,,,,,,,,,,,,,,,,,,,,,,,,,,,,,,,,,,,,,,,,,,,,,,,,,,,101.923615,10.612653,1.0602231,101.923615,10.612653,0.5329024,,,,,,,,,,,,,,,,,101.923615,10.702591,-0.00012647045,101.923615,10.702591,0.006253992,,,,,,,,,,,,,,,,,,,,,,,,,,,,,101.923615,10.702591,1.0000001e-07,101.923615,10.702591,7.0,,,,,,,
101.923615,10.6426325,0.0008180871,101.923615,10.6426325,0.00069909263,,,,,,,,,,,,,,,,,,,,,,,,,,,,,,,,,,,,,,,,,,,,,,,,,,,,,,,,,,,,,101.923615,10.6426325,0.7759338,101.923615,10.6426325,0.36929926,,,,,,,,,,,,,,,,,101.923615,10.73257,0.0023250298,101.923615,10.73257,-0.0008045313,,,,,,,,,,,,,,,,,,,,,,,,,,,,,101.923615,10.73257,1.0000001e-07,101.923615,10.73257,7.0,,,,,,,
101.923615,10.672611,0.00087758433,101.923615,10.672611,0.00069909263,,,,,,,,,,,,,,,,,,,,,,,,,,,,,,,,,,,,,,,,,,,,,,,,,,,,,,,,,,,,,101.923615,10.672611,1.005089,101.923615,10.672611,0.36459154,,,,,,,,,,,,,,,,,101.923615,10.762549,-4.7428923e-05,101.923615,10.762549,0.0010686339,,,,,,,,,,,,,,,,,,,,,,,,,,,,,101.923615,10.762549,1.0000001e-07,101.923615,10.762549,7.0,,,,,,,
101.923615,10.702591,0.0008478358,101.923615,10.702591,0.0009073329,,,,,,,,,,,,,,,,,,,,,,,,,,,,,,,,,,,,,,,,,,,,,,,,,,,,,,,,,,,,,101.923615,10.702591,0.89613163,101.923615,10.702591,1.1043105,,,,,,,,,,,,,,,,,101.923615,10.792528,0.003234749,101.923615,10.792528,0.002801769,,,,,,,,,,,,,,,,,,,,,,,,,,,,,101.923615,10.792528,1.0000001e-07,101.923615,10.792528,7.0,,,,,,,
101.923615,10.73257,0.0009222073,101.923615,10.73257,0.00066934404,,,,,,,,,,,,,,,,,,,,,,,,,,,,,,,,,,,,,,,,,,,,,,,,,,,,,,,,,,,,,101.923615,10.73257,1.1151911,101.923615,10.73257,0.26964518,,,,,,,,,,,,,,,,,101.923615,10.822508,0.0069637275,101.923615,10.822508,0.0017629904,,,,,,,,,,,,,,,,,,,,,,,,,,,,,101.923615,10.822508,1.0000001e-07,101.923615,10.822508,7.0,,,,,,,
101.923615,10.762549,0.0007437156,101.923615,10.762549,0.00075858994,,,,,,,,,,,,,,,,,,,,,,,,,,,,,,,,,,,,,,,,,,,,,,,,,,,,,,,,,,,,,101.923615,10.762549,0.4824915,101.923615,10.762549,0.5832099,,,,,,,,,,,,,,,,,101.923615,10.852488,-0.0015174522,101.923615,10.852488,0.00031189795,,,,,,,,,,,,,,,,,,,,,,,,,,,,,101.923615,10.852488,1.0000001e-07,101.923615,10.852488,7.0,,,,,,,
101.923615,10.792528,0.00092220743,101.923615,10.792528,0.0008180871,,,,,,,,,,,,,,,,,,,,,,,,,,,,,,,,,,,,,,,,,,,,,,,,,,,,,,,,,,,,,101.923615,10.792528,1.1724609,101.923615,10.792528,0.78281265,,,,,,,,,,,,,,,,,101.923615,10.882466,0.0028188345,101.923615,10.882466,0.001982172,,,,,,,,,,,,,,,,,,,,,,,,,,,,,101.923615,10.882466,1.0000001e-07,101.923615,10.882466,7.0,,,,,,,
101.923615,10.822508,0.0010858247,101.923615,10.822508,0.0007585899,,,,,,,,,,,,,,,,,,,,,,,,,,,,,,,,,,,,,,,,,,,,,,,,,,,,,,,,,,,,,101.923615,10.822508,1.7443163,101.923615,10.822508,0.57697856,,,,,,,,,,,,,,,,,101.923615,10.912446,-0.001958316,101.923615,10.912446,0.0015307536,,,,,,,,,,,,,,,,,,,,,,,,,,,,,101.923615,10.912446,1.0000001e-07,101.923615,10.912446,7.0,,,,,,,
101.923615,10.852487,0.00065446965,101.923615,10.852487,0.0007288412,,,,,,,,,,,,,,,,,,,,,,,,,,,,,,,,,,,,,,,,,,,,,,,,,,,,,,,,,,,,,101.923615,10.852487,0.21843484,101.923615,10.852487,0.47499418,,,,,,,,,,,,,,,,,101.923615,10.942425,0.0039001512,101.923615,10.942425,-0.00034745026,,,,,,,,,,,,,,,,,,,,,,,,,,,,,101.923615,10.942425,1.0000001e-07,101.923615,10.942425,7.0,,,,,,,
101.923615,10.882466,0.0008924587,101.923615,10.882466,0.0007734642,,,,,,,,,,,,,,,,,,,,,,,,,,,,,,,,,,,,,,,,,,,,,,,,,,,,,,,,,,,,,101.923615,10.882466,1.0344102,101.923615,10.882466,0.6274599,,,,,,,,,,,,,,,,,101.923615,10.9724045,0.0010529371,101.923615,10.9724045,-7.8521254e-05,,,,,,,,,,,,,,,,,,,,,,,,,,,,,101.923615,10.9724045,1.0000001e-07,101.923615,10.9724045,7.0,,,,,,,
101.923615,10.912445,0.00066934404,101.923615,10.912445,0.00080321275,,,,,,,,,,,,,,,,,,,,,,,,,,,,,,,,,,,,,,,,,,,,,,,,,,,,,,,,,,,,,101.923615,10.912445,0.29352248,101.923615,10.912445,0.7349962,,,,,,,,,,,,,,,,,101.923615,11.002383,0.005396834,101.923615,11.002383,-0.004347427,,,,,,,,,,,,,,,,,,,,,,,,,,,,,101.923615,11.002383,1.0000001e-07,101.923615,11.002383,7.0,,,,,,,
101.923615,10.942425,0.00092220743,101.923615,10.942425,0.00065446965,,,,,,,,,,,,,,,,,,,,,,,,,,,,,,,,,,,,,,,,,,,,,,,,,,,,,,,,,,,,,101.923615,10.942425,1.1795949,101.923615,10.942425,0.21498784,,,,,,,,,,,,,,,,,101.923615,11.032363,0.0022891415,101.923615,11.032363,-0.001558732,,,,,,,,,,,,,,,,,,,,,,,,,,,,,101.923615,11.032363,1.0000001e-07,101.923615,11.032363,7.0,,,,,,,
101.923615,10.972404,0.0008180871,101.923615,10.972404,0.0007883385,,,,,,,,,,,,,,,,,,,,,,,,,,,,,,,,,,,,,,,,,,,,,,,,,,,,,,,,,,,,,101.923615,10.972404,0.78433293,101.923615,10.972404,0.6863725,,,,,,,,,,,,,,,,,101.923615,11.062342,-0.00023986363,101.923615,11.062342,-0.0042658243,,,,,,,,,,,,,,,,,,,,,,,,,,,,,101.923615,11.062342,1.0000001e-07,101.923615,11.062342,7.0,,,,,,,
101.923615,11.002383,0.0009073329,101.923615,11.002383,0.0005800982,,,,,,,,,,,,,,,,,,,,,,,,,,,,,,,,,,,,,,,,,,,,,,,,,,,,,,,,,,,,,101.923615,11.002383,1.1097218,101.923615,11.002383,-0.035555832,,,,,,,,,,,,,,,,,101.923615,11.092321,0.0027469501,101.923615,11.092321,0.00039431485,,,,,,,,,,,,,,,,,,,,,,,,,,,,,101.923615,11.092321,1.0000001e-07,101.923615,11.092321,7.0,,,,,,,
101.923615,11.032362,0.0008180871,101.923615,11.032362,0.000669344,,,,,,,,,,,,,,,,,,,,,,,,,,,,,,,,,,,,,,,,,,,,,,,,,,,,,,,,,,,,,101.923615,11.032362,0.7513463,101.923615,11.032362,0.2715796,,,,,,,,,,,,,,,,,101.923615,11.1223,0.0065589966,101.923615,11.1223,-0.0022743056,,,,,,,,,,,,,,,,,,,,,,,,,,,,,101.923615,11.1223,1.0000001e-07,101.923615,11.1223,7.0,,,,,,,
101.923615,11.062342,0.00074371556,101.923615,11.062342,0.0005800982,,,,,,,,,,,,,,,,,,,,,,,,,,,,,,,,,,,,,,,,,,,,,,,,,,,,,,,,,,,,,101.923615,11.062342,0.5568574,101.923615,11.062342,-0.032022204,,,,,,,,,,,,,,,,,101.923615,11.15228,-0.0007893141,101.923615,11.15228,0.0018251714,,,,,,,,,,,,,,,,,,,,,,,,,,,,,101.923615,11.15228,1.0000001e-07,101.923615,11.15228,7.0,,,,,,,
101.923615,11.092321,0.0009073329,101.923615,11.092321,0.00074371556,,,,,,,,,,,,,,,,,,,,,,,,,,,,,,,,,,,,,,,,,,,,,,,,,,,,,,,,,,,,,101.923615,11.092321,1.0975645,101.923615,11.092321,0.526286,,,,,,,,,,,,,,,,,101.923615,11.182259,-0.0003709616,101.923615,11.182259,-0.006307826,,,,,,,,,,,,,,,,,,,,,,,,,,,,,101.923615,11.182259,1.0000001e-07,101.923615,11.182259,7.0,,,,,,,
101.923615,11.1223,0.0010263276,101.923615,11.1223,0.0006395953,,,,,,,,,,,,,,,,,,,,,,,,,,,,,,,,,,,,,,,,,,,,,,,,,,,,,,,,,,,,,101.923615,11.1223,1.5031344,101.923615,11.1223,0.1852152,,,,,,,,,,,,,,,,,101.923615,11.212238,-0.003416143,101.923615,11.212238,0.00073888805,,,,,,,,,,,,,,,,,,,,,,,,,,,,,101.923615,11.212238,1.0000001e-07,101.923615,11.212238,7.0,,,,,,,
101.923615,11.15228,0.00078833854,101.923615,11.15228,0.000713967,,,,,,,,,,,,,,,,,,,,,,,,,,,,,,,,,,,,,,,,,,,,,,,,,,,,,,,,,,,,,101.923615,11.15228,0.7054476,101.923615,11.15228,0.43927085,,,,,,,,,,,,,,,,,101.923615,11.242217,0.00865346,101.923615,11.242217,0.00067321735,,,,,,,,,,,,,,,,,,,,,,,,,,,,,101.923615,11.242217,1.0000001e-07,101.923615,11.242217,7.0,,,,,,,
101.923615,11.182259,0.0007585899,101.923615,11.182259,0.0005652238,,,,,,,,,,,,,,,,,,,,,,,,,,,,,,,,,,,,,,,,,,,,,,,,,,,,,,,,,,,,,101.923615,11.182259,0.62682843,101.923615,11.182259,-0.09918782,,,,,,,,,,,,,,,,,101.923615,11.272197,0.0036577177,101.923615,11.272197,0.0016365163,,,,,,,,,,,,,,,,,,,,,,,,,,,,,101.923615,11.272197,1.0000001e-07,101.923615,11.272197,7.0,,,,,,,
101.923615,11.212238,0.00065446977,101.923615,11.212238,0.00072884123,,,,,,,,,,,,,,,,,,,,,,,,,,,,,,,,,,,,,,,,,,,,,,,,,,,,,,,,,,,,,101.923615,11.212238,0.19940749,101.923615,11.212238,0.49432454,,,,,,,,,,,,,,,,,101.923615,11.3021755,0.009451942,101.923615,11.3021755,-0.001872268,,,,,,,,,,,,,,,,,,,,,,,,,,,,,101.923615,11.3021755,1.0000001e-07,101.923615,11.3021755,7.0,,,,,,,
101.923615,11.242217,0.0010858248,101.923615,11.242217,0.0007883385,,,,,,,,,,,,,,,,,,,,,,,,,,,,,,,,,,,,,,,,,,,,,,,,,,,,,,,,,,,,,101.923615,11.242217,1.7832794,101.923615,11.242217,0.70782083,,,,,,,,,,,,,,,,,101.923615,11.332155,0.0033218265,101.923615,11.332155,0.004662676,,,,,,,,,,,,,,,,,,,,,,,,,,,,,101.923615,11.332155,1.0000001e-07,101.923615,11.332155,7.0,,,,,,,
101.923615,11.272197,0.0009222073,101.923615,11.272197,0.0008180871,,,,,,,,,,,,,,,,,,,,,,,,,,,,,,,,,,,,,,,,,,,,,,,,,,,,,,,,,,,,,101.923615,11.272197,1.1431594,101.923615,11.272197,0.7821413,,,,,,,,,,,,,,,,,101.923615,11.362134,0.0017409923,101.923615,11.362134,0.00041398325,,,,,,,,,,,,,,,,,,,,,,,,,,,,,101.923615,11.362134,1.0000001e-07,101.923615,11.362134,7.0,,,,,,,
101.923615,11.3021755,0.0010560761,101.923615,11.3021755,0.00069909263,,,,,,,,,,,,,,,,,,,,,,,,,,,,,,,,,,,,,,,,,,,,,,,,,,,,,,,,,,,,,101.923615,11.3021755,1.5976048,101.923615,11.3021755,0.37869507,,,,,,,,,,,,,,,,,101.923615,11.392114,-0.0007290022,101.923615,11.392114,-0.0010449527,,,,,,,,,,,,,,,,,,,,,,,,,,,,,101.923615,11.392114,1.0000001e-07,101.923615,11.392114,7.0,,,,,,,
101.923615,11.332155,0.00083296146,101.923615,11.332155,0.00087758433,,,,,,,,,,,,,,,,,,,,,,,,,,,,,,,,,,,,,,,,,,,,,,,,,,,,,,,,,,,,,101.923615,11.332155,0.83328736,101.923615,11.332155,1.0124776,,,,,,,,,,,,,,,,,101.923615,11.422092,0.00671514,101.923615,11.422092,-0.0033892181,,,,,,,,,,,,,,,,,,,,,,,,,,,,,101.923615,11.422092,1.0000001e-07,101.923615,11.422092,7.0,,,,,,,
101.923615,11.362134,0.00080321275,101.923615,11.362134,0.0006247211,,,,,,,,,,,,,,,,,,,,,,,,,,,,,,,,,,,,,,,,,,,,,,,,,,,,,,,,,,,,,101.923615,11.362134,0.73431975,101.923615,11.362134,0.119940385,,,,,,,,,,,,,,,,,101.923615,11.452072,0.0029265145,101.923615,11.452072,-0.0029525077,,,,,,,,,,,,,,,,,,,,,,,,,,,,,101.923615,11.452072,1.0000001e-07,101.923615,11.452072,7.0,,,,,,,
101.923615,11.392114,0.00069909263,101.923615,11.392114,0.0007288413,,,,,,,,,,,,,,,,,,,,,,,,,,,,,,,,,,,,,,,,,,,,,,,,,,,,,,,,,,,,,101.923615,11.392114,0.33245862,101.923615,11.392114,0.45890555,,,,,,,,,,,,,,,,,101.923615,11.482051,-0.0011249508,101.923615,11.482051,0.0037916405,,,,,,,,,,,,,,,,,,,,,,,,,,,,,101.923615,11.482051,1.0000001e-07,101.923615,11.482051,7.0,,,,,,,
101.923615,11.422092,0.0010114532,101.923615,11.422092,0.00062472105,,,,,,,,,,,,,,,,,,,,,,,,,,,,,,,,,,,,,,,,,,,,,,,,,,,,,,,,,,,,,101.923615,11.422092,1.4488397,101.923615,11.422092,0.13452828,,,,,,,,,,,,,,,,,101.923615,11.512031,0.001617193,101.923615,11.512031,-0.0020299586,,,,,,,,,,,,,,,,,,,,,,,,,,,,,101.923615,11.512031,1.0000001e-07,101.923615,11.512031,7.0,,,,,,,
101.923615,11.452072,0.00084783573,101.923615,11.452072,0.0006544697,,,,,,,,,,,,,,,,,,,,,,,,,,,,,,,,,,,,,,,,,,,,,,,,,,,,,,,,,,,,,101.923615,11.452072,0.8758493,101.923615,11.452072,0.23189396,,,,,,,,,,,,,,,,,101.923615,11.542009,0.008034375,101.923615,11.542009,0.004738174,,,,,,,,,,,,,,,,,,,,,,,,,,,,,101.923615,11.542009,1.0000001e-07,101.923615,11.542009,7.0,,,,,,,
101.923615,11.482051,0.00072884123,101.923615,11.482051,0.00086270995,,,,,,,,,,,,,,,,,,,,,,,,,,,,,,,,,,,,,,,,,,,,,,,,,,,,,,,,,,,,,101.923615,11.482051,0.45558393,101.923615,11.482051,0.97199863,,,,,,,,,,,,,,,,,101.923615,11.571989,0.0004918079,101.923615,11.571989,-0.0018869822,,,,,,,,,,,,,,,,,,,,,,,,,,,,,101.923615,11.571989,1.0000001e-07,101.923615,11.571989,7.0,,,,,,,
101.923615,11.512031,0.0007883385,101.923615,11.512031,0.00068421825,,,,,,,,,,,,,,,,,,,,,,,,,,,,,,,,,,,,,,,,,,,,,,,,,,,,,,,,,,,,,101.923615,11.512031,0.70903814,101.923615,11.512031,0.32000664,,,,,,,,,,,,,,,,,101.923615,11.601968,-0.0035188769,101.923615,11.601968,3.2479356e-06,,,,,,,,,,,,,,,,,,,,,,,,,,,,,101.923615,11.601968,1.0000001e-07,101.923615,11.601968,7.0,,,,,,,
101.923615,11.542009,0.000951956,101.923615,11.542009,0.0009222073,,,,,,,,,,,,,,,,,,,,,,,,,,,,,,,,,,,,,,,,,,,,,,,,,,,,,,,,,,,,,101.923615,11.542009,1.249561,101.923615,11.542009,1.148045,,,,,,,,,,,,,,,,,101.923615,11.6319475,0.0066327713,101.923615,11.6319475,0.0055687437,,,,,,,,,,,,,,,,,,,,,,,,,,,,,101.923615,11.6319475,1.0000001e-07,101.923615,11.6319475,7.0,,,,,,,
101.923615,11.571989,0.0007883385,101.923615,11.571989,0.0006544697,,,,,,,,,,,,,,,,,,,,,,,,,,,,,,,,,,,,,,,,,,,,,,,,,,,,,,,,,,,,,101.923615,11.571989,0.6629045,101.923615,11.571989,0.22896327,,,,,,,,,,,,,,,,,101.923615,11.661927,0.0015197971,101.923615,11.661927,-0.0023344576,,,,,,,,,,,,,,,,,,,,,,,,,,,,,101.923615,11.661927,1.0000001e-07,101.923615,11.661927,7.0,,,,,,,
101.923615,11.601968,0.00065446965,101.923615,11.601968,0.0007437156,,,,,,,,,,,,,,,,,,,,,,,,,,,,,,,,,,,,,,,,,,,,,,,,,,,,,,,,,,,,,101.923615,11.601968,0.21656166,101.923615,11.601968,0.5226616,,,,,,,,,,,,,,,,,101.923615,11.691906,0.005212734,101.923615,11.691906,0.0017958167,,,,,,,,,,,,,,,,,,,,,,,,,,,,,101.923615,11.691906,1.0000001e-07,101.923615,11.691906,7.0,,,,,,,
101.923615,11.6319475,0.00093708164,101.923615,11.6319475,0.0008924587,,,,,,,,,,,,,,,,,,,,,,,,,,,,,,,,,,,,,,,,,,,,,,,,,,,,,,,,,,,,,101.923615,11.6319475,1.1477816,101.923615,11.6319475,1.04971,,,,,,,,,,,,,,,,,101.923615,11.721886,0.0019013695,101.923615,11.721886,-0.0015826761,,,,,,,,,,,,,,,,,,,,,,,,,,,,,101.923615,11.721886,1.0000001e-07,101.923615,11.721886,7.0,,,,,,,
101.923615,11.661926,0.0008478358,101.923615,11.661926,0.0006098467,,,,,,,,,,,,,,,,,,,,,,,,,,,,,,,,,,,,,,,,,,,,,,,,,,,,,,,,,,,,,101.923615,11.661926,0.9266758,101.923615,11.661926,0.056507535,,,,,,,,,,,,,,,,,101.923615,11.751864,0.004262196,101.923615,11.751864,0.0009955992,,,,,,,,,,,,,,,,,,,,,,,,,,,,,101.923615,11.751864,1.0000001e-07,101.923615,11.751864,7.0,,,,,,,
101.923615,11.691906,0.0009519559,101.923615,11.691906,0.0007288413,,,,,,,,,,,,,,,,,,,,,,,,,,,,,,,,,,,,,,,,,,,,,,,,,,,,,,,,,,,,,101.923615,11.691906,1.2354982,101.923615,11.691906,0.49558797,,,,,,,,,,,,,,,,,101.923615,11.781844,0.0038566994,101.923615,11.781844,0.0018044228,,,,,,,,,,,,,,,,,,,,,,,,,,,,,101.923615,11.781844,1.0000001e-07,101.923615,11.781844,7.0,,,,,,,
101.923615,11.721885,0.0007883385,101.923615,11.721885,0.0006990926,,,,,,,,,,,,,,,,,,,,,,,,,,,,,,,,,,,,,,,,,,,,,,,,,,,,,,,,,,,,,101.923615,11.721885,0.7075052,101.923615,11.721885,0.3771621,,,,,,,,,,,,,,,,,101.923615,11.811823,0.0047393637,101.923615,11.811823,-0.0013795551,,,,,,,,,,,,,,,,,,,,,,,,,,,,,101.923615,11.811823,1.0000001e-07,101.923615,11.811823,7.0,,,,,,,
101.923615,11.751864,0.0009222073,101.923615,11.751864,0.0007734642,,,,,,,,,,,,,,,,,,,,,,,,,,,,,,,,,,,,,,,,,,,,,,,,,,,,,,,,,,,,,101.923615,11.751864,1.154999,101.923615,11.751864,0.61145324,,,,,,,,,,,,,,,,,101.923615,11.841803,0.007901032,101.923615,11.841803,-0.00082051125,,,,,,,,,,,,,,,,,,,,,,,,,,,,,101.923615,11.841803,1.0000001e-07,101.923615,11.841803,7.0,,,,,,,
101.923615,11.781843,0.00086271,101.923615,11.781843,0.00081808714,,,,,,,,,,,,,,,,,,,,,,,,,,,,,,,,,,,,,,,,,,,,,,,,,,,,,,,,,,,,,101.923615,11.781843,0.9303329,101.923615,11.781843,0.8029119,,,,,,,,,,,,,,,,,101.923615,11.871781,0.0031808363,101.923615,11.871781,0.0002428107,,,,,,,,,,,,,,,,,,,,,,,,,,,,,101.923615,11.871781,1.0000001e-07,101.923615,11.871781,7.0,,,,,,,
101.923615,11.811823,0.00084783573,101.923615,11.811823,0.0006395953,,,,,,,,,,,,,,,,,,,,,,,,,,,,,,,,,,,,,,,,,,,,,,,,,,,,,,,,,,,,,101.923615,11.811823,0.8875048,101.923615,11.811823,0.17034736,,,,,,,,,,,,,,,,,101.923615,11.901761,0.0024471837,101.923615,11.901761,0.0014272523,,,,,,,,,,,,,,,,,,,,,,,,,,,,,101.923615,11.901761,1.0000001e-07,101.923615,11.901761,7.0,,,,,,,
101.923615,11.841802,0.0009817047,101.923615,11.841802,0.00062472105,,,,,,,,,,,,,,,,,,,,,,,,,,,,,,,,,,,,,,,,,,,,,,,,,,,,,,,,,,,,,101.923615,11.841802,1.3565729,101.923615,11.841802,0.103933334,,,,,,,,,,,,,,,,,101.923615,11.93174,-0.002388646,101.923615,11.93174,-0.0057731937,,,,,,,,,,,,,,,,,,,,,,,,,,,,,101.923615,11.93174,1.0000001e-07,101.923615,11.93174,7.0,,,,,,,
101.923615,11.871781,0.0008180872,101.923615,11.871781,0.0006990927,,,,,,,,,,,,,,,,,,,,,,,,,,,,,,,,,,,,,,,,,,,,,,,,,,,,,,,,,,,,,101.923615,11.871781,0.81126225,101.923615,11.871781,0.36463085,,,,,,,,,,,,,,,,,101.923615,11.9617195,0.00093774847,101.923615,11.9617195,-0.0019534999,,,,,,,,,,,,,,,,,,,,,,,,,,,,,101.923615,11.9617195,1.0000001e-07,101.923615,11.9617195,7.0,,,,,,,
101.923615,11.90176,0.0008180871,101.923615,11.90176,0.0007437155,,,,,,,,,,,,,,,,,,,,,,,,,,,,,,,,,,,,,,,,,,,,,,,,,,,,,,,,,,,,,101.923615,11.90176,0.77463835,101.923615,11.90176,0.52629304,,,,,,,,,,,,,,,,,101.923615,11.991698,0.006908744,101.923615,11.991698,-0.0036898372,,,,,,,,,,,,,,,,,,,,,,,,,,,,,101.923615,11.991698,1.0000001e-07,101.923615,11.991698,7.0,,,,,,,
101.923615,11.93174,0.0006990927,101.923615,11.93174,0.00059497246,,,,,,,,,,,,,,,,,,,,,,,,,,,,,,,,,,,,,,,,,,,,,,,,,,,,,,,,,,,,,101.923615,11.93174,0.37837946,101.923615,11.93174,0.004826324,,,,,,,,,,,,,,,,,101.923615,12.021678,0.0029328542,101.923615,12.021678,-0.008023635,,,,,,,,,,,,,,,,,,,,,,,,,,,,,101.923615,12.021678,1.0000001e-07,101.923615,12.021678,7.0,,,,,,,
101.923615,11.9617195,0.0008180871,101.923615,11.9617195,0.00058009813,,,,,,,,,,,,,,,,,,,,,,,,,,,,,,,,,,,,,,,,,,,,,,,,,,,,,,,,,,,,,101.923615,11.9617195,0.7642237,101.923615,11.9617195,-0.03392789,,,,,,,,,,,,,,,,,101.923615,12.051657,-0.004686047,101.923615,12.051657,0.0050363536,,,,,,,,,,,,,,,,,,,,,,,,,,,,,101.923615,12.051657,1.0000001e-07,101.923615,12.051657,7.0,,,,,,,
101.923615,11.991698,0.00093708164,101.923615,11.991698,0.00059497246,,,,,,,,,,,,,,,,,,,,,,,,,,,,,,,,,,,,,,,,,,,,,,,,,,,,,,,,,,,,,101.923615,11.991698,1.2341714,101.923615,11.991698,0.02648377,,,,,,,,,,,,,,,,,101.923615,12.081636,0.0045805434,101.923615,12.081636,0.0062912875,,,,,,,,,,,,,,,,,,,,,,,,,,,,,101.923615,12.081636,1.0000001e-07,101.923615,12.081636,7.0,,,,,,,
101.923615,12.021678,0.0008627101,101.923615,12.021678,0.00052060094,,,,,,,,,,,,,,,,,,,,,,,,,,,,,,,,,,,,,,,,,,,,,,,,,,,,,,,,,,,,,101.923615,12.021678,0.9508152,101.923615,12.021678,-0.24423748,,,,,,,,,,,,,,,,,101.923615,12.111615,0.006083553,101.923615,12.111615,-0.005876424,,,,,,,,,,,,,,,,,,,,,,,,,,,,,101.923615,12.111615,1.0000001e-07,101.923615,12.111615,7.0,,,,,,,
101.923615,12.051657,0.00062472105,101.923615,12.051657,0.00087758433,,,,,,,,,,,,,,,,,,,,,,,,,,,,,,,,,,,,,,,,,,,,,,,,,,,,,,,,,,,,,101.923615,12.051657,0.090575166,101.923615,12.051657,0.9959094,,,,,,,,,,,,,,,,,101.923615,12.141595,0.0046815253,101.923615,12.141595,-0.00017693127,,,,,,,,,,,,,,,,,,,,,,,,,,,,,101.923615,12.141595,1.0000001e-07,101.923615,12.141595,7.0,,,,,,,
101.923615,12.081636,0.00086271,101.923615,12.081636,0.00086271006,,,,,,,,,,,,,,,,,,,,,,,,,,,,,,,,,,,,,,,,,,,,,,,,,,,,,,,,,,,,,101.923615,12.081636,0.9250405,101.923615,12.081636,0.92595935,,,,,,,,,,,,,,,,,101.923615,12.171574,0.0005414753,101.923615,12.171574,0.004294886,,,,,,,,,,,,,,,,,,,,,,,,,,,,,101.923615,12.171574,1.0000001e-07,101.923615,12.171574,7.0,,,,,,,
101.923615,12.111615,0.00086271006,101.923615,12.111615,0.00059497246,,,,,,,,,,,,,,,,,,,,,,,,,,,,,,,,,,,,,,,,,,,,,,,,,,,,,,,,,,,,,101.923615,12.111615,0.96936584,101.923615,12.111615,0.011762751,,,,,,,,,,,,,,,,,101.923615,12.201553,0.0003963865,101.923615,12.201553,0.002233766,,,,,,,,,,,,,,,,,,,,,,,,,,,,,101.923615,12.201553,1.0000001e-07,101.923615,12.201553,7.0,,,,,,,
101.923615,12.141595,0.0009519559,101.923615,12.141595,0.000669344,,,,,,,,,,,,,,,,,,,,,,,,,,,,,,,,,,,,,,,,,,,,,,,,,,,,,,,,,,,,,101.923615,12.141595,1.2909335,101.923615,12.141595,0.26597098,,,,,,,,,,,,,,,,,101.923615,12.231532,-0.00022423925,101.923615,12.231532,-0.0037179564,,,,,,,,,,,,,,,,,,,,,,,,,,,,,101.923615,12.231532,1.0000001e-07,101.923615,12.231532,7.0,,,,,,,
101.923615,12.171574,0.0007288412,101.923615,12.171574,0.0008924587,,,,,,,,,,,,,,,,,,,,,,,,,,,,,,,,,,,,,,,,,,,,,,,,,,,,,,,,,,,,,101.923615,12.171574,0.47131872,101.923615,12.171574,1.0464648,,,,,,,,,,,,,,,,,101.923615,12.261512,0.0001483526,101.923615,12.261512,0.005030873,,,,,,,,,,,,,,,,,,,,,,,,,,,,,101.923615,12.261512,1.0000001e-07,101.923615,12.261512,7.0,,,,,,,
101.923615,12.201553,0.00072884123,101.923615,12.201553,0.00075858994,,,,,,,,,,,,,,,,,,,,,,,,,,,,,,,,,,,,,,,,,,,,,,,,,,,,,,,,,,,,,101.923615,12.201553,0.49256787,101.923615,12.201553,0.56752706,,,,,,,,,,,,,,,,,101.923615,12.291491,0.0037191887,101.923615,12.291491,-0.000756372,,,,,,,,,,,,,,,,,,,,,,,,,,,,,101.923615,12.291491,1.0000001e-07,101.923615,12.291491,7.0,,,,,,,
101.923615,12.231532,0.00068421836,101.923615,12.231532,0.00062472105,,,,,,,,,,,,,,,,,,,,,,,,,,,,,,,,,,,,,,,,,,,,,,,,,,,,,,,,,,,,,101.923615,12.231532,0.34326208,101.923615,12.231532,0.13930541,,,,,,,,,,,,,,,,,101.923615,12.32147,0.00013459504,101.923615,12.32147,0.0012270326,,,,,,,,,,,,,,,,,,,,,,,,,,,,,101.923615,12.32147,1.0000001e-07,101.923615,12.32147,7.0,,,,,,,
101.923615,12.261512,0.00072884135,101.923615,12.261512,0.00080321287,,,,,,,,,,,,,,,,,,,,,,,,,,,,,,,,,,,,,,,,,,,,,,,,,,,,,,,,,,,,,101.923615,12.261512,0.48820776,101.923615,12.261512,0.7629584,,,,,,,,,,,,,,,,,101.923615,12.351449,0.003995293,101.923615,12.351449,-0.0014866766,,,,,,,,,,,,,,,,,,,,,,,,,,,,,101.923615,12.351449,1.0000001e-07,101.923615,12.351449,7.0,,,,,,,
101.923615,12.291491,0.0008032128,101.923615,12.291491,0.000713967,,,,,,,,,,,,,,,,,,,,,,,,,,,,,,,,,,,,,,,,,,,,,,,,,,,,,,,,,,,,,101.923615,12.291491,0.76225734,101.923615,12.291491,0.4284766,,,,,,,,,,,,,,,,,101.923615,12.381429,0.0023152577,101.923615,12.381429,0.0031566944,,,,,,,,,,,,,,,,,,,,,,,,,,,,,101.923615,12.381429,1.0000001e-07,101.923615,12.381429,7.0,,,,,,,
101.923615,12.32147,0.00077346415,101.923615,12.32147,0.00075858994,,,,,,,,,,,,,,,,,,,,,,,,,,,,,,,,,,,,,,,,,,,,,,,,,,,,,,,,,,,,,101.923615,12.32147,0.6234165,101.923615,12.32147,0.5770366,,,,,,,,,,,,,,,,,101.923615,12.411407,0.0108437175,101.923615,12.411407,-6.782388e-05,,,,,,,,,,,,,,,,,,,,,,,,,,,,,101.923615,12.411407,1.0000001e-07,101.923615,12.411407,7.0,,,,,,,
101.923615,12.351449,0.00080321287,101.923615,12.351449,0.00066934404,,,,,,,,,,,,,,,,,,,,,,,,,,,,,,,,,,,,,,,,,,,,,,,,,,,,,,,,,,,,,101.923615,12.351449,0.73919845,101.923615,12.351449,0.26678896,,,,,,,,,,,,,,,,,101.923615,12.441387,0.005581292,101.923615,12.441387,-0.0017167048,,,,,,,,,,,,,,,,,,,,,,,,,,,,,101.923615,12.441387,1.0000001e-07,101.923615,12.441387,7.0,,,,,,,
101.923615,12.381429,0.0008180871,101.923615,12.381429,0.0008478358,,,,,,,,,,,,,,,,,,,,,,,,,,,,,,,,,,,,,,,,,,,,,,,,,,,,,,,,,,,,,101.923615,12.381429,0.8101202,101.923615,12.381429,0.90422314,,,,,,,,,,,,,,,,,101.923615,12.471366,0.008244985,101.923615,12.471366,-0.0015680343,,,,,,,,,,,,,,,,,,,,,,,,,,,,,101.923615,12.471366,1.0000001e-07,101.923615,12.471366,7.0,,,,,,,
101.923615,12.411407,0.001056076,101.923615,12.411407,0.0006842183,,,,,,,,,,,,,,,,,,,,,,,,,,,,,,,,,,,,,,,,,,,,,,,,,,,,,,,,,,,,,101.923615,12.411407,1.6590868,101.923615,12.411407,0.33754647,,,,,,,,,,,,,,,,,101.923615,12.501346,0.0010192115,101.923615,12.501346,0.0010258097,,,,,,,,,,,,,,,,,,,,,,,,,,,,,101.923615,12.501346,1.0000001e-07,101.923615,12.501346,7.0,,,,,,,
101.923615,12.441387,0.00090733304,101.923615,12.441387,0.00058009813,,,,,,,,,,,,,,,,,,,,,,,,,,,,,,,,,,,,,,,,,,,,,,,,,,,,,,,,,,,,,101.923615,12.441387,1.124991,101.923615,12.441387,-0.05251597,,,,,,,,,,,,,,,,,101.923615,12.531325,-0.0018765879,101.923615,12.531325,0.002686863,,,,,,,,,,,,,,,,,,,,,,,,,,,,,101.923615,12.531325,1.0000001e-07,101.923615,12.531325,7.0,,,,,,,
101.923615,12.471366,0.00090733304,101.923615,12.471366,0.0006842183,,,,,,,,,,,,,,,,,,,,,,,,,,,,,,,,,,,,,,,,,,,,,,,,,,,,,,,,,,,,,101.923615,12.471366,1.0937805,101.923615,12.471366,0.32087868,,,,,,,,,,,,,,,,,101.923615,12.561304,0.008121735,101.923615,12.561304,0.0015128806,,,,,,,,,,,,,,,,,,,,,,,,,,,,,101.923615,12.561304,1.0000001e-07,101.923615,12.561304,7.0,,,,,,,
101.923615,12.501346,0.0006990927,101.923615,12.501346,0.0007585899,,,,,,,,,,,,,,,,,,,,,,,,,,,,,,,,,,,,,,,,,,,,,,,,,,,,,,,,,,,,,101.923615,12.501346,0.33874404,101.923615,12.501346,0.57147354,,,,,,,,,,,,,,,,,101.923615,12.591284,-0.0008842382,101.923615,12.591284,-0.0025477186,,,,,,,,,,,,,,,,,,,,,,,,,,,,,101.923615,12.591284,1.0000001e-07,101.923615,12.591284,7.0,,,,,,,
101.923615,12.531324,0.00069909263,101.923615,12.531324,0.00080321287,,,,,,,,,,,,,,,,,,,,,,,,,,,,,,,,,,,,,,,,,,,,,,,,,,,,,,,,,,,,,101.923615,12.531324,0.3788243,101.923615,12.531324,0.74812615,,,,,,,,,,,,,,,,,101.923615,12.621263,0.008941378,101.923615,12.621263,0.0014346733,,,,,,,,,,,,,,,,,,,,,,,,,,,,,101.923615,12.621263,1.0000001e-07,101.923615,12.621263,7.0,,,,,,,
101.923615,12.561304,0.0009668303,101.923615,12.561304,0.00068421825,,,,,,,,,,,,,,,,,,,,,,,,,,,,,,,,,,,,,,,,,,,,,,,,,,,,,,,,,,,,,101.923615,12.561304,1.260721,101.923615,12.561304,0.3134575,,,,,,,,,,,,,,,,,101.923615,12.651242,0.004877282,101.923615,12.651242,0.0013497785,,,,,,,,,,,,,,,,,,,,,,,,,,,,,101.923615,12.651242,1.0000001e-07,101.923615,12.651242,7.0,,,,,,,
101.923615,12.591283,0.0006395953,101.923615,12.591283,0.00060984667,,,,,,,,,,,,,,,,,,,,,,,,,,,,,,,,,,,,,,,,,,,,,,,,,,,,,,,,,,,,,101.923615,12.591283,0.16133282,101.923615,12.591283,0.062922224,,,,,,,,,,,,,,,,,101.923615,12.681221,-0.0009654682,101.923615,12.681221,0.004298465,,,,,,,,,,,,,,,,,,,,,,,,,,,,,101.923615,12.681221,1.0000001e-07,101.923615,12.681221,7.0,,,,,,,
101.923615,12.621263,0.0010114532,101.923615,12.621263,0.00074371556,,,,,,,,,,,,,,,,,,,,,,,,,,,,,,,,,,,,,,,,,,,,,,,,,,,,,,,,,,,,,101.923615,12.621263,1.4698806,101.923615,12.621263,0.5085167,,,,,,,,,,,,,,,,,101.923615,12.711201,0.0044332063,101.923615,12.711201,-0.0031069464,,,,,,,,,,,,,,,,,,,,,,,,,,,,,101.923615,12.711201,1.0000001e-07,101.923615,12.711201,7.0,,,,,,,
101.923615,12.651241,0.00087758445,101.923615,12.651241,0.0007883384,,,,,,,,,,,,,,,,,,,,,,,,,,,,,,,,,,,,,,,,,,,,,,,,,,,,,,,,,,,,,101.923615,12.651241,1.03432,101.923615,12.651241,0.6945791,,,,,,,,,,,,,,,,,101.923615,12.741179,0.009855347,101.923615,12.741179,-0.005152924,,,,,,,,,,,,,,,,,,,,,,,,,,,,,101.923615,12.741179,1.0000001e-07,101.923615,12.741179,7.0,,,,,,,
101.923615,12.681221,0.0007139669,101.923615,12.681221,0.0008180872,,,,,,,,,,,,,,,,,,,,,,,,,,,,,,,,,,,,,,,,,,,,,,,,,,,,,,,,,,,,,101.923615,12.681221,0.41876054,101.923615,12.681221,0.7919257,,,,,,,,,,,,,,,,,101.923615,12.771159,-0.0010429389,101.923615,12.771159,-0.004615016,,,,,,,,,,,,,,,,,,,,,,,,,,,,,101.923615,12.771159,1.0000001e-07,101.923615,12.771159,7.0,,,,,,,
101.923615,12.7112,0.0008924587,101.923615,12.7112,0.00066934404,,,,,,,,,,,,,,,,,,,,,,,,,,,,,,,,,,,,,,,,,,,,,,,,,,,,,,,,,,,,,101.923615,12.7112,1.0300055,101.923615,12.7112,0.28078473,,,,,,,,,,,,,,,,,101.923615,12.801138,7.441257e-05,101.923615,12.801138,0.005089095,,,,,,,,,,,,,,,,,,,,,,,,,,,,,101.923615,12.801138,1.0000001e-07,101.923615,12.801138,7.0,,,,,,,
101.923615,12.741179,0.0009817046,101.923615,12.741179,0.0005652238,,,,,,,,,,,,,,,,,,,,,,,,,,,,,,,,,,,,,,,,,,,,,,,,,,,,,,,,,,,,,101.923615,12.741179,1.4019729,101.923615,12.741179,-0.08939207,,,,,,,,,,,,,,,,,101.923615,12.831118,0.008900126,101.923615,12.831118,0.0018957505,,,,,,,,,,,,,,,,,,,,,,,,,,,,,101.923615,12.831118,1.0000001e-07,101.923615,12.831118,7.0,,,,,,,
101.923615,12.771158,0.00072884123,101.923615,12.771158,0.0006544697,,,,,,,,,,,,,,,,,,,,,,,,,,,,,,,,,,,,,,,,,,,,,,,,,,,,,,,,,,,,,101.923615,12.771158,0.44921568,101.923615,12.771158,0.23354942,,,,,,,,,,,,,,,,,101.923615,12.861096,0.0030118963,101.923615,12.861096,0.004893059,,,,,,,,,,,,,,,,,,,,,,,,,,,,,101.923615,12.861096,1.0000001e-07,101.923615,12.861096,7.0,,,,,,,
101.923615,12.801138,0.0007734642,101.923615,12.801138,0.0008329615,,,,,,,,,,,,,,,,,,,,,,,,,,,,,,,,,,,,,,,,,,,,,,,,,,,,,,,,,,,,,101.923615,12.801138,0.63228387,101.923615,12.801138,0.828107,,,,,,,,,,,,,,,,,101.923615,12.891076,-0.0025338852,101.923615,12.891076,0.0064615184,,,,,,,,,,,,,,,,,,,,,,,,,,,,,101.923615,12.891076,1.0000001e-07,101.923615,12.891076,7.0,,,,,,,
101.923615,12.831118,0.00090733304,101.923615,12.831118,0.0007734641,,,,,,,,,,,,,,,,,,,,,,,,,,,,,,,,,,,,,,,,,,,,,,,,,,,,,,,,,,,,,101.923615,12.831118,1.1235669,101.923615,12.831118,0.6332627,,,,,,,,,,,,,,,,,101.923615,12.921055,0.00410404,101.923615,12.921055,-0.002255485,,,,,,,,,,,,,,,,,,,,,,,,,,,,,101.923615,12.921055,1.0000001e-07,101.923615,12.921055,7.0,,,,,,,
101.923615,12.861096,0.0007585899,101.923615,12.861096,0.0007883385,,,,,,,,,,,,,,,,,,,,,,,,,,,,,,,,,,,,,,,,,,,,,,,,,,,,,,,,,,,,,101.923615,12.861096,0.5501993,101.923615,12.861096,0.67493045,,,,,,,,,,,,,,,,,101.923615,12.951035,0.0048888037,101.923615,12.951035,0.004660929,,,,,,,,,,,,,,,,,,,,,,,,,,,,,101.923615,12.951035,1.0000001e-07,101.923615,12.951035,7.0,,,,,,,
101.923615,12.891076,0.000624721,101.923615,12.891076,0.00077346415,,,,,,,,,,,,,,,,,,,,,,,,,,,,,,,,,,,,,,,,,,,,,,,,,,,,,,,,,,,,,101.923615,12.891076,0.09354041,101.923615,12.891076,0.62503976,,,,,,,,,,,,,,,,,101.923615,12.981013,0.004798075,101.923615,12.981013,-0.0030066264,,,,,,,,,,,,,,,,,,,,,,,,,,,,,101.923615,12.981013,1.0000001e-07,101.923615,12.981013,7.0,,,,,,,
101.923615,12.921055,0.00080321287,101.923615,12.921055,0.0006544697,,,,,,,,,,,,,,,,,,,,,,,,,,,,,,,,,,,,,,,,,,,,,,,,,,,,,,,,,,,,,101.923615,12.921055,0.72369313,101.923615,12.921055,0.20861329,,,,,,,,,,,,,,,,,101.923615,13.010993,0.00055954955,101.923615,13.010993,0.006274103,,,,,,,,,,,,,,,,,,,,,,,,,,,,,101.923615,13.010993,1.0000001e-07,101.923615,13.010993,7.0,,,,,,,
101.923615,12.951035,0.0008478358,101.923615,12.951035,0.00081808714,,,,,,,,,,,,,,,,,,,,,,,,,,,,,,,,,,,,,,,,,,,,,,,,,,,,,,,,,,,,,101.923615,12.951035,0.8855356,101.923615,12.951035,0.8042257,,,,,,,,,,,,,,,,,101.923615,13.040972,0.0021619285,101.923615,13.040972,-0.007569479,,,,,,,,,,,,,,,,,,,,,,,,,,,,,101.923615,13.040972,1.0000001e-07,101.923615,13.040972,7.0,,,,,,,
101.923615,12.981013,0.00083296146,101.923615,12.981013,0.00063959544,,,,,,,,,,,,,,,,,,,,,,,,,,,,,,,,,,,,,,,,,,,,,,,,,,,,,,,,,,,,,101.923615,12.981013,0.83546615,101.923615,12.981013,0.1584189,,,,,,,,,,,,,,,,,101.923615,13.070951,-0.004243461,101.923615,13.070951,-0.0043416154,,,,,,,,,,,,,,,,,,,,,,,,,,,,,101.923615,13.070951,1.0000001e-07,101.923615,13.070951,7.0,,,,,,,
101.923615,13.010993,0.0007437156,101.923615,13.010993,0.00078833854,,,,,,,,,,,,,,,,,,,,,,,,,,,,,,,,,,,,,,,,,,,,,,,,,,,,,,,,,,,,,101.923615,13.010993,0.5446987,101.923615,13.010993,0.6695448,,,,,,,,,,,,,,,,,101.923615,13.10093,0.0025229342,101.923615,13.10093,0.001112669,,,,,,,,,,,,,,,,,,,,,,,,,,,,,101.923615,13.10093,1.0000001e-07,101.923615,13.10093,7.0,,,,,,,
101.923615,13.040972,0.00072884123,101.923615,13.040972,0.00046110366,,,,,,,,,,,,,,,,,,,,,,,,,,,,,,,,,,,,,,,,,,,,,,,,,,,,,,,,,,,,,101.923615,13.040972,0.44552195,101.923615,13.040972,-0.45147243,,,,,,,,,,,,,,,,,101.923615,13.13091,-0.0010138436,101.923615,13.13091,-0.0031809045,,,,,,,,,,,,,,,,,,,,,,,,,,,,,101.923615,13.13091,1.0000001e-07,101.923615,13.13091,7.0,,,,,,,
101.923615,13.070951,0.00062472105,101.923615,13.070951,0.000624721,,,,,,,,,,,,,,,,,,,,,,,,,,,,,,,,,,,,,,,,,,,,,,,,,,,,,,,,,,,,,101.923615,13.070951,0.084494695,101.923615,13.070951,0.112119764,,,,,,,,,,,,,,,,,101.923615,13.160889,-0.0015895932,101.923615,13.160889,0.0023357165,,,,,,,,,,,,,,,,,,,,,,,,,,,,,101.923615,13.160889,1.0000001e-07,101.923615,13.160889,7.0,,,,,,,
101.923615,13.10093,0.00083296146,101.923615,13.10093,0.00075858994,,,,,,,,,,,,,,,,,,,,,,,,,,,,,,,,,,,,,,,,,,,,,,,,,,,,,,,,,,,,,101.923615,13.10093,0.79059887,101.923615,13.10093,0.56154925,,,,,,,,,,,,,,,,,101.923615,13.190868,0.00393904,101.923615,13.190868,-0.0016635557,,,,,,,,,,,,,,,,,,,,,,,,,,,,,101.923615,13.190868,1.0000001e-07,101.923615,13.190868,7.0,,,,,,,
101.923615,13.13091,0.00066934404,101.923615,13.13091,0.00058009813,,,,,,,,,,,,,,,,,,,,,,,,,,,,,,,,,,,,,,,,,,,,,,,,,,,,,,,,,,,,,101.923615,13.13091,0.23058563,101.923615,13.13091,-0.03225854,,,,,,,,,,,,,,,,,101.923615,13.220847,0.0024502848,101.923615,13.220847,0.004347432,,,,,,,,,,,,,,,,,,,,,,,,,,,,,101.923615,13.220847,1.0000001e-07,101.923615,13.220847,7.0,,,,,,,
101.923615,13.160889,0.00071396696,101.923615,13.160889,0.0007585899,,,,,,,,,,,,,,,,,,,,,,,,,,,,,,,,,,,,,,,,,,,,,,,,,,,,,,,,,,,,,101.923615,13.160889,0.39305997,101.923615,13.160889,0.5937132,,,,,,,,,,,,,,,,,101.923615,13.250827,-0.0021513503,101.923615,13.250827,-0.0003514149,,,,,,,,,,,,,,,,,,,,,,,,,,,,,101.923615,13.250827,1.0000001e-07,101.923615,13.250827,7.0,,,,,,,
101.923615,13.190868,0.00083296146,101.923615,13.190868,0.0006247211,,,,,,,,,,,,,,,,,,,,,,,,,,,,,,,,,,,,,,,,,,,,,,,,,,,,,,,,,,,,,101.923615,13.190868,0.7601469,101.923615,13.190868,0.10966501,,,,,,,,,,,,,,,,,101.923615,13.280806,0.012408752,101.923615,13.280806,-0.0067732227,,,,,,,,,,,,,,,,,,,,,,,,,,,,,101.923615,13.280806,1.0000001e-07,101.923615,13.280806,7.0,,,,,,,
101.923615,13.220847,0.0008180871,101.923615,13.220847,0.0006842183,,,,,,,,,,,,,,,,,,,,,,,,,,,,,,,,,,,,,,,,,,,,,,,,,,,,,,,,,,,,,101.923615,13.220847,0.7776418,101.923615,13.220847,0.31020832,,,,,,,,,,,,,,,,,101.923615,13.310785,-8.755074e-05,101.923615,13.310785,0.010461761,,,,,,,,,,,,,,,,,,,,,,,,,,,,,101.923615,13.310785,1.0000001e-07,101.923615,13.310785,7.0,,,,,,,
101.923615,13.250827,0.000669344,101.923615,13.250827,0.0006395953,,,,,,,,,,,,,,,,,,,,,,,,,,,,,,,,,,,,,,,,,,,,,,,,,,,,,,,,,,,,,101.923615,13.250827,0.2618358,101.923615,13.250827,0.17349702,,,,,,,,,,,,,,,,,101.923615,13.340765,0.0014530636,101.923615,13.340765,0.0008284455,,,,,,,,,,,,,,,,,,,,,,,,,,,,,101.923615,13.340765,1.0000001e-07,101.923615,13.340765,7.0,,,,,,,
101.923615,13.280806,0.00093708164,101.923615,13.280806,0.00047597795,,,,,,,,,,,,,,,,,,,,,,,,,,,,,,,,,,,,,,,,,,,,,,,,,,,,,,,,,,,,,101.923615,13.280806,1.2005444,101.923615,13.280806,-0.39216894,,,,,,,,,,,,,,,,,101.923615,13.370744,0.0053008804,101.923615,13.370744,-0.0021540402,,,,,,,,,,,,,,,,,,,,,,,,,,,,,101.923615,13.370744,1.0000001e-07,101.923615,13.370744,7.0,,,,,,,
101.923615,13.310785,0.00072884123,101.923615,13.310785,0.00093708164,,,,,,,,,,,,,,,,,,,,,,,,,,,,,,,,,,,,,,,,,,,,,,,,,,,,,,,,,,,,,101.923615,13.310785,0.48656973,101.923615,13.310785,1.1896448,,,,,,,,,,,,,,,,,101.923615,13.400723,0.016745636,101.923615,13.400723,-0.004426428,,,,,,,,,,,,,,,,,,,,,,,,,,,,,101.923615,13.400723,1.0000001e-07,101.923615,13.400723,7.0,,,,,,,
101.923615,13.340764,0.0008180871,101.923615,13.340764,0.000669344,,,,,,,,,,,,,,,,,,,,,,,,,,,,,,,,,,,,,,,,,,,,,,,,,,,,,,,,,,,,,101.923615,13.340764,0.821778,101.923615,13.340764,0.2536894,,,,,,,,,,,,,,,,,101.923615,13.430702,0.0047892425,101.923615,13.430702,-0.003003369,,,,,,,,,,,,,,,,,,,,,,,,,,,,,101.923615,13.430702,1.0000001e-07,101.923615,13.430702,7.0,,,,,,,
101.923615,13.370744,0.0007883385,101.923615,13.370744,0.0006395953,,,,,,,,,,,,,,,,,,,,,,,,,,,,,,,,,,,,,,,,,,,,,,,,,,,,,,,,,,,,,101.923615,13.370744,0.67793876,101.923615,13.370744,0.1674218,,,,,,,,,,,,,,,,,101.923615,13.460682,0.0018073746,101.923615,13.460682,0.006731898,,,,,,,,,,,,,,,,,,,,,,,,,,,,,101.923615,13.460682,1.0000001e-07,101.923615,13.460682,7.0,,,,,,,
101.923615,13.4007225,0.0010709504,101.923615,13.4007225,0.0005949724,,,,,,,,,,,,,,,,,,,,,,,,,,,,,,,,,,,,,,,,,,,,,,,,,,,,,,,,,,,,,101.923615,13.4007225,1.6728839,101.923615,13.4007225,0.009143525,,,,,,,,,,,,,,,,,101.923615,13.490661,-0.004855278,101.923615,13.490661,-0.00055629225,,,,,,,,,,,,,,,,,,,,,,,,,,,,,101.923615,13.490661,1.0000001e-07,101.923615,13.490661,7.0,,,,,,,
101.923615,13.430702,0.00080321287,101.923615,13.430702,0.0005949724,,,,,,,,,,,,,,,,,,,,,,,,,,,,,,,,,,,,,,,,,,,,,,,,,,,,,,,,,,,,,101.923615,13.430702,0.7186549,101.923615,13.430702,0.026659949,,,,,,,,,,,,,,,,,101.923615,13.52064,0.0067564016,101.923615,13.52064,0.00055335806,,,,,,,,,,,,,,,,,,,,,,,,,,,,,101.923615,13.52064,1.0000001e-07,101.923615,13.52064,7.0,,,,,,,
101.923615,13.460681,0.000713967,101.923615,13.460681,0.0008032128,,,,,,,,,,,,,,,,,,,,,,,,,,,,,,,,,,,,,,,,,,,,,,,,,,,,,,,,,,,,,101.923615,13.460681,0.43943393,101.923615,13.460681,0.7266865,,,,,,,,,,,,,,,,,101.923615,13.550619,0.009945856,101.923615,13.550619,-0.0074515725,,,,,,,,,,,,,,,,,,,,,,,,,,,,,101.923615,13.550619,1.0000001e-07,101.923615,13.550619,7.0,,,,,,,
101.923615,13.490661,0.00071396696,101.923615,13.490661,0.00069909263,,,,,,,,,,,,,,,,,,,,,,,,,,,,,,,,,,,,,,,,,,,,,,,,,,,,,,,,,,,,,101.923615,13.490661,0.43042982,101.923615,13.490661,0.37555277,,,,,,,,,,,,,,,,,101.923615,13.580599,-0.008739577,101.923615,13.580599,-0.0052233203,,,,,,,,,,,,,,,,,,,,,,,,,,,,,101.923615,13.580599,1.0000001e-07,101.923615,13.580599,7.0,,,,,,,
101.923615,13.520639,0.00087758445,101.923615,13.520639,0.00066934404,,,,,,,,,,,,,,,,,,,,,,,,,,,,,,,,,,,,,,,,,,,,,,,,,,,,,,,,,,,,,101.923615,13.520639,1.0075449,101.923615,13.520639,0.26780367,,,,,,,,,,,,,,,,,101.923615,13.610578,-0.0033423386,101.923615,13.610578,-0.0020192685,,,,,,,,,,,,,,,,,,,,,,,,,,,,,101.923615,13.610578,1.0000001e-07,101.923615,13.610578,7.0,,,,,,,
101.923615,13.550619,0.0008478358,101.923615,13.550619,0.0005354752,,,,,,,,,,,,,,,,,,,,,,,,,,,,,,,,,,,,,,,,,,,,,,,,,,,,,,,,,,,,,101.923615,13.550619,0.87310576,101.923615,13.550619,-0.21595396,,,,,,,,,,,,,,,,,101.923615,13.640557,0.0078384625,101.923615,13.640557,0.0012612076,,,,,,,,,,,,,,,,,,,,,,,,,,,,,101.923615,13.640557,1.0000001e-07,101.923615,13.640557,7.0,,,,,,,
101.923615,13.580598,0.00047597795,101.923615,13.580598,0.0005949725,,,,,,,,,,,,,,,,,,,,,,,,,,,,,,,,,,,,,,,,,,,,,,,,,,,,,,,,,,,,,101.923615,13.580598,-0.4590178,101.923615,13.580598,0.010072337,,,,,,,,,,,,,,,,,101.923615,13.670536,0.0069652977,101.923615,13.670536,-0.0017921398,,,,,,,,,,,,,,,,,,,,,,,,,,,,,101.923615,13.670536,1.0000001e-07,101.923615,13.670536,7.0,,,,,,,
101.923615,13.610578,0.00055034953,101.923615,13.610578,0.0006395953,,,,,,,,,,,,,,,,,,,,,,,,,,,,,,,,,,,,,,,,,,,,,,,,,,,,,,,,,,,,,101.923615,13.610578,-0.1670889,101.923615,13.610578,0.18344323,,,,,,,,,,,,,,,,,101.923615,13.700516,0.0056011705,101.923615,13.700516,0.0023837565,,,,,,,,,,,,,,,,,,,,,,,,,,,,,101.923615,13.700516,1.0000001e-07,101.923615,13.700516,7.0,,,,,,,
101.923615,13.640556,0.0008180871,101.923615,13.640556,0.00066934404,,,,,,,,,,,,,,,,,,,,,,,,,,,,,,,,,,,,,,,,,,,,,,,,,,,,,,,,,,,,,101.923615,13.640556,0.756891,101.923615,13.640556,0.27503142,,,,,,,,,,,,,,,,,101.923615,13.7304945,-0.00080108416,101.923615,13.7304945,0.0010095523,,,,,,,,,,,,,,,,,,,,,,,,,,,,,101.923615,13.7304945,1.0000001e-07,101.923615,13.7304945,7.0,,,,,,,
101.923615,13.670536,0.00080321287,101.923615,13.670536,0.00068421836,,,,,,,,,,,,,,,,,,,,,,,,,,,,,,,,,,,,,,,,,,,,,,,,,,,,,,,,,,,,,101.923615,13.670536,0.74368,101.923615,13.670536,0.31813335,,,,,,,,,,,,,,,,,101.923615,13.760474,0.0065502464,101.923615,13.760474,-0.005156566,,,,,,,,,,,,,,,,,,,,,,,,,,,,,101.923615,13.760474,1.0000001e-07,101.923615,13.760474,7.0,,,,,,,
101.923615,13.700516,0.00086271,101.923615,13.700516,0.0007437155,,,,,,,,,,,,,,,,,,,,,,,,,,,,,,,,,,,,,,,,,,,,,,,,,,,,,,,,,,,,,101.923615,13.700516,0.9757414,101.923615,13.700516,0.52089965,,,,,,,,,,,,,,,,,101.923615,13.790453,0.0027661796,101.923615,13.790453,0.0072648046,,,,,,,,,,,,,,,,,,,,,,,,,,,,,101.923615,13.790453,1.0000001e-07,101.923615,13.790453,7.0,,,,,,,
101.923615,13.7304945,0.00066934404,101.923615,13.7304945,0.0006842183,,,,,,,,,,,,,,,,,,,,,,,,,,,,,,,,,,,,,,,,,,,,,,,,,,,,,,,,,,,,,101.923615,13.7304945,0.26964664,101.923615,13.7304945,0.32508126,,,,,,,,,,,,,,,,,101.923615,13.820433,0.0013555286,101.923615,13.820433,-0.004019806,,,,,,,,,,,,,,,,,,,,,,,,,,,,,101.923615,13.820433,1.0000001e-07,101.923615,13.820433,7.0,,,,,,,
101.923615,13.760474,0.0009222073,101.923615,13.760474,0.00065446965,,,,,,,,,,,,,,,,,,,,,,,,,,,,,,,,,,,,,,,,,,,,,,,,,,,,,,,,,,,,,101.923615,13.760474,1.1692271,101.923615,13.760474,0.21071751,,,,,,,,,,,,,,,,,101.923615,13.850411,0.008578402,101.923615,13.850411,-0.004724298,,,,,,,,,,,,,,,,,,,,,,,,,,,,,101.923615,13.850411,1.0000001e-07,101.923615,13.850411,7.0,,,,,,,
101.923615,13.790453,0.0008180872,101.923615,13.790453,0.00086271006,,,,,,,,,,,,,,,,,,,,,,,,,,,,,,,,,,,,,,,,,,,,,,,,,,,,,,,,,,,,,101.923615,13.790453,0.78352666,101.923615,13.790453,0.91641164,,,,,,,,,,,,,,,,,101.923615,13.880391,-0.0005931967,101.923615,13.880391,-0.005010479,,,,,,,,,,,,,,,,,,,,,,,,,,,,,101.923615,13.880391,1.0000001e-07,101.923615,13.880391,7.0,,,,,,,
101.923615,13.820433,0.00080321287,101.923615,13.820433,0.0006395954,,,,,,,,,,,,,,,,,,,,,,,,,,,,,,,,,,,,,,,,,,,,,,,,,,,,,,,,,,,,,101.923615,13.820433,0.7608367,101.923615,13.820433,0.16809872,,,,,,,,,,,,,,,,,101.923615,13.91037,0.003974061,101.923615,13.91037,-0.0046268124,,,,,,,,,,,,,,,,,,,,,,,,,,,,,101.923615,13.91037,1.0000001e-07,101.923615,13.91037,7.0,,,,,,,
101.923615,13.850411,0.0008180871,101.923615,13.850411,0.0005949724,,,,,,,,,,,,,,,,,,,,,,,,,,,,,,,,,,,,,,,,,,,,,,,,,,,,,,,,,,,,,101.923615,13.850411,0.76411057,101.923615,13.850411,0.027003612,,,,,,,,,,,,,,,,,101.923615,13.94035,0.0007032863,101.923615,13.94035,0.0049326024,,,,,,,,,,,,,,,,,,,,,,,,,,,,,101.923615,13.94035,1.0000001e-07,101.923615,13.94035,7.0,,,,,,,
101.923615,13.880391,0.00062472105,101.923615,13.880391,0.0006098468,,,,,,,,,,,,,,,,,,,,,,,,,,,,,,,,,,,,,,,,,,,,,,,,,,,,,,,,,,,,,101.923615,13.880391,0.11411609,101.923615,13.880391,0.07594753,,,,,,,,,,,,,,,,,101.923615,13.970328,3.0015492e-05,101.923615,13.970328,0.0065822667,,,,,,,,,,,,,,,,,,,,,,,,,,,,,101.923615,13.970328,1.0000001e-07,101.923615,13.970328,7.0,,,,,,,
101.923615,13.91037,0.0008924587,101.923615,13.91037,0.00062472105,,,,,,,,,,,,,,,,,,,,,,,,,,,,,,,,,,,,,,,,,,,,,,,,,,,,,,,,,,,,,101.923615,13.91037,1.0628854,101.923615,13.91037,0.101054944,,,,,,,,,,,,,,,,,101.923615,14.000308,-0.0025731977,101.923615,14.000308,0.00423045,,,,,,,,,,,,,,,,,,,,,,,,,,,,,101.923615,14.000308,1.0000001e-07,101.923615,14.000308,7.0,,,,,,,
101.923615,13.94035,0.000713967,101.923615,13.94035,0.0007883385,,,,,,,,,,,,,,,,,,,,,,,,,,,,,,,,,,,,,,,,,,,,,,,,,,,,,,,,,,,,,101.923615,13.94035,0.42929193,101.923615,13.94035,0.7073408,,,,,,,,,,,,,,,,,101.923615,14.030287,0.011665726,101.923615,14.030287,0.005213416,,,,,,,,,,,,,,,,,,,,,,,,,,,,,101.923615,14.030287,1.0000001e-07,101.923615,14.030287,7.0,,,,,,,
101.923615,13.970328,0.00074371556,101.923615,13.970328,0.0008329615,,,,,,,,,,,,,,,,,,,,,,,,,,,,,,,,,,,,,,,,,,,,,,,,,,,,,,,,,,,,,101.923615,13.970328,0.542678,101.923615,13.970328,0.8231171,,,,,,,,,,,,,,,,,101.923615,14.0602665,0.007833525,101.923615,14.0602665,-0.0013217966,,,,,,,,,,,,,,,,,,,,,,,,,,,,,101.923615,14.0602665,1.0000001e-07,101.923615,14.0602665,7.0,,,,,,,
101.923615,14.000308,0.00062472105,101.923615,14.000308,0.00078833854,,,,,,,,,,,,,,,,,,,,,,,,,,,,,,,,,,,,,,,,,,,,,,,,,,,,,,,,,,,,,101.923615,14.000308,0.12275043,101.923615,14.000308,0.6805686,,,,,,,,,,,,,,,,,101.923615,14.090245,0.003361846,101.923615,14.090245,-0.0018306327,,,,,,,,,,,,,,,,,,,,,,,,,,,,,101.923615,14.090245,1.0000001e-07,101.923615,14.090245,7.0,,,,,,,
101.923615,14.030287,0.00090733304,101.923615,14.030287,0.0007883385,,,,,,,,,,,,,,,,,,,,,,,,,,,,,,,,,,,,,,,,,,,,,,,,,,,,,,,,,,,,,101.923615,14.030287,1.0384421,101.923615,14.030287,0.7028098,,,,,,,,,,,,,,,,,101.923615,14.120225,0.00301152,101.923615,14.120225,0.00468383,,,,,,,,,,,,,,,,,,,,,,,,,,,,,101.923615,14.120225,1.0000001e-07,101.923615,14.120225,7.0,,,,,,,
101.923615,14.0602665,0.00093708164,101.923615,14.0602665,0.0005949724,,,,,,,,,,,,,,,,,,,,,,,,,,,,,,,,,,,,,,,,,,,,,,,,,,,,,,,,,,,,,101.923615,14.0602665,1.2808999,101.923615,14.0602665,0.016364243,,,,,,,,,,,,,,,,,101.923615,14.150205,0.008649395,101.923615,14.150205,-0.00012062666,,,,,,,,,,,,,,,,,,,,,,,,,,,,,101.923615,14.150205,1.0000001e-07,101.923615,14.150205,7.0,,,,,,,
101.923615,14.090245,0.00084783573,101.923615,14.090245,0.00065446965,,,,,,,,,,,,,,,,,,,,,,,,,,,,,,,,,,,,,,,,,,,,,,,,,,,,,,,,,,,,,101.923615,14.090245,0.8946067,101.923615,14.090245,0.22497426,,,,,,,,,,,,,,,,,101.923615,14.180183,0.0033632775,101.923615,14.180183,0.008026883,,,,,,,,,,,,,,,,,,,,,,,,,,,,,101.923615,14.180183,1.0000001e-07,101.923615,14.180183,7.0,,,,,,,
101.923615,14.120225,0.0008180871,101.923615,14.120225,0.00081808714,,,,,,,,,,,,,,,,,,,,,,,,,,,,,,,,,,,,,,,,,,,,,,,,,,,,,,,,,,,,,101.923615,14.120225,0.76125103,101.923615,14.120225,0.7890947,,,,,,,,,,,,,,,,,101.923615,14.210163,0.0017596475,101.923615,14.210163,0.004201567,,,,,,,,,,,,,,,,,,,,,,,,,,,,,101.923615,14.210163,1.0000001e-07,101.923615,14.210163,7.0,,,,,,,
101.923615,14.150204,0.00087758445,101.923615,14.150204,0.00072884123,,,,,,,,,,,,,,,,,,,,,,,,,,,,,,,,,,,,,,,,,,,,,,,,,,,,,,,,,,,,,101.923615,14.150204,1.0055628,101.923615,14.150204,0.46827152,,,,,,,,,,,,,,,,,101.923615,14.240142,0.005680696,101.923615,14.240142,0.004447117,,,,,,,,,,,,,,,,,,,,,,,,,,,,,101.923615,14.240142,1.0000001e-07,101.923615,14.240142,7.0,,,,,,,
101.923615,14.180183,0.00080321275,101.923615,14.180183,0.00087758445,,,,,,,,,,,,,,,,,,,,,,,,,,,,,,,,,,,,,,,,,,,,,,,,,,,,,,,,,,,,,101.923615,14.180183,0.7306831,101.923615,14.180183,1.0023618,,,,,,,,,,,,,,,,,101.923615,14.270122,0.0003975045,101.923615,14.270122,-0.002379551,,,,,,,,,,,,,,,,,,,,,,,,,,,,,101.923615,14.270122,1.0000001e-07,101.923615,14.270122,7.0,,,,,,,
101.923615,14.210162,0.00069909263,101.923615,14.210162,0.0007585899,,,,,,,,,,,,,,,,,,,,,,,,,,,,,,,,,,,,,,,,,,,,,,,,,,,,,,,,,,,,,101.923615,14.210162,0.35580224,101.923615,14.210162,0.57025844,,,,,,,,,,,,,,,,,101.923615,14.3001,0.008660819,101.923615,14.3001,0.00056396495,,,,,,,,,,,,,,,,,,,,,,,,,,,,,101.923615,14.3001,1.0000001e-07,101.923615,14.3001,7.0,,,,,,,
101.923615,14.240142,0.00077346415,101.923615,14.240142,0.0007585899,,,,,,,,,,,,,,,,,,,,,,,,,,,,,,,,,,,,,,,,,,,,,,,,,,,,,,,,,,,,,101.923615,14.240142,0.6274551,101.923615,14.240142,0.56285816,,,,,,,,,,,,,,,,,101.923615,14.33008,-0.001821147,101.923615,14.33008,-0.0038292697,,,,,,,,,,,,,,,,,,,,,,,,,,,,,101.923615,14.33008,1.0000001e-07,101.923615,14.33008,7.0,,,,,,,
101.923615,14.270121,0.00071396696,101.923615,14.270121,0.00068421836,,,,,,,,,,,,,,,,,,,,,,,,,,,,,,,,,,,,,,,,,,,,,,,,,,,,,,,,,,,,,101.923615,14.270121,0.39367503,101.923615,14.270121,0.33160126,,,,,,,,,,,,,,,,,101.923615,14.360059,-0.0031960402,101.923615,14.360059,-0.0013798639,,,,,,,,,,,,,,,,,,,,,,,,,,,,,101.923615,14.360059,1.0000001e-07,101.923615,14.360059,7.0,,,,,,,
101.923615,14.3001,0.0008329615,101.923615,14.3001,0.0006842183,,,,,,,,,,,,,,,,,,,,,,,,,,,,,,,,,,,,,,,,,,,,,,,,,,,,,,,,,,,,,101.923615,14.3001,0.8117562,101.923615,14.3001,0.3395411,,,,,,,,,,,,,,,,,101.923615,14.3900385,-0.002853366,101.923615,14.3900385,-0.0033401446,,,,,,,,,,,,,,,,,,,,,,,,,,,,,101.923615,14.3900385,1.0000001e-07,101.923615,14.3900385,7.0,,,,,,,
101.923615,14.330079,0.00058009813,101.923615,14.330079,0.00062472105,,,,,,,,,,,,,,,,,,,,,,,,,,,,,,,,,,,,,,,,,,,,,,,,,,,,,,,,,,,,,101.923615,14.330079,-0.06574908,101.923615,14.330079,0.12633319,,,,,,,,,,,,,,,,,101.923615,14.420017,-0.0047512436,101.923615,14.420017,0.002451888,,,,,,,,,,,,,,,,,,,,,,,,,,,,,101.923615,14.420017,1.0000001e-07,101.923615,14.420017,7.0,,,,,,,
101.923615,14.360059,0.00065446965,101.923615,14.360059,0.0006395954,,,,,,,,,,,,,,,,,,,,,,,,,,,,,,,,,,,,,,,,,,,,,,,,,,,,,,,,,,,,,101.923615,14.360059,0.21115772,101.923615,14.360059,0.16872583,,,,,,,,,,,,,,,,,101.923615,14.449997,0.00892051,101.923615,14.449997,-0.0121096885,,,,,,,,,,,,,,,,,,,,,,,,,,,,,101.923615,14.449997,1.0000001e-07,101.923615,14.449997,7.0,,,,,,,
101.923615,14.390038,0.00062472105,101.923615,14.390038,0.0005949724,,,,,,,,,,,,,,,,,,,,,,,,,,,,,,,,,,,,,,,,,,,,,,,,,,,,,,,,,,,,,101.923615,14.390038,0.097044736,101.923615,14.390038,0.024074495,,,,,,,,,,,,,,,,,101.923615,14.479976,0.0004270299,101.923615,14.479976,-0.0016003727,,,,,,,,,,,,,,,,,,,,,,,,,,,,,101.923615,14.479976,1.0000001e-07,101.923615,14.479976,7.0,,,,,,,
101.923615,14.420017,0.0006098467,101.923615,14.420017,0.0007437156,,,,,,,,,,,,,,,,,,,,,,,,,,,,,,,,,,,,,,,,,,,,,,,,,,,,,,,,,,,,,101.923615,14.420017,0.062326115,101.923615,14.420017,0.5130208,,,,,,,,,,,,,,,,,101.923615,14.509955,-0.002491014,101.923615,14.509955,0.003361559,,,,,,,,,,,,,,,,,,,,,,,,,,,,,101.923615,14.509955,1.0000001e-07,101.923615,14.509955,7.0,,,,,,,
101.923615,14.449996,0.0008180871,101.923615,14.449996,0.00043135503,,,,,,,,,,,,,,,,,,,,,,,,,,,,,,,,,,,,,,,,,,,,,,,,,,,,,,,,,,,,,101.923615,14.449996,0.79298663,101.923615,14.449996,-0.55306214,,,,,,,,,,,,,,,,,101.923615,14.539934,-0.003192717,101.923615,14.539934,-9.416902e-05,,,,,,,,,,,,,,,,,,,,,,,,,,,,,101.923615,14.539934,1.0000001e-07,101.923615,14.539934,7.0,,,,,,,
101.923615,14.479976,0.0007288412,101.923615,14.479976,0.0005503495,,,,,,,,,,,,,,,,,,,,,,,,,,,,,,,,,,,,,,,,,,,,,,,,,,,,,,,,,,,,,101.923615,14.479976,0.4188102,101.923615,14.479976,-0.15595886,,,,,,,,,,,,,,,,,101.923615,14.569914,0.0052077603,101.923615,14.569914,0.0024577077,,,,,,,,,,,,,,,,,,,,,,,,,,,,,101.923615,14.569914,1.0000001e-07,101.923615,14.569914,7.0,,,,,,,
101.923615,14.509955,0.0007139669,101.923615,14.509955,0.00074371556,,,,,,,,,,,,,,,,,,,,,,,,,,,,,,,,,,,,,,,,,,,,,,,,,,,,,,,,,,,,,101.923615,14.509955,0.41766727,101.923615,14.509955,0.52960634,,,,,,,,,,,,,,,,,101.923615,14.599893,0.008044473,101.923615,14.599893,-0.0045236703,,,,,,,,,,,,,,,,,,,,,,,,,,,,,101.923615,14.599893,1.0000001e-07,101.923615,14.599893,7.0,,,,,,,
101.923615,14.539934,0.0006544697,101.923615,14.539934,0.00062472105,,,,,,,,,,,,,,,,,,,,,,,,,,,,,,,,,,,,,,,,,,,,,,,,,,,,,,,,,,,,,101.923615,14.539934,0.23877682,101.923615,14.539934,0.12305246,,,,,,,,,,,,,,,,,101.923615,14.629872,-0.001563256,101.923615,14.629872,-0.0046594613,,,,,,,,,,,,,,,,,,,,,,,,,,,,,101.923615,14.629872,1.0000001e-07,101.923615,14.629872,7.0,,,,,,,
101.923615,14.569914,0.0007437156,101.923615,14.569914,0.00066934404,,,,,,,,,,,,,,,,,,,,,,,,,,,,,,,,,,,,,,,,,,,,,,,,,,,,,,,,,,,,,101.923615,14.569914,0.5002523,101.923615,14.569914,0.29250878,,,,,,,,,,,,,,,,,101.923615,14.659851,0.002188898,101.923615,14.659851,0.0007772897,,,,,,,,,,,,,,,,,,,,,,,,,,,,,101.923615,14.659851,1.0000001e-07,101.923615,14.659851,7.0,,,,,,,
101.923615,14.599893,0.00086271006,101.923615,14.599893,0.0005652238,,,,,,,,,,,,,,,,,,,,,,,,,,,,,,,,,,,,,,,,,,,,,,,,,,,,,,,,,,,,,101.923615,14.599893,0.9164059,101.923615,14.599893,-0.0914394,,,,,,,,,,,,,,,,,101.923615,14.689831,0.0034958024,101.923615,14.689831,-0.0033240716,,,,,,,,,,,,,,,,,,,,,,,,,,,,,101.923615,14.689831,1.0000001e-07,101.923615,14.689831,7.0,,,,,,,
101.923615,14.629872,0.0006247211,101.923615,14.629872,0.0005652238,,,,,,,,,,,,,,,,,,,,,,,,,,,,,,,,,,,,,,,,,,,,,,,,,,,,,,,,,,,,,101.923615,14.629872,0.09191665,101.923615,14.629872,-0.09835533,,,,,,,,,,,,,,,,,101.923615,14.71981,-0.00031967522,101.923615,14.71981,-0.00017103372,,,,,,,,,,,,,,,,,,,,,,,,,,,,,101.923615,14.71981,1.0000001e-07,101.923615,14.71981,7.0,,,,,,,
101.923615,14.659851,0.00072884123,101.923615,14.659851,0.0006098468,,,,,,,,,,,,,,,,,,,,,,,,,,,,,,,,,,,,,,,,,,,,,,,,,,,,,,,,,,,,,101.923615,14.659851,0.49032795,101.923615,14.659851,0.0550517,,,,,,,,,,,,,,,,,101.923615,14.749789,-0.0026800584,101.923615,14.749789,-0.00015007012,,,,,,,,,,,,,,,,,,,,,,,,,,,,,101.923615,14.749789,1.0000001e-07,101.923615,14.749789,7.0,,,,,,,
101.923615,14.689831,0.0008180871,101.923615,14.689831,0.00062472105,,,,,,,,,,,,,,,,,,,,,,,,,,,,,,,,,,,,,,,,,,,,,,,,,,,,,,,,,,,,,101.923615,14.689831,0.76567274,101.923615,14.689831,0.115052715,,,,,,,,,,,,,,,,,101.923615,14.779768,0.013735217,101.923615,14.779768,-0.0063540726,,,,,,,,,,,,,,,,,,,,,,,,,,,,,101.923615,14.779768,1.0000001e-07,101.923615,14.779768,7.0,,,,,,,
101.923615,14.71981,0.0007437156,101.923615,14.71981,0.000713967,,,,,,,,,,,,,,,,,,,,,,,,,,,,,,,,,,,,,,,,,,,,,,,,,,,,,,,,,,,,,101.923615,14.71981,0.5002279,101.923615,14.71981,0.41760886,,,,,,,,,,,,,,,,,101.923615,14.809748,0.00018523198,101.923615,14.809748,-0.010259196,,,,,,,,,,,,,,,,,,,,,,,,,,,,,101.923615,14.809748,1.0000001e-07,101.923615,14.809748,7.0,,,,,,,
101.923615,14.749789,0.00065446965,101.923615,14.749789,0.000669344,,,,,,,,,,,,,,,,,,,,,,,,,,,,,,,,,,,,,,,,,,,,,,,,,,,,,,,,,,,,,101.923615,14.749789,0.20928288,101.923615,14.749789,0.2676532,,,,,,,,,,,,,,,,,101.923615,14.839726,-0.0008517747,101.923615,14.839726,0.00057592324,,,,,,,,,,,,,,,,,,,,,,,,,,,,,101.923615,14.839726,1.0000001e-07,101.923615,14.839726,7.0,,,,,,,
101.923615,14.779768,0.0009519559,101.923615,14.779768,0.0005652238,,,,,,,,,,,,,,,,,,,,,,,,,,,,,,,,,,,,,,,,,,,,,,,,,,,,,,,,,,,,,101.923615,14.779768,1.223916,101.923615,14.779768,-0.07560387,,,,,,,,,,,,,,,,,101.923615,14.869706,-4.4236374e-05,101.923615,14.869706,-0.011939798,,,,,,,,,,,,,,,,,,,,,,,,,,,,,101.923615,14.869706,1.0000001e-07,101.923615,14.869706,7.0,,,,,,,
101.923615,14.809748,0.00069909263,101.923615,14.809748,0.0004908523,,,,,,,,,,,,,,,,,,,,,,,,,,,,,,,,,,,,,,,,,,,,,,,,,,,,,,,,,,,,,101.923615,14.809748,0.4046243,101.923615,14.809748,-0.35193253,,,,,,,,,,,,,,,,,101.923615,14.899685,0.006520611,101.923615,14.899685,-0.0009173449,,,,,,,,,,,,,,,,,,,,,,,,,,,,,101.923615,14.899685,1.0000001e-07,101.923615,14.899685,7.0,,,,,,,
101.923615,14.839726,0.00071396696,101.923615,14.839726,0.00066934404,,,,,,,,,,,,,,,,,,,,,,,,,,,,,,,,,,,,,,,,,,,,,,,,,,,,,,,,,,,,,101.923615,14.839726,0.4165229,101.923615,14.839726,0.28527117,,,,,,,,,,,,,,,,,101.923615,14.929665,0.0041545057,101.923615,14.929665,-0.00021746724,,,,,,,,,,,,,,,,,,,,,,,,,,,,,101.923615,14.929665,1.0000001e-07,101.923615,14.929665,7.0,,,,,,,
101.923615,14.869706,0.000713967,101.923615,14.869706,0.00046110366,,,,,,,,,,,,,,,,,,,,,,,,,,,,,,,,,,,,,,,,,,,,,,,,,,,,,,,,,,,,,101.923615,14.869706,0.4127247,101.923615,14.869706,-0.46644354,,,,,,,,,,,,,,,,,101.923615,14.959643,0.0020079748,101.923615,14.959643,0.0018740199,,,,,,,,,,,,,,,,,,,,,,,,,,,,,101.923615,14.959643,1.0000001e-07,101.923615,14.959643,7.0,,,,,,,
101.923615,14.899685,0.0007585899,101.923615,14.899685,0.0006395954,,,,,,,,,,,,,,,,,,,,,,,,,,,,,,,,,,,,,,,,,,,,,,,,,,,,,,,,,,,,,101.923615,14.899685,0.5243477,101.923615,14.899685,0.1590542,,,,,,,,,,,,,,,,,101.923615,14.989623,0.0037250204,101.923615,14.989623,0.0003194304,,,,,,,,,,,,,,,,,,,,,,,,,,,,,101.923615,14.989623,1.0000001e-07,101.923615,14.989623,7.0,,,,,,,
101.923615,14.929665,0.0007437155,101.923615,14.929665,0.0006990926,,,,,,,,,,,,,,,,,,,,,,,,,,,,,,,,,,,,,,,,,,,,,,,,,,,,,,,,,,,,,101.923615,14.929665,0.5108287,101.923615,14.929665,0.35547513,,,,,,,,,,,,,,,,,101.923615,15.019603,-0.0033960133,101.923615,15.019603,-0.003893922,,,,,,,,,,,,,,,,,,,,,,,,,,,,,101.923615,15.019603,1.0000001e-07,101.923615,15.019603,7.0,,,,,,,
101.923615,14.959643,0.0007288412,101.923615,14.959643,0.00066934404,,,,,,,,,,,,,,,,,,,,,,,,,,,,,,,,,,,,,,,,,,,,,,,,,,,,,,,,,,,,,101.923615,14.959643,0.4825333,101.923615,14.959643,0.25956133,,,,,,,,,,,,,,,,,101.923615,15.049582,0.008353192,101.923615,15.049582,-0.005242046,,,,,,,,,,,,,,,,,,,,,,,,,,,,,101.923615,15.049582,1.0000001e-07,101.923615,15.049582,7.0,,,,,,,
101.923615,14.989623,0.0007437156,101.923615,14.989623,0.0007139669,,,,,,,,,,,,,,,,,,,,,,,,,,,,,,,,,,,,,,,,,,,,,,,,,,,,,,,,,,,,,101.923615,14.989623,0.54237294,101.923615,14.989623,0.4421303,,,,,,,,,,,,,,,,,101.923615,15.079561,-0.0013573612,101.923615,15.079561,0.00047137175,,,,,,,,,,,,,,,,,,,,,,,,,,,,,101.923615,15.079561,1.0000001e-07,101.923615,15.079561,7.0,,,,,,,
101.923615,15.019602,0.0005949724,101.923615,15.019602,0.00059497246,,,,,,,,,,,,,,,,,,,,,,,,,,,,,,,,,,,,,,,,,,,,,,,,,,,,,,,,,,,,,101.923615,15.019602,-0.004204439,101.923615,15.019602,0.015530467,,,,,,,,,,,,,,,,,101.923615,15.10954,-0.0007413003,101.923615,15.10954,-0.006654704,,,,,,,,,,,,,,,,,,,,,,,,,,,,,101.923615,15.10954,1.0000001e-07,101.923615,15.10954,7.0,,,,,,,
101.923615,15.049582,0.00087758445,101.923615,15.049582,0.0005800982,,,,,,,,,,,,,,,,,,,,,,,,,,,,,,,,,,,,,,,,,,,,,,,,,,,,,,,,,,,,,101.923615,15.049582,0.9643744,101.923615,15.049582,-0.021544835,,,,,,,,,,,,,,,,,101.923615,15.13952,0.0053769443,101.923615,15.13952,0.0070748297,,,,,,,,,,,,,,,,,,,,,,,,,,,,,101.923615,15.13952,1.0000001e-07,101.923615,15.13952,7.0,,,,,,,
101.923615,15.07956,0.00065446965,101.923615,15.07956,0.00060984684,,,,,,,,,,,,,,,,,,,,,,,,,,,,,,,,,,,,,,,,,,,,,,,,,,,,,,,,,,,,,101.923615,15.07956,0.20715795,101.923615,15.07956,0.067305356,,,,,,,,,,,,,,,,,101.923615,15.169498,0.007679354,101.923615,15.169498,-0.0019268135,,,,,,,,,,,,,,,,,,,,,,,,,,,,,101.923615,15.169498,1.0000001e-07,101.923615,15.169498,7.0,,,,,,,
101.923615,15.10954,0.0007139669,101.923615,15.10954,0.0005652238,,,,,,,,,,,,,,,,,,,,,,,,,,,,,,,,,,,,,,,,,,,,,,,,,,,,,,,,,,,,,101.923615,15.10954,0.44592476,101.923615,15.10954,-0.100846976,,,,,,,,,,,,,,,,,101.923615,15.199478,0.0025884167,101.923615,15.199478,0.0008071815,,,,,,,,,,,,,,,,,,,,,,,,,,,,,101.923615,15.199478,1.0000001e-07,101.923615,15.199478,7.0,,,,,,,
101.923615,15.139519,0.0007437156,101.923615,15.139519,0.00080321287,,,,,,,,,,,,,,,,,,,,,,,,,,,,,,,,,,,,,,,,,,,,,,,,,,,,,,,,,,,,,101.923615,15.139519,0.4914929,101.923615,15.139519,0.75071704,,,,,,,,,,,,,,,,,101.923615,15.229457,0.013274209,101.923615,15.229457,0.008715757,,,,,,,,,,,,,,,,,,,,,,,,,,,,,101.923615,15.229457,1.0000001e-07,101.923615,15.229457,7.0,,,,,,,
101.923615,15.169498,0.0007883385,101.923615,15.169498,0.00068421825,,,,,,,,,,,,,,,,,,,,,,,,,,,,,,,,,,,,,,,,,,,,,,,,,,,,,,,,,,,,,101.923615,15.169498,0.6802399,101.923615,15.169498,0.32496324,,,,,,,,,,,,,,,,,101.923615,15.259437,0.0025414287,101.923615,15.259437,0.0042453203,,,,,,,,,,,,,,,,,,,,,,,,,,,,,101.923615,15.259437,1.0000001e-07,101.923615,15.259437,7.0,,,,,,,
101.923615,15.199477,0.00074371556,101.923615,15.199477,0.0007139669,,,,,,,,,,,,,,,,,,,,,,,,,,,,,,,,,,,,,,,,,,,,,,,,,,,,,,,,,,,,,101.923615,15.199477,0.5240485,101.923615,15.199477,0.4242639,,,,,,,,,,,,,,,,,101.923615,15.289415,0.0030279923,101.923615,15.289415,0.011215533,,,,,,,,,,,,,,,,,,,,,,,,,,,,,101.923615,15.289415,1.0000001e-07,101.923615,15.289415,7.0,,,,,,,
101.923615,15.229457,0.0009668303,101.923615,15.229457,0.00078833854,,,,,,,,,,,,,,,,,,,,,,,,,,,,,,,,,,,,,,,,,,,,,,,,,,,,,,,,,,,,,101.923615,15.229457,1.3220408,101.923615,15.229457,0.6814041,,,,,,,,,,,,,,,,,101.923615,15.319395,0.0003424142,101.923615,15.319395,-0.0013827491,,,,,,,,,,,,,,,,,,,,,,,,,,,,,101.923615,15.319395,1.0000001e-07,101.923615,15.319395,7.0,,,,,,,
101.923615,15.259436,0.000713967,101.923615,15.259436,0.0007585899,,,,,,,,,,,,,,,,,,,,,,,,,,,,,,,,,,,,,,,,,,,,,,,,,,,,,,,,,,,,,101.923615,15.259436,0.43809512,101.923615,15.259436,0.5903918,,,,,,,,,,,,,,,,,101.923615,15.349374,0.0018513122,101.923615,15.349374,-0.0031915947,,,,,,,,,,,,,,,,,,,,,,,,,,,,,101.923615,15.349374,1.0000001e-07,101.923615,15.349374,7.0,,,,,,,
101.923615,15.289415,0.0007585899,101.923615,15.289415,0.0008180872,,,,,,,,,,,,,,,,,,,,,,,,,,,,,,,,,,,,,,,,,,,,,,,,,,,,,,,,,,,,,101.923615,15.289415,0.60726684,101.923615,15.289415,0.80036885,,,,,,,,,,,,,,,,,101.923615,15.379354,0.013479867,101.923615,15.379354,0.0018935429,,,,,,,,,,,,,,,,,,,,,,,,,,,,,101.923615,15.379354,1.0000001e-07,101.923615,15.379354,7.0,,,,,,,
101.923615,15.319394,0.0007139669,101.923615,15.319394,0.0006247211,,,,,,,,,,,,,,,,,,,,,,,,,,,,,,,,,,,,,,,,,,,,,,,,,,,,,,,,,,,,,101.923615,15.319394,0.40503943,101.923615,15.319394,0.12146936,,,,,,,,,,,,,,,,,101.923615,15.409332,0.01483527,101.923615,15.409332,-0.008859881,,,,,,,,,,,,,,,,,,,,,,,,,,,,,101.923615,15.409332,1.0000001e-07,101.923615,15.409332,7.0,,,,,,,
101.923615,15.349374,0.0007139669,101.923615,15.349374,0.0006544697,,,,,,,,,,,,,,,,,,,,,,,,,,,,,,,,,,,,,,,,,,,,,,,,,,,,,,,,,,,,,101.923615,15.349374,0.42221442,101.923615,15.349374,0.20391117,,,,,,,,,,,,,,,,,101.923615,15.439312,-0.0043168403,101.923615,15.439312,-0.002593843,,,,,,,,,,,,,,,,,,,,,,,,,,,,,101.923615,15.439312,1.0000001e-07,101.923615,15.439312,7.0,,,,,,,
101.923615,15.379354,0.00093708164,101.923615,15.379354,0.00069909263,,,,,,,,,,,,,,,,,,,,,,,,,,,,,,,,,,,,,,,,,,,,,,,,,,,,,,,,,,,,,101.923615,15.379354,1.1884305,101.923615,15.379354,0.35398155,,,,,,,,,,,,,,,,,101.923615,15.469291,-0.0014363105,101.923615,15.469291,-0.0059911353,,,,,,,,,,,,,,,,,,,,,,,,,,,,,101.923615,15.469291,1.0000001e-07,101.923615,15.469291,7.0,,,,,,,
101.923615,15.409332,0.000996579,101.923615,15.409332,0.0004908523,,,,,,,,,,,,,,,,,,,,,,,,,,,,,,,,,,,,,,,,,,,,,,,,,,,,,,,,,,,,,101.923615,15.409332,1.4606299,101.923615,15.409332,-0.35188803,,,,,,,,,,,,,,,,,101.923615,15.49927,-0.0002340854,101.923615,15.49927,0.002760523,,,,,,,,,,,,,,,,,,,,,,,,,,,,,101.923615,15.49927,1.0000001e-07,101.923615,15.49927,7.0,,,,,,,
101.923615,15.439312,0.0005503495,101.923615,15.439312,0.0005949724,,,,,,,,,,,,,,,,,,,,,,,,,,,,,,,,,,,,,,,,,,,,,,,,,,,,,,,,,,,,,101.923615,15.439312,-0.18103811,101.923615,15.439312,0.014156633,,,,,,,,,,,,,,,,,101.923615,15.529249,0.00072754023,101.923615,15.529249,0.0028138119,,,,,,,,,,,,,,,,,,,,,,,,,,,,,101.923615,15.529249,1.0000001e-07,101.923615,15.529249,7.0,,,,,,,
101.923615,15.469291,0.00069909263,101.923615,15.469291,0.00055034953,,,,,,,,,,,,,,,,,,,,,,,,,,,,,,,,,,,,,,,,,,,,,,,,,,,,,,,,,,,,,101.923615,15.469291,0.38951588,101.923615,15.469291,-0.14791925,,,,,,,,,,,,,,,,,101.923615,15.559229,0.0012008925,101.923615,15.559229,0.0025318803,,,,,,,,,,,,,,,,,,,,,,,,,,,,,101.923615,15.559229,1.0000001e-07,101.923615,15.559229,7.0,,,,,,,
101.923615,15.49927,0.0006247211,101.923615,15.49927,0.00071396696,,,,,,,,,,,,,,,,,,,,,,,,,,,,,,,,,,,,,,,,,,,,,,,,,,,,,,,,,,,,,101.923615,15.49927,0.12226897,101.923615,15.49927,0.43329895,,,,,,,,,,,,,,,,,101.923615,15.589208,0.007688171,101.923615,15.589208,-0.0066960133,,,,,,,,,,,,,,,,,,,,,,,,,,,,,101.923615,15.589208,1.0000001e-07,101.923615,15.589208,7.0,,,,,,,
101.923615,15.529249,0.00065446965,101.923615,15.529249,0.00072884123,,,,,,,,,,,,,,,,,,,,,,,,,,,,,,,,,,,,,,,,,,,,,,,,,,,,,,,,,,,,,101.923615,15.529249,0.21096206,101.923615,15.529249,0.4902059,,,,,,,,,,,,,,,,,101.923615,15.619187,0.0058053304,101.923615,15.619187,-0.004783734,,,,,,,,,,,,,,,,,,,,,,,,,,,,,101.923615,15.619187,1.0000001e-07,101.923615,15.619187,7.0,,,,,,,
101.923615,15.559229,0.0007585898,101.923615,15.559229,0.00072884135,,,,,,,,,,,,,,,,,,,,,,,,,,,,,,,,,,,,,,,,,,,,,,,,,,,,,,,,,,,,,101.923615,15.559229,0.5915022,101.923615,15.559229,0.47094053,,,,,,,,,,,,,,,,,101.923615,15.649166,-0.0041214074,101.923615,15.649166,-0.012301362,,,,,,,,,,,,,,,,,,,,,,,,,,,,,101.923615,15.649166,1.0000001e-07,101.923615,15.649166,7.0,,,,,,,
101.923615,15.589208,0.00087758445,101.923615,15.589208,0.0005652238,,,,,,,,,,,,,,,,,,,,,,,,,,,,,,,,,,,,,,,,,,,,,,,,,,,,,,,,,,,,,101.923615,15.589208,1.0213909,101.923615,15.589208,-0.090643436,,,,,,,,,,,,,,,,,101.923615,15.679146,0.007340595,101.923615,15.679146,0.0041247574,,,,,,,,,,,,,,,,,,,,,,,,,,,,,101.923615,15.679146,1.0000001e-07,101.923615,15.679146,7.0,,,,,,,
101.923615,15.619187,0.0007883385,101.923615,15.619187,0.0005652238,,,,,,,,,,,,,,,,,,,,,,,,,,,,,,,,,,,,,,,,,,,,,,,,,,,,,,,,,,,,,101.923615,15.619187,0.6338377,101.923615,15.619187,-0.09001278,,,,,,,,,,,,,,,,,101.923615,15.709125,0.005105245,101.923615,15.709125,-0.00016116594,,,,,,,,,,,,,,,,,,,,,,,,,,,,,101.923615,15.709125,1.0000001e-07,101.923615,15.709125,7.0,,,,,,,
101.923615,15.649166,0.0006395953,101.923615,15.649166,0.0005206008,,,,,,,,,,,,,,,,,,,,,,,,,,,,,,,,,,,,,,,,,,,,,,,,,,,,,,,,,,,,,101.923615,15.649166,0.15384524,101.923615,15.649166,-0.24639066,,,,,,,,,,,,,,,,,101.923615,15.739104,-0.0039079543,101.923615,15.739104,0.0060781683,,,,,,,,,,,,,,,,,,,,,,,,,,,,,101.923615,15.739104,1.0000001e-07,101.923615,15.739104,7.0,,,,,,,
101.923615,15.679146,0.0007437156,101.923615,15.679146,0.0007734642,,,,,,,,,,,,,,,,,,,,,,,,,,,,,,,,,,,,,,,,,,,,,,,,,,,,,,,,,,,,,101.923615,15.679146,0.48762906,101.923615,15.679146,0.6459358,,,,,,,,,,,,,,,,,101.923615,15.769083,-0.003609935,101.923615,15.769083,-0.003956688,,,,,,,,,,,,,,,,,,,,,,,,,,,,,101.923615,15.769083,1.0000001e-07,101.923615,15.769083,7.0,,,,,,,
101.923615,15.709125,0.0007883385,101.923615,15.709125,0.000669344,,,,,,,,,,,,,,,,,,,,,,,,,,,,,,,,,,,,,,,,,,,,,,,,,,,,,,,,,,,,,101.923615,15.709125,0.67497087,101.923615,15.709125,0.27438676,,,,,,,,,,,,,,,,,101.923615,15.799063,0.0058873002,101.923615,15.799063,-0.002010809,,,,,,,,,,,,,,,,,,,,,,,,,,,,,101.923615,15.799063,1.0000001e-07,101.923615,15.799063,7.0,,,,,,,
101.923615,15.739104,0.00062472105,101.923615,15.739104,0.0006990927,,,,,,,,,,,,,,,,,,,,,,,,,,,,,,,,,,,,,,,,,,,,,,,,,,,,,,,,,,,,,101.923615,15.739104,0.11323331,101.923615,15.739104,0.35630894,,,,,,,,,,,,,,,,,101.923615,15.829042,0.0025969052,101.923615,15.829042,0.0038174163,,,,,,,,,,,,,,,,,,,,,,,,,,,,,101.923615,15.829042,1.0000001e-07,101.923615,15.829042,7.0,,,,,,,
101.923615,15.769083,0.00059497246,101.923615,15.769083,0.00050572655,,,,,,,,,,,,,,,,,,,,,,,,,,,,,,,,,,,,,,,,,,,,,,,,,,,,,,,,,,,,,101.923615,15.769083,-0.028377566,101.923615,15.769083,-0.30922204,,,,,,,,,,,,,,,,,101.923615,15.859021,0.0007240613,101.923615,15.859021,0.008356448,,,,,,,,,,,,,,,,,,,,,,,,,,,,,101.923615,15.859021,1.0000001e-07,101.923615,15.859021,7.0,,,,,,,
101.923615,15.799063,0.0007585898,101.923615,15.799063,0.0006098467,,,,,,,,,,,,,,,,,,,,,,,,,,,,,,,,,,,,,,,,,,,,,,,,,,,,,,,,,,,,,101.923615,15.799063,0.59869003,101.923615,15.799063,0.07608558,,,,,,,,,,,,,,,,,101.923615,15.889001,0.006586901,101.923615,15.889001,-0.0045521967,,,,,,,,,,,,,,,,,,,,,,,,,,,,,101.923615,15.889001,1.0000001e-07,101.923615,15.889001,7.0,,,,,,,
101.923615,15.8290415,0.00069909263,101.923615,15.8290415,0.000669344,,,,,,,,,,,,,,,,,,,,,,,,,,,,,,,,,,,,,,,,,,,,,,,,,,,,,,,,,,,,,101.923615,15.8290415,0.3186792,101.923615,15.8290415,0.27285567,,,,,,,,,,,,,,,,,101.923615,15.91898,0.0019198968,101.923615,15.91898,0.0062939394,,,,,,,,,,,,,,,,,,,,,,,,,,,,,101.923615,15.91898,1.0000001e-07,101.923615,15.91898,7.0,,,,,,,
101.923615,15.859021,0.00068421836,101.923615,15.859021,0.0007734641,,,,,,,,,,,,,,,,,,,,,,,,,,,,,,,,,,,,,,,,,,,,,,,,,,,,,,,,,,,,,101.923615,15.859021,0.3297484,101.923615,15.859021,0.64683765,,,,,,,,,,,,,,,,,101.923615,15.948959,0.008743886,101.923615,15.948959,-0.011285814,,,,,,,,,,,,,,,,,,,,,,,,,,,,,101.923615,15.948959,1.0000001e-07,101.923615,15.948959,7.0,,,,,,,
101.923615,15.889,0.0007883386,101.923615,15.889,0.00062472105,,,,,,,,,,,,,,,,,,,,,,,,,,,,,,,,,,,,,,,,,,,,,,,,,,,,,,,,,,,,,101.923615,15.889,0.66161656,101.923615,15.889,0.11867215,,,,,,,,,,,,,,,,,101.923615,15.978938,0.011979518,101.923615,15.978938,-0.0005691084,,,,,,,,,,,,,,,,,,,,,,,,,,,,,101.923615,15.978938,1.0000001e-07,101.923615,15.978938,7.0,,,,,,,
101.923615,15.91898,0.0006395954,101.923615,15.91898,0.0007883385,,,,,,,,,,,,,,,,,,,,,,,,,,,,,,,,,,,,,,,,,,,,,,,,,,,,,,,,,,,,,101.923615,15.91898,0.15180294,101.923615,15.91898,0.68045324,,,,,,,,,,,,,,,,,101.923615,16.008917,0.009858527,101.923615,16.008917,-0.011659109,,,,,,,,,,,,,,,,,,,,,,,,,,,,,101.923615,16.008917,1.0000001e-07,101.923615,16.008917,7.0,,,,,,,
101.923615,15.948958,0.00083296135,101.923615,15.948958,0.0004611036,,,,,,,,,,,,,,,,,,,,,,,,,,,,,,,,,,,,,,,,,,,,,,,,,,,,,,,,,,,,,101.923615,15.948958,0.8619354,101.923615,15.948958,-0.4489938,,,,,,,,,,,,,,,,,101.923615,16.038897,0.009944003,101.923615,16.038897,-0.0011256489,,,,,,,,,,,,,,,,,,,,,,,,,,,,,101.923615,16.038897,1.0000001e-07,101.923615,16.038897,7.0,,,,,,,
101.923615,15.978938,0.000818087,101.923615,15.978938,0.00072884123,,,,,,,,,,,,,,,,,,,,,,,,,,,,,,,,,,,,,,,,,,,,,,,,,,,,,,,,,,,,,101.923615,15.978938,0.8184882,101.923615,15.978938,0.47786257,,,,,,,,,,,,,,,,,101.923615,16.068876,-0.0041353535,101.923615,16.068876,-0.0049827863,,,,,,,,,,,,,,,,,,,,,,,,,,,,,101.923615,16.068876,1.0000001e-07,101.923615,16.068876,7.0,,,,,,,
101.923615,16.008917,0.000818087,101.923615,16.008917,0.00046110366,,,,,,,,,,,,,,,,,,,,,,,,,,,,,,,,,,,,,,,,,,,,,,,,,,,,,,,,,,,,,101.923615,16.008917,0.7979294,101.923615,16.008917,-0.45748603,,,,,,,,,,,,,,,,,101.923615,16.098856,0.0056145545,101.923615,16.098856,-0.00862838,,,,,,,,,,,,,,,,,,,,,,,,,,,,,101.923615,16.098856,1.0000001e-07,101.923615,16.098856,7.0,,,,,,,
101.923615,16.038897,0.0008329615,101.923615,16.038897,0.0006098468,,,,,,,,,,,,,,,,,,,,,,,,,,,,,,,,,,,,,,,,,,,,,,,,,,,,,,,,,,,,,101.923615,16.038897,0.86178464,101.923615,16.038897,0.048384946,,,,,,,,,,,,,,,,,101.923615,16.128834,-0.012922157,101.923615,16.128834,0.0035808112,,,,,,,,,,,,,,,,,,,,,,,,,,,,,101.923615,16.128834,1.0000001e-07,101.923615,16.128834,7.0,,,,,,,
101.923615,16.068876,0.0006098468,101.923615,16.068876,0.0006098468,,,,,,,,,,,,,,,,,,,,,,,,,,,,,,,,,,,,,,,,,,,,,,,,,,,,,,,,,,,,,101.923615,16.068876,0.0503237,101.923615,16.068876,0.050119758,,,,,,,,,,,,,,,,,101.923615,16.158813,0.0071087223,101.923615,16.158813,0.00565934,,,,,,,,,,,,,,,,,,,,,,,,,,,,,101.923615,16.158813,1.0000001e-07,101.923615,16.158813,7.0,,,,,,,
101.923615,16.098854,0.0007883385,101.923615,16.098854,0.00046110366,,,,,,,,,,,,,,,,,,,,,,,,,,,,,,,,,,,,,,,,,,,,,,,,,,,,,,,,,,,,,101.923615,16.098854,0.7002502,101.923615,16.098854,-0.44508016,,,,,,,,,,,,,,,,,101.923615,16.188793,-0.0027636145,101.923615,16.188793,-0.011465647,,,,,,,,,,,,,,,,,,,,,,,,,,,,,101.923615,16.188793,1.0000001e-07,101.923615,16.188793,7.0,,,,,,,
101.923615,16.128834,0.00052060094,101.923615,16.128834,0.0007437156,,,,,,,,,,,,,,,,,,,,,,,,,,,,,,,,,,,,,,,,,,,,,,,,,,,,,,,,,,,,,101.923615,16.128834,-0.29749346,101.923615,16.128834,0.5308604,,,,,,,,,,,,,,,,,101.923615,16.218773,0.009773058,101.923615,16.218773,-0.003447128,,,,,,,,,,,,,,,,,,,,,,,,,,,,,101.923615,16.218773,1.0000001e-07,101.923615,16.218773,7.0,,,,,,,
101.923615,16.158813,0.0008032128,101.923615,16.158813,0.00072884123,,,,,,,,,,,,,,,,,,,,,,,,,,,,,,,,,,,,,,,,,,,,,,,,,,,,,,,,,,,,,101.923615,16.158813,0.72241944,101.923615,16.158813,0.48271286,,,,,,,,,,,,,,,,,101.923615,16.24875,0.0051318253,101.923615,16.24875,0.0057960665,,,,,,,,,,,,,,,,,,,,,,,,,,,,,101.923615,16.24875,1.0000001e-07,101.923615,16.24875,7.0,,,,,,,
101.923615,16.188793,0.00062472105,101.923615,16.188793,0.00047597795,,,,,,,,,,,,,,,,,,,,,,,,,,,,,,,,,,,,,,,,,,,,,,,,,,,,,,,,,,,,,101.923615,16.188793,0.07503092,101.923615,16.188793,-0.395551,,,,,,,,,,,,,,,,,101.923615,16.27873,-0.010126635,101.923615,16.27873,0.00015259428,,,,,,,,,,,,,,,,,,,,,,,,,,,,,101.923615,16.27873,1.0000001e-07,101.923615,16.27873,7.0,,,,,,,
101.923615,16.218773,0.00080321287,101.923615,16.218773,0.0005800982,,,,,,,,,,,,,,,,,,,,,,,,,,,,,,,,,,,,,,,,,,,,,,,,,,,,,,,,,,,,,101.923615,16.218773,0.76440454,101.923615,16.218773,-0.032037973,,,,,,,,,,,,,,,,,101.923615,16.30871,0.010332678,101.923615,16.30871,0.006271439,,,,,,,,,,,,,,,,,,,,,,,,,,,,,101.923615,16.30871,1.0000001e-07,101.923615,16.30871,7.0,,,,,,,
101.923615,16.24875,0.0007139669,101.923615,16.24875,0.00071396696,,,,,,,,,,,,,,,,,,,,,,,,,,,,,,,,,,,,,,,,,,,,,,,,,,,,,,,,,,,,,101.923615,16.24875,0.44043157,101.923615,16.24875,0.42232725,,,,,,,,,,,,,,,,,101.923615,16.33869,-0.008205701,101.923615,16.33869,-0.008002015,,,,,,,,,,,,,,,,,,,,,,,,,,,,,101.923615,16.33869,1.0000001e-07,101.923615,16.33869,7.0,,,,,,,
101.923615,16.27873,0.0004908523,101.923615,16.27873,0.00062472105,,,,,,,,,,,,,,,,,,,,,,,,,,,,,,,,,,,,,,,,,,,,,,,,,,,,,,,,,,,,,101.923615,16.27873,-0.37965718,101.923615,16.27873,0.11921264,,,,,,,,,,,,,,,,,101.923615,16.368668,0.006061064,101.923615,16.368668,0.007358305,,,,,,,,,,,,,,,,,,,,,,,,,,,,,101.923615,16.368668,1.0000001e-07,101.923615,16.368668,7.0,,,,,,,
101.923615,16.30871,0.00086271006,101.923615,16.30871,0.0007585899,,,,,,,,,,,,,,,,,,,,,,,,,,,,,,,,,,,,,,,,,,,,,,,,,,,,,,,,,,,,,101.923615,16.30871,0.9849476,101.923615,16.30871,0.6088314,,,,,,,,,,,,,,,,,101.923615,16.398647,0.009165958,101.923615,16.398647,-0.0004535934,,,,,,,,,,,,,,,,,,,,,,,,,,,,,101.923615,16.398647,1.0000001e-07,101.923615,16.398647,7.0,,,,,,,
101.923615,16.33869,0.00050572655,101.923615,16.33869,0.0005949724,,,,,,,,,,,,,,,,,,,,,,,,,,,,,,,,,,,,,,,,,,,,,,,,,,,,,,,,,,,,,101.923615,16.33869,-0.33423132,101.923615,16.33869,0.0078634815,,,,,,,,,,,,,,,,,101.923615,16.428627,0.00015322401,101.923615,16.428627,-0.00173327,,,,,,,,,,,,,,,,,,,,,,,,,,,,,101.923615,16.428627,1.0000001e-07,101.923615,16.428627,7.0,,,,,,,
101.923615,16.368668,0.00071396696,101.923615,16.368668,0.00072884123,,,,,,,,,,,,,,,,,,,,,,,,,,,,,,,,,,,,,,,,,,,,,,,,,,,,,,,,,,,,,101.923615,16.368668,0.3846405,101.923615,16.368668,0.46337712,,,,,,,,,,,,,,,,,101.923615,16.458607,-0.00123628,101.923615,16.458607,-0.009416892,,,,,,,,,,,,,,,,,,,,,,,,,,,,,101.923615,16.458607,1.0000001e-07,101.923615,16.458607,7.0,,,,,,,
101.923615,16.398647,0.0008032128,101.923615,16.398647,0.0006098467,,,,,,,,,,,,,,,,,,,,,,,,,,,,,,,,,,,,,,,,,,,,,,,,,,,,,,,,,,,,,101.923615,16.398647,0.7431014,101.923615,16.398647,0.058241315,,,,,,,,,,,,,,,,,101.923615,16.488585,-0.0012248424,101.923615,16.488585,-0.0037789494,,,,,,,,,,,,,,,,,,,,,,,,,,,,,101.923615,16.488585,1.0000001e-07,101.923615,16.488585,7.0,,,,,,,
101.923615,16.428627,0.00066934404,101.923615,16.428627,0.0006098467,,,,,,,,,,,,,,,,,,,,,,,,,,,,,,,,,,,,,,,,,,,,,,,,,,,,,,,,,,,,,101.923615,16.428627,0.21791059,101.923615,16.428627,0.07425737,,,,,,,,,,,,,,,,,101.923615,16.518564,-0.00651714,101.923615,16.518564,0.0033142092,,,,,,,,,,,,,,,,,,,,,,,,,,,,,101.923615,16.518564,1.0000001e-07,101.923615,16.518564,7.0,,,,,,,
101.923615,16.458607,0.00058009813,101.923615,16.458607,0.00047597795,,,,,,,,,,,,,,,,,,,,,,,,,,,,,,,,,,,,,,,,,,,,,,,,,,,,,,,,,,,,,101.923615,16.458607,-0.06949295,101.923615,16.458607,-0.3984439,,,,,,,,,,,,,,,,,101.923615,16.548544,0.008250248,101.923615,16.548544,-0.0020914292,,,,,,,,,,,,,,,,,,,,,,,,,,,,,101.923615,16.548544,1.0000001e-07,101.923615,16.548544,7.0,,,,,,,
101.923615,16.488585,0.0006395954,101.923615,16.488585,0.0005503495,,,,,,,,,,,,,,,,,,,,,,,,,,,,,,,,,,,,,,,,,,,,,,,,,,,,,,,,,,,,,101.923615,16.488585,0.18194306,101.923615,16.488585,-0.12118106,,,,,,,,,,,,,,,,,101.923615,16.578524,0.015320327,101.923615,16.578524,-0.00040721023,,,,,,,,,,,,,,,,,,,,,,,,,,,,,101.923615,16.578524,1.0000001e-07,101.923615,16.578524,7.0,,,,,,,
101.923615,16.518564,0.00055034953,101.923615,16.518564,0.00074371556,,,,,,,,,,,,,,,,,,,,,,,,,,,,,,,,,,,,,,,,,,,,,,,,,,,,,,,,,,,,,101.923615,16.518564,-0.17190874,101.923615,16.518564,0.5239934,,,,,,,,,,,,,,,,,101.923615,16.608501,0.0037165815,101.923615,16.608501,-0.0094792815,,,,,,,,,,,,,,,,,,,,,,,,,,,,,101.923615,16.608501,1.0000001e-07,101.923615,16.608501,7.0,,,,,,,
101.923615,16.548544,0.00083296146,101.923615,16.548544,0.00065446965,,,,,,,,,,,,,,,,,,,,,,,,,,,,,,,,,,,,,,,,,,,,,,,,,,,,,,,,,,,,,101.923615,16.548544,0.84558177,101.923615,16.548544,0.20675132,,,,,,,,,,,,,,,,,101.923615,16.638481,0.008768759,101.923615,16.638481,0.0026178434,,,,,,,,,,,,,,,,,,,,,,,,,,,,,101.923615,16.638481,1.0000001e-07,101.923615,16.638481,7.0,,,,,,,
101.923615,16.578524,0.00090733304,101.923615,16.578524,0.00068421825,,,,,,,,,,,,,,,,,,,,,,,,,,,,,,,,,,,,,,,,,,,,,,,,,,,,,,,,,,,,,101.923615,16.578524,1.0913191,101.923615,16.578524,0.34477293,,,,,,,,,,,,,,,,,101.923615,16.66846,-0.018786661,101.923615,16.66846,0.0066284705,,,,,,,,,,,,,,,,,,,,,,,,,,,,,101.923615,16.66846,1.0000001e-07,101.923615,16.66846,7.0,,,,,,,
101.923615,16.608501,0.00074371556,101.923615,16.608501,0.00046110366,,,,,,,,,,,,,,,,,,,,,,,,,,,,,,,,,,,,,,,,,,,,,,,,,,,,,,,,,,,,,101.923615,16.608501,0.51124907,101.923615,16.608501,-0.43892792,,,,,,,,,,,,,,,,,101.923615,16.69844,0.008816698,101.923615,16.69844,-0.0009371697,,,,,,,,,,,,,,,,,,,,,,,,,,,,,101.923615,16.69844,1.0000001e-07,101.923615,16.69844,7.0,,,,,,,
101.923615,16.638481,0.00083296146,101.923615,16.638481,0.00072884123,,,,,,,,,,,,,,,,,,,,,,,,,,,,,,,,,,,,,,,,,,,,,,,,,,,,,,,,,,,,,101.923615,16.638481,0.8462887,101.923615,16.638481,0.4678868,,,,,,,,,,,,,,,,,101.923615,16.72842,0.001208021,101.923615,16.72842,0.001324455,,,,,,,,,,,,,,,,,,,,,,,,,,,,,101.923615,16.72842,1.0000001e-07,101.923615,16.72842,7.0,,,,,,,
101.923615,16.66846,0.0004016064,101.923615,16.66846,0.00072884135,,,,,,,,,,,,,,,,,,,,,,,,,,,,,,,,,,,,,,,,,,,,,,,,,,,,,,,,,,,,,101.923615,16.66846,-0.6750283,101.923615,16.66846,0.50186765,,,,,,,,,,,,,,,,,101.923615,16.758398,0.0066355127,101.923615,16.758398,0.009336084,,,,,,,,,,,,,,,,,,,,,,,,,,,,,101.923615,16.758398,1.0000001e-07,101.923615,16.758398,7.0,,,,,,,
101.923615,16.69844,0.0008180871,101.923615,16.69844,0.0006098467,,,,,,,,,,,,,,,,,,,,,,,,,,,,,,,,,,,,,,,,,,,,,,,,,,,,,,,,,,,,,101.923615,16.69844,0.79503685,101.923615,16.69844,0.047391348,,,,,,,,,,,,,,,,,101.923615,16.788378,-0.013854863,101.923615,16.788378,-0.007467139,,,,,,,,,,,,,,,,,,,,,,,,,,,,,101.923615,16.788378,1.0000001e-07,101.923615,16.788378,7.0,,,,,,,
101.923615,16.728418,0.0006842183,101.923615,16.728418,0.0006693441,,,,,,,,,,,,,,,,,,,,,,,,,,,,,,,,,,,,,,,,,,,,,,,,,,,,,,,,,,,,,101.923615,16.728418,0.32805407,101.923615,16.728418,0.26875067,,,,,,,,,,,,,,,,,101.923615,16.818357,0.0025078424,101.923615,16.818357,-0.010888187,,,,,,,,,,,,,,,,,,,,,,,,,,,,,101.923615,16.818357,1.0000001e-07,101.923615,16.818357,7.0,,,,,,,
101.923615,16.758398,0.0007585899,101.923615,16.758398,0.0007734642,,,,,,,,,,,,,,,,,,,,,,,,,,,,,,,,,,,,,,,,,,,,,,,,,,,,,,,,,,,,,101.923615,16.758398,0.54970735,101.923615,16.758398,0.6540664,,,,,,,,,,,,,,,,,101.923615,16.848337,0.0049292436,101.923615,16.848337,-0.003084427,,,,,,,,,,,,,,,,,,,,,,,,,,,,,101.923615,16.848337,1.0000001e-07,101.923615,16.848337,7.0,,,,,,,
101.923615,16.788378,0.00046110366,101.923615,16.788378,0.00050572655,,,,,,,,,,,,,,,,,,,,,,,,,,,,,,,,,,,,,,,,,,,,,,,,,,,,,,,,,,,,,101.923615,16.788378,-0.48526886,101.923615,16.788378,-0.3045061,,,,,,,,,,,,,,,,,101.923615,16.878315,0.018984057,101.923615,16.878315,-0.005259768,,,,,,,,,,,,,,,,,,,,,,,,,,,,,101.923615,16.878315,1.0000001e-07,101.923615,16.878315,7.0,,,,,,,
101.923615,16.818357,0.00065446965,101.923615,16.818357,0.00053547526,,,,,,,,,,,,,,,,,,,,,,,,,,,,,,,,,,,,,,,,,,,,,,,,,,,,,,,,,,,,,101.923615,16.818357,0.20880488,101.923615,16.818357,-0.19316386,,,,,,,,,,,,,,,,,101.923615,16.908295,0.009244391,101.923615,16.908295,-0.004945948,,,,,,,,,,,,,,,,,,,,,,,,,,,,,101.923615,16.908295,1.0000001e-07,101.923615,16.908295,7.0,,,,,,,
101.923615,16.848335,0.0007139669,101.923615,16.848335,0.0005949724,,,,,,,,,,,,,,,,,,,,,,,,,,,,,,,,,,,,,,,,,,,,,,,,,,,,,,,,,,,,,101.923615,16.848335,0.41525862,101.923615,16.848335,0.007768644,,,,,,,,,,,,,,,,,101.923615,16.938274,-0.0054329,101.923615,16.938274,0.0077079874,,,,,,,,,,,,,,,,,,,,,,,,,,,,,101.923615,16.938274,1.0000001e-07,101.923615,16.938274,7.0,,,,,,,
101.923615,16.878315,0.00087758433,101.923615,16.878315,0.00058009813,,,,,,,,,,,,,,,,,,,,,,,,,,,,,,,,,,,,,,,,,,,,,,,,,,,,,,,,,,,,,101.923615,16.878315,1.0144086,101.923615,16.878315,-0.042414848,,,,,,,,,,,,,,,,,101.923615,16.968254,-0.00059865124,101.923615,16.968254,0.0054707373,,,,,,,,,,,,,,,,,,,,,,,,,,,,,101.923615,16.968254,1.0000001e-07,101.923615,16.968254,7.0,,,,,,,
101.923615,16.908295,0.0007883385,101.923615,16.908295,0.0006395953,,,,,,,,,,,,,,,,,,,,,,,,,,,,,,,,,,,,,,,,,,,,,,,,,,,,,,,,,,,,,101.923615,16.908295,0.66967463,101.923615,16.908295,0.16351454,,,,,,,,,,,,,,,,,101.923615,16.998232,0.0005636252,101.923615,16.998232,0.0013725138,,,,,,,,,,,,,,,,,,,,,,,,,,,,,101.923615,16.998232,1.0000001e-07,101.923615,16.998232,7.0,,,,,,,
101.923615,16.938274,0.0005206009,101.923615,16.938274,0.0007734642,,,,,,,,,,,,,,,,,,,,,,,,,,,,,,,,,,,,,,,,,,,,,,,,,,,,,,,,,,,,,101.923615,16.938274,-0.28025052,101.923615,16.938274,0.6391475,,,,,,,,,,,,,,,,,101.923615,17.028212,0.010479357,101.923615,17.028212,-0.01572678,,,,,,,,,,,,,,,,,,,,,,,,,,,,,101.923615,17.028212,1.0000001e-07,101.923615,17.028212,7.0,,,,,,,
101.923615,16.968252,0.0006247211,101.923615,16.968252,0.00072884123,,,,,,,,,,,,,,,,,,,,,,,,,,,,,,,,,,,,,,,,,,,,,,,,,,,,,,,,,,,,,101.923615,16.968252,0.11114848,101.923615,16.968252,0.4913956,,,,,,,,,,,,,,,,,101.923615,17.058191,-0.0024119364,101.923615,17.058191,-0.0057853404,,,,,,,,,,,,,,,,,,,,,,,,,,,,,101.923615,17.058191,1.0000001e-07,101.923615,17.058191,7.0,,,,,,,
101.923615,16.998232,0.0006544697,101.923615,16.998232,0.00062472105,,,,,,,,,,,,,,,,,,,,,,,,,,,,,,,,,,,,,,,,,,,,,,,,,,,,,,,,,,,,,101.923615,16.998232,0.18700571,101.923615,16.998232,0.11862305,,,,,,,,,,,,,,,,,101.923615,17.088171,-0.002641901,101.923615,17.088171,0.0028499025,,,,,,,,,,,,,,,,,,,,,,,,,,,,,101.923615,17.088171,1.0000001e-07,101.923615,17.088171,7.0,,,,,,,
101.923615,17.028212,0.00080321287,101.923615,17.028212,0.0004908523,,,,,,,,,,,,,,,,,,,,,,,,,,,,,,,,,,,,,,,,,,,,,,,,,,,,,,,,,,,,,101.923615,17.028212,0.71276176,101.923615,17.028212,-0.35125452,,,,,,,,,,,,,,,,,101.923615,17.118149,0.013310547,101.923615,17.118149,0.0021614658,,,,,,,,,,,,,,,,,,,,,,,,,,,,,101.923615,17.118149,1.0000001e-07,101.923615,17.118149,7.0,,,,,,,
101.923615,17.058191,0.0006395953,101.923615,17.058191,0.0005354752,,,,,,,,,,,,,,,,,,,,,,,,,,,,,,,,,,,,,,,,,,,,,,,,,,,,,,,,,,,,,101.923615,17.058191,0.13532962,101.923615,17.058191,-0.18137297,,,,,,,,,,,,,,,,,101.923615,17.148129,0.0038537856,101.923615,17.148129,0.0049531953,,,,,,,,,,,,,,,,,,,,,,,,,,,,,101.923615,17.148129,1.0000001e-07,101.923615,17.148129,7.0,,,,,,,
101.923615,17.088171,0.00066934404,101.923615,17.088171,0.00065446965,,,,,,,,,,,,,,,,,,,,,,,,,,,,,,,,,,,,,,,,,,,,,,,,,,,,,,,,,,,,,101.923615,17.088171,0.2610754,101.923615,17.088171,0.21579647,,,,,,,,,,,,,,,,,101.923615,17.178108,0.0011720277,101.923615,17.178108,-0.0028162643,,,,,,,,,,,,,,,,,,,,,,,,,,,,,101.923615,17.178108,1.0000001e-07,101.923615,17.178108,7.0,,,,,,,
101.923615,17.118149,0.0008924587,101.923615,17.118149,0.00066934404,,,,,,,,,,,,,,,,,,,,,,,,,,,,,,,,,,,,,,,,,,,,,,,,,,,,,,,,,,,,,101.923615,17.118149,1.0415285,101.923615,17.118149,0.27467924,,,,,,,,,,,,,,,,,101.923615,17.208088,0.007767821,101.923615,17.208088,0.020758877,,,,,,,,,,,,,,,,,,,,,,,,,,,,,101.923615,17.208088,1.0000001e-07,101.923615,17.208088,7.0,,,,,,,
101.923615,17.148129,0.00071396696,101.923615,17.148129,0.00072884123,,,,,,,,,,,,,,,,,,,,,,,,,,,,,,,,,,,,,,,,,,,,,,,,,,,,,,,,,,,,,101.923615,17.148129,0.41654226,101.923615,17.148129,0.47938266,,,,,,,,,,,,,,,,,101.923615,17.238066,-0.005080111,101.923615,17.238066,-0.0069302516,,,,,,,,,,,,,,,,,,,,,,,,,,,,,101.923615,17.238066,1.0000001e-07,101.923615,17.238066,7.0,,,,,,,
101.923615,17.178108,0.00069909263,101.923615,17.178108,0.00060984667,,,,,,,,,,,,,,,,,,,,,,,,,,,,,,,,,,,,,,,,,,,,,,,,,,,,,,,,,,,,,101.923615,17.178108,0.35969856,101.923615,17.178108,0.07310852,,,,,,,,,,,,,,,,,101.923615,17.268045,-0.0035024257,101.923615,17.268045,0.00084113993,,,,,,,,,,,,,,,,,,,,,,,,,,,,,101.923615,17.268045,1.0000001e-07,101.923615,17.268045,7.0,,,,,,,
101.923615,17.208088,0.00081808714,101.923615,17.208088,0.0009222073,,,,,,,,,,,,,,,,,,,,,,,,,,,,,,,,,,,,,,,,,,,,,,,,,,,,,,,,,,,,,101.923615,17.208088,0.7553674,101.923615,17.208088,1.1584461,,,,,,,,,,,,,,,,,101.923615,17.298025,0.008982377,101.923615,17.298025,-0.0051983376,,,,,,,,,,,,,,,,,,,,,,,,,,,,,101.923615,17.298025,1.0000001e-07,101.923615,17.298025,7.0,,,,,,,
101.923615,17.238066,0.00065446965,101.923615,17.238066,0.0005652238,,,,,,,,,,,,,,,,,,,,,,,,,,,,,,,,,,,,,,,,,,,,,,,,,,,,,,,,,,,,,101.923615,17.238066,0.20977221,101.923615,17.238066,-0.08451418,,,,,,,,,,,,,,,,,101.923615,17.328005,-0.002033609,101.923615,17.328005,-0.0146294795,,,,,,,,,,,,,,,,,,,,,,,,,,,,,101.923615,17.328005,1.0000001e-07,101.923615,17.328005,7.0,,,,,,,
101.923615,17.268045,0.0005949724,101.923615,17.268045,0.0006395953,,,,,,,,,,,,,,,,,,,,,,,,,,,,,,,,,,,,,,,,,,,,,,,,,,,,,,,,,,,,,101.923615,17.268045,0.021485262,101.923615,17.268045,0.16216199,,,,,,,,,,,,,,,,,101.923615,17.357983,0.009426008,101.923615,17.357983,-0.007783879,,,,,,,,,,,,,,,,,,,,,,,,,,,,,101.923615,17.357983,1.0000001e-07,101.923615,17.357983,7.0,,,,,,,
101.923615,17.298025,0.0007734641,101.923615,17.298025,0.00058009813,,,,,,,,,,,,,,,,,,,,,,,,,,,,,,,,,,,,,,,,,,,,,,,,,,,,,,,,,,,,,101.923615,17.298025,0.62432426,101.923615,17.298025,-0.04784029,,,,,,,,,,,,,,,,,101.923615,17.387962,-0.0013685167,101.923615,17.387962,-0.007285412,,,,,,,,,,,,,,,,,,,,,,,,,,,,,101.923615,17.387962,1.0000001e-07,101.923615,17.387962,7.0,,,,,,,
101.923615,17.328005,0.0006395953,101.923615,17.328005,0.00046110366,,,,,,,,,,,,,,,,,,,,,,,,,,,,,,,,,,,,,,,,,,,,,,,,,,,,,,,,,,,,,101.923615,17.328005,0.18598658,101.923615,17.328005,-0.46532446,,,,,,,,,,,,,,,,,101.923615,17.417942,0.0062877717,101.923615,17.417942,-0.013484518,,,,,,,,,,,,,,,,,,,,,,,,,,,,,101.923615,17.417942,1.0000001e-07,101.923615,17.417942,7.0,,,,,,,
101.923615,17.357983,0.0007883384,101.923615,17.357983,0.0005206009,,,,,,,,,,,,,,,,,,,,,,,,,,,,,,,,,,,,,,,,,,,,,,,,,,,,,,,,,,,,,101.923615,17.357983,0.70147794,101.923615,17.357983,-0.24711524,,,,,,,,,,,,,,,,,101.923615,17.447922,0.00049254514,101.923615,17.447922,0.0073010647,,,,,,,,,,,,,,,,,,,,,,,,,,,,,101.923615,17.447922,1.0000001e-07,101.923615,17.447922,7.0,,,,,,,
101.923615,17.387962,0.0006395953,101.923615,17.387962,0.0005354752,,,,,,,,,,,,,,,,,,,,,,,,,,,,,,,,,,,,,,,,,,,,,,,,,,,,,,,,,,,,,101.923615,17.387962,0.10677281,101.923615,17.387962,-0.19423273,,,,,,,,,,,,,,,,,101.923615,17.477901,0.014677554,101.923615,17.477901,-0.0049286745,,,,,,,,,,,,,,,,,,,,,,,,,,,,,101.923615,17.477901,1.0000001e-07,101.923615,17.477901,7.0,,,,,,,
101.923615,17.417942,0.00072884123,101.923615,17.417942,0.0004611036,,,,,,,,,,,,,,,,,,,,,,,,,,,,,,,,,,,,,,,,,,,,,,,,,,,,,,,,,,,,,101.923615,17.417942,0.46675745,101.923615,17.417942,-0.4547276,,,,,,,,,,,,,,,,,101.923615,17.50788,0.0049241763,101.923615,17.50788,-0.005512156,,,,,,,,,,,,,,,,,,,,,,,,,,,,,101.923615,17.50788,1.0000001e-07,101.923615,17.50788,7.0,,,,,,,
101.923615,17.447922,0.00068421825,101.923615,17.447922,0.00069909263,,,,,,,,,,,,,,,,,,,,,,,,,,,,,,,,,,,,,,,,,,,,,,,,,,,,,,,,,,,,,101.923615,17.447922,0.31442374,101.923615,17.447922,0.36332983,,,,,,,,,,,,,,,,,101.923615,17.537859,0.012289742,101.923615,17.537859,-0.006418655,,,,,,,,,,,,,,,,,,,,,,,,,,,,,101.923615,17.537859,1.0000001e-07,101.923615,17.537859,7.0,,,,,,,
101.923615,17.4779,0.0008924587,101.923615,17.4779,0.0005503495,,,,,,,,,,,,,,,,,,,,,,,,,,,,,,,,,,,,,,,,,,,,,,,,,,,,,,,,,,,,,101.923615,17.4779,1.0395441,101.923615,17.4779,-0.15606204,,,,,,,,,,,,,,,,,101.923615,17.567839,-0.0150742335,101.923615,17.567839,-0.0025726056,,,,,,,,,,,,,,,,,,,,,,,,,,,,,101.923615,17.567839,1.0000001e-07,101.923615,17.567839,7.0,,,,,,,
101.923615,17.50788,0.0008032128,101.923615,17.50788,0.0006247211,,,,,,,,,,,,,,,,,,,,,,,,,,,,,,,,,,,,,,,,,,,,,,,,,,,,,,,,,,,,,101.923615,17.50788,0.714181,101.923615,17.50788,0.117693,,,,,,,,,,,,,,,,,101.923615,17.597818,-0.0036553235,101.923615,17.597818,-0.014951264,,,,,,,,,,,,,,,,,,,,,,,,,,,,,101.923615,17.597818,1.0000001e-07,101.923615,17.597818,7.0,,,,,,,
101.923615,17.537859,0.00086271006,101.923615,17.537859,0.0004908523,,,,,,,,,,,,,,,,,,,,,,,,,,,,,,,,,,,,,,,,,,,,,,,,,,,,,,,,,,,,,101.923615,17.537859,0.9617841,101.923615,17.537859,-0.34184796,,,,,,,,,,,,,,,,,101.923615,17.627796,0.005732767,101.923615,17.627796,-0.007479771,,,,,,,,,,,,,,,,,,,,,,,,,,,,,101.923615,17.627796,1.0000001e-07,101.923615,17.627796,7.0,,,,,,,
101.923615,17.567839,0.0004908522,101.923615,17.567839,0.0006395954,,,,,,,,,,,,,,,,,,,,,,,,,,,,,,,,,,,,,,,,,,,,,,,,,,,,,,,,,,,,,101.923615,17.567839,-0.36838588,101.923615,17.567839,0.16911684,,,,,,,,,,,,,,,,,101.923615,17.657776,0.0019828575,101.923615,17.657776,0.0037331246,,,,,,,,,,,,,,,,,,,,,,,,,,,,,101.923615,17.657776,1.0000001e-07,101.923615,17.657776,7.0,,,,,,,
101.923615,17.597816,0.0006098468,101.923615,17.597816,0.00038673208,,,,,,,,,,,,,,,,,,,,,,,,,,,,,,,,,,,,,,,,,,,,,,,,,,,,,,,,,,,,,101.923615,17.597816,0.050244927,101.923615,17.597816,-0.70889616,,,,,,,,,,,,,,,,,101.923615,17.687756,-0.0032424096,101.923615,17.687756,-0.009906094,,,,,,,,,,,,,,,,,,,,,,,,,,,,,101.923615,17.687756,1.0000001e-07,101.923615,17.687756,7.0,,,,,,,
101.923615,17.627796,0.000713967,101.923615,17.627796,0.0005354752,,,,,,,,,,,,,,,,,,,,,,,,,,,,,,,,,,,,,,,,,,,,,,,,,,,,,,,,,,,,,101.923615,17.627796,0.38846508,101.923615,17.627796,-0.19021852,,,,,,,,,,,,,,,,,101.923615,17.717735,0.00038564543,101.923615,17.717735,0.013051976,,,,,,,,,,,,,,,,,,,,,,,,,,,,,101.923615,17.717735,1.0000001e-07,101.923615,17.717735,7.0,,,,,,,
101.923615,17.657776,0.0007288412,101.923615,17.657776,0.00065446965,,,,,,,,,,,,,,,,,,,,,,,,,,,,,,,,,,,,,,,,,,,,,,,,,,,,,,,,,,,,,101.923615,17.657776,0.441079,101.923615,17.657776,0.21895437,,,,,,,,,,,,,,,,,101.923615,17.747713,-0.010917477,101.923615,17.747713,-0.012601105,,,,,,,,,,,,,,,,,,,,,,,,,,,,,101.923615,17.747713,1.0000001e-07,101.923615,17.747713,7.0,,,,,,,
101.923615,17.687756,0.0005800982,101.923615,17.687756,0.00047597795,,,,,,,,,,,,,,,,,,,,,,,,,,,,,,,,,,,,,,,,,,,,,,,,,,,,,,,,,,,,,101.923615,17.687756,-0.028038787,101.923615,17.687756,-0.3999486,,,,,,,,,,,,,,,,,101.923615,17.777693,-0.006425633,101.923615,17.777693,-0.003619831,,,,,,,,,,,,,,,,,,,,,,,,,,,,,101.923615,17.777693,1.0000001e-07,101.923615,17.777693,7.0,,,,,,,
101.923615,17.717733,0.00062472105,101.923615,17.717733,0.0007734642,,,,,,,,,,,,,,,,,,,,,,,,,,,,,,,,,,,,,,,,,,,,,,,,,,,,,,,,,,,,,101.923615,17.717733,0.107734345,101.923615,17.717733,0.64478016,,,,,,,,,,,,,,,,,101.923615,17.807673,0.009455804,101.923615,17.807673,-0.010509518,,,,,,,,,,,,,,,,,,,,,,,,,,,,,101.923615,17.807673,1.0000001e-07,101.923615,17.807673,7.0,,,,,,,
101.923615,17.747713,0.0004759779,101.923615,17.747713,0.00047597795,,,,,,,,,,,,,,,,,,,,,,,,,,,,,,,,,,,,,,,,,,,,,,,,,,,,,,,,,,,,,101.923615,17.747713,-0.44141695,101.923615,17.747713,-0.3824379,,,,,,,,,,,,,,,,,101.923615,17.837652,-0.00023857277,101.923615,17.837652,-2.4558149e-05,,,,,,,,,,,,,,,,,,,,,,,,,,,,,101.923615,17.837652,1.0000001e-07,101.923615,17.837652,7.0,,,,,,,
101.923615,17.777693,0.0005949724,101.923615,17.777693,0.0005354752,,,,,,,,,,,,,,,,,,,,,,,,,,,,,,,,,,,,,,,,,,,,,,,,,,,,,,,,,,,,,101.923615,17.777693,-0.031920116,101.923615,17.777693,-0.2012853,,,,,,,,,,,,,,,,,101.923615,17.86763,-0.007882077,101.923615,17.86763,-0.0014733513,,,,,,,,,,,,,,,,,,,,,,,,,,,,,101.923615,17.86763,1.0000001e-07,101.923615,17.86763,7.0,,,,,,,
101.923615,17.807673,0.0008478358,101.923615,17.807673,0.00047597795,,,,,,,,,,,,,,,,,,,,,,,,,,,,,,,,,,,,,,,,,,,,,,,,,,,,,,,,,,,,,101.923615,17.807673,0.9059289,101.923615,17.807673,-0.39197153,,,,,,,,,,,,,,,,,101.923615,17.89761,0.0146930255,101.923615,17.89761,-0.00936545,,,,,,,,,,,,,,,,,,,,,,,,,,,,,101.923615,17.89761,1.0000001e-07,101.923615,17.89761,7.0,,,,,,,
101.923615,17.83765,0.00071396696,101.923615,17.83765,0.0005652238,,,,,,,,,,,,,,,,,,,,,,,,,,,,,,,,,,,,,,,,,,,,,,,,,,,,,,,,,,,,,101.923615,17.83765,0.43022525,101.923615,17.83765,-0.09414421,,,,,,,,,,,,,,,,,101.923615,17.92759,-0.007651128,101.923615,17.92759,5.6798155e-05,,,,,,,,,,,,,,,,,,,,,,,,,,,,,101.923615,17.92759,1.0000001e-07,101.923615,17.92759,7.0,,,,,,,
101.923615,17.86763,0.00058009813,101.923615,17.86763,0.0006544697,,,,,,,,,,,,,,,,,,,,,,,,,,,,,,,,,,,,,,,,,,,,,,,,,,,,,,,,,,,,,101.923615,17.86763,-0.05855951,101.923615,17.86763,0.19507124,,,,,,,,,,,,,,,,,101.923615,17.95757,0.0032520434,101.923615,17.95757,-0.0060398784,,,,,,,,,,,,,,,,,,,,,,,,,,,,,101.923615,17.95757,1.0000001e-07,101.923615,17.95757,7.0,,,,,,,
101.923615,17.89761,0.00087758433,101.923615,17.89761,0.0004908522,,,,,,,,,,,,,,,,,,,,,,,,,,,,,,,,,,,,,,,,,,,,,,,,,,,,,,,,,,,,,101.923615,17.89761,1.0117202,101.923615,17.89761,-0.33217177,,,,,,,,,,,,,,,,,101.923615,17.987547,-0.0006517909,101.923615,17.987547,-0.00510139,,,,,,,,,,,,,,,,,,,,,,,,,,,,,101.923615,17.987547,1.0000001e-07,101.923615,17.987547,7.0,,,,,,,
101.923615,17.92759,0.00055034953,101.923615,17.92759,0.0006395954,,,,,,,,,,,,,,,,,,,,,,,,,,,,,,,,,,,,,,,,,,,,,,,,,,,,,,,,,,,,,101.923615,17.92759,-0.1570062,101.923615,17.92759,0.17304754,,,,,,,,,,,,,,,,,101.923615,18.017527,-0.0026011928,101.923615,18.017527,0.009323203,,,,,,,,,,,,,,,,,,,,,,,,,,,,,101.923615,18.017527,1.0000001e-07,101.923615,18.017527,7.0,,,,,,,
101.923615,17.95757,0.0006842183,101.923615,17.95757,0.0005503495,,,,,,,,,,,,,,,,,,,,,,,,,,,,,,,,,,,,,,,,,,,,,,,,,,,,,,,,,,,,,101.923615,17.95757,0.3081436,101.923615,17.95757,-0.16037576,,,,,,,,,,,,,,,,,101.923615,18.047506,0.013711546,101.923615,18.047506,-0.0031454924,,,,,,,,,,,,,,,,,,,,,,,,,,,,,101.923615,18.047506,1.0000001e-07,101.923615,18.047506,7.0,,,,,,,
101.923615,17.987547,0.0006842183,101.923615,17.987547,0.0005800982,,,,,,,,,,,,,,,,,,,,,,,,,,,,,,,,,,,,,,,,,,,,,,,,,,,,,,,,,,,,,101.923615,17.987547,0.2993883,101.923615,17.987547,-0.027199298,,,,,,,,,,,,,,,,,101.923615,18.077486,-0.0015848273,101.923615,18.077486,-0.0022194267,,,,,,,,,,,,,,,,,,,,,,,,,,,,,101.923615,18.077486,1.0000001e-07,101.923615,18.077486,7.0,,,,,,,
101.923615,18.017527,0.0005503495,101.923615,18.017527,0.00068421825,,,,,,,,,,,,,,,,,,,,,,,,,,,,,,,,,,,,,,,,,,,,,,,,,,,,,,,,,,,,,101.923615,18.017527,-0.19596905,101.923615,18.017527,0.32303363,,,,,,,,,,,,,,,,,101.923615,18.107464,0.006405918,101.923615,18.107464,0.000687849,,,,,,,,,,,,,,,,,,,,,,,,,,,,,101.923615,18.107464,1.0000001e-07,101.923615,18.107464,7.0,,,,,,,
101.923615,18.047506,0.0008180871,101.923615,18.047506,0.0006098468,,,,,,,,,,,,,,,,,,,,,,,,,,,,,,,,,,,,,,,,,,,,,,,,,,,,,,,,,,,,,101.923615,18.047506,0.7783651,101.923615,18.047506,0.08221657,,,,,,,,,,,,,,,,,101.923615,18.137444,-0.0004283696,101.923615,18.137444,0.005844507,,,,,,,,,,,,,,,,,,,,,,,,,,,,,101.923615,18.137444,1.0000001e-07,101.923615,18.137444,7.0,,,,,,,
101.923615,18.077486,0.0006098467,101.923615,18.077486,0.0006395953,,,,,,,,,,,,,,,,,,,,,,,,,,,,,,,,,,,,,,,,,,,,,,,,,,,,,,,,,,,,,101.923615,18.077486,0.039673824,101.923615,18.077486,0.16880591,,,,,,,,,,,,,,,,,101.923615,18.167423,0.002422248,101.923615,18.167423,0.0005623979,,,,,,,,,,,,,,,,,,,,,,,,,,,,,101.923615,18.167423,1.0000001e-07,101.923615,18.167423,7.0,,,,,,,
101.923615,18.107464,0.000669344,101.923615,18.107464,0.0006247211,,,,,,,,,,,,,,,,,,,,,,,,,,,,,,,,,,,,,,,,,,,,,,,,,,,,,,,,,,,,,101.923615,18.107464,0.22662574,101.923615,18.107464,0.12187951,,,,,,,,,,,,,,,,,101.923615,18.197403,-0.00392131,101.923615,18.197403,-0.0050155623,,,,,,,,,,,,,,,,,,,,,,,,,,,,,101.923615,18.197403,1.0000001e-07,101.923615,18.197403,7.0,,,,,,,
101.923615,18.137444,0.0006395954,101.923615,18.137444,0.0006544697,,,,,,,,,,,,,,,,,,,,,,,,,,,,,,,,,,,,,,,,,,,,,,,,,,,,,,,,,,,,,101.923615,18.137444,0.15123738,101.923615,18.137444,0.22111171,,,,,,,,,,,,,,,,,101.923615,18.22738,0.009526533,101.923615,18.22738,-0.019430785,,,,,,,,,,,,,,,,,,,,,,,,,,,,,101.923615,18.22738,1.0000001e-07,101.923615,18.22738,7.0,,,,,,,
101.923615,18.167423,0.0007139669,101.923615,18.167423,0.0006395953,,,,,,,,,,,,,,,,,,,,,,,,,,,,,,,,,,,,,,,,,,,,,,,,,,,,,,,,,,,,,101.923615,18.167423,0.38849628,101.923615,18.167423,0.15345281,,,,,,,,,,,,,,,,,101.923615,18.25736,-0.0013683712,101.923615,18.25736,-0.0049187904,,,,,,,,,,,,,,,,,,,,,,,,,,,,,101.923615,18.25736,1.0000001e-07,101.923615,18.25736,7.0,,,,,,,
101.923615,18.197403,0.0005949724,101.923615,18.197403,0.0005354752,,,,,,,,,,,,,,,,,,,,,,,,,,,,,,,,,,,,,,,,,,,,,,,,,,,,,,,,,,,,,101.923615,18.197403,-0.015233133,101.923615,18.197403,-0.18529417,,,,,,,,,,,,,,,,,101.923615,18.28734,0.0068316236,101.923615,18.28734,-0.018422179,,,,,,,,,,,,,,,,,,,,,,,,,,,,,101.923615,18.28734,1.0000001e-07,101.923615,18.28734,7.0,,,,,,,
101.923615,18.22738,0.00074371556,101.923615,18.22738,0.00043135503,,,,,,,,,,,,,,,,,,,,,,,,,,,,,,,,,,,,,,,,,,,,,,,,,,,,,,,,,,,,,101.923615,18.22738,0.50730926,101.923615,18.22738,-0.5475686,,,,,,,,,,,,,,,,,101.923615,18.31732,-0.0049032182,101.923615,18.31732,-0.006568368,,,,,,,,,,,,,,,,,,,,,,,,,,,,,101.923615,18.31732,1.0000001e-07,101.923615,18.31732,7.0,,,,,,,
101.923615,18.25736,0.0006247211,101.923615,18.25736,0.0005206009,,,,,,,,,,,,,,,,,,,,,,,,,,,,,,,,,,,,,,,,,,,,,,,,,,,,,,,,,,,,,101.923615,18.25736,0.09387994,101.923615,18.25736,-0.24511865,,,,,,,,,,,,,,,,,101.923615,18.3473,-0.00055054785,101.923615,18.3473,0.003497237,,,,,,,,,,,,,,,,,,,,,,,,,,,,,101.923615,18.3473,1.0000001e-07,101.923615,18.3473,7.0,,,,,,,
101.923615,18.28734,0.0007585899,101.923615,18.28734,0.0004016064,,,,,,,,,,,,,,,,,,,,,,,,,,,,,,,,,,,,,,,,,,,,,,,,,,,,,,,,,,,,,101.923615,18.28734,0.5926349,101.923615,18.28734,-0.6630088,,,,,,,,,,,,,,,,,101.923615,18.377277,0.00065387087,101.923615,18.377277,-0.02068618,,,,,,,,,,,,,,,,,,,,,,,,,,,,,101.923615,18.377277,1.0000001e-07,101.923615,18.377277,7.0,,,,,,,
101.923615,18.31732,0.00058009813,101.923615,18.31732,0.0005206009,,,,,,,,,,,,,,,,,,,,,,,,,,,,,,,,,,,,,,,,,,,,,,,,,,,,,,,,,,,,,101.923615,18.31732,-0.06204663,101.923615,18.31732,-0.25826696,,,,,,,,,,,,,,,,,101.923615,18.407257,0.0018851579,101.923615,18.407257,-0.009144808,,,,,,,,,,,,,,,,,,,,,,,,,,,,,101.923615,18.407257,1.0000001e-07,101.923615,18.407257,7.0,,,,,,,
101.923615,18.347298,0.0006098468,101.923615,18.347298,0.0006544696,,,,,,,,,,,,,,,,,,,,,,,,,,,,,,,,,,,,,,,,,,,,,,,,,,,,,,,,,,,,,101.923615,18.347298,0.024923868,101.923615,18.347298,0.21819332,,,,,,,,,,,,,,,,,101.923615,18.437237,0.008955961,101.923615,18.437237,0.0032388694,,,,,,,,,,,,,,,,,,,,,,,,,,,,,101.923615,18.437237,1.0000001e-07,101.923615,18.437237,7.0,,,,,,,
101.923615,18.377277,0.0006544697,101.923615,18.377277,0.00041648067,,,,,,,,,,,,,,,,,,,,,,,,,,,,,,,,,,,,,,,,,,,,,,,,,,,,,,,,,,,,,101.923615,18.377277,0.20310558,101.923615,18.377277,-0.5971558,,,,,,,,,,,,,,,,,101.923615,18.467216,0.005631914,101.923615,18.467216,-0.0024608327,,,,,,,,,,,,,,,,,,,,,,,,,,,,,101.923615,18.467216,1.0000001e-07,101.923615,18.467216,7.0,,,,,,,
101.923615,18.407257,0.00069909263,101.923615,18.407257,0.0005652238,,,,,,,,,,,,,,,,,,,,,,,,,,,,,,,,,,,,,,,,,,,,,,,,,,,,,,,,,,,,,101.923615,18.407257,0.3975595,101.923615,18.407257,-0.077345334,,,,,,,,,,,,,,,,,101.923615,18.497194,0.00426595,101.923615,18.497194,-0.008987475,,,,,,,,,,,,,,,,,,,,,,,,,,,,,101.923615,18.497194,1.0000001e-07,101.923615,18.497194,7.0,,,,,,,
101.923615,18.437237,0.00077346415,101.923615,18.437237,0.00062472105,,,,,,,,,,,,,,,,,,,,,,,,,,,,,,,,,,,,,,,,,,,,,,,,,,,,,,,,,,,,,101.923615,18.437237,0.6606959,101.923615,18.437237,0.120408006,,,,,,,,,,,,,,,,,101.923615,18.527174,0.0016132183,101.923615,18.527174,-0.010517144,,,,,,,,,,,,,,,,,,,,,,,,,,,,,101.923615,18.527174,1.0000001e-07,101.923615,18.527174,7.0,,,,,,,
101.923615,18.467215,0.0007288413,101.923615,18.467215,0.0005949725,,,,,,,,,,,,,,,,,,,,,,,,,,,,,,,,,,,,,,,,,,,,,,,,,,,,,,,,,,,,,101.923615,18.467215,0.49954924,101.923615,18.467215,0.009387533,,,,,,,,,,,,,,,,,101.923615,18.557154,0.004263403,101.923615,18.557154,-0.0055411495,,,,,,,,,,,,,,,,,,,,,,,,,,,,,101.923615,18.557154,1.0000001e-07,101.923615,18.557154,7.0,,,,,,,
101.923615,18.497194,0.00065446965,101.923615,18.497194,0.00047597795,,,,,,,,,,,,,,,,,,,,,,,,,,,,,,,,,,,,,,,,,,,,,,,,,,,,,,,,,,,,,101.923615,18.497194,0.21147354,101.923615,18.497194,-0.39390674,,,,,,,,,,,,,,,,,101.923615,18.587133,0.0047137383,101.923615,18.587133,0.007640464,,,,,,,,,,,,,,,,,,,,,,,,,,,,,101.923615,18.587133,1.0000001e-07,101.923615,18.587133,7.0,,,,,,,
101.923615,18.527174,0.000713967,101.923615,18.527174,0.0005206009,,,,,,,,,,,,,,,,,,,,,,,,,,,,,,,,,,,,,,,,,,,,,,,,,,,,,,,,,,,,,101.923615,18.527174,0.45609945,101.923615,18.527174,-0.24078931,,,,,,,,,,,,,,,,,101.923615,18.617111,0.004131833,101.923615,18.617111,0.00028662695,,,,,,,,,,,,,,,,,,,,,,,,,,,,,101.923615,18.617111,1.0000001e-07,101.923615,18.617111,7.0,,,,,,,
101.923615,18.557154,0.00068421836,101.923615,18.557154,0.0006098468,,,,,,,,,,,,,,,,,,,,,,,,,,,,,,,,,,,,,,,,,,,,,,,,,,,,,,,,,,,,,101.923615,18.557154,0.30480844,101.923615,18.557154,0.05511226,,,,,,,,,,,,,,,,,101.923615,18.64709,-0.0015444651,101.923615,18.64709,0.0059194923,,,,,,,,,,,,,,,,,,,,,,,,,,,,,101.923615,18.64709,1.0000001e-07,101.923615,18.64709,7.0,,,,,,,
101.923615,18.587132,0.00065446977,101.923615,18.587132,0.00072884123,,,,,,,,,,,,,,,,,,,,,,,,,,,,,,,,,,,,,,,,,,,,,,,,,,,,,,,,,,,,,101.923615,18.587132,0.2064742,101.923615,18.587132,0.44771782,,,,,,,,,,,,,,,,,101.923615,18.67707,-0.0047776876,101.923615,18.67707,0.0054668775,,,,,,,,,,,,,,,,,,,,,,,,,,,,,101.923615,18.67707,1.0000001e-07,101.923615,18.67707,7.0,,,,,,,
101.923615,18.617111,0.0006395954,101.923615,18.617111,0.0005949724,,,,,,,,,,,,,,,,,,,,,,,,,,,,,,,,,,,,,,,,,,,,,,,,,,,,,,,,,,,,,101.923615,18.617111,0.12095514,101.923615,18.617111,0.013127208,,,,,,,,,,,,,,,,,101.923615,18.70705,0.011824543,101.923615,18.70705,0.0013857386,,,,,,,,,,,,,,,,,,,,,,,,,,,,,101.923615,18.70705,1.0000001e-07,101.923615,18.70705,7.0,,,,,,,
101.923615,18.64709,0.00065446965,101.923615,18.64709,0.00062472105,,,,,,,,,,,,,,,,,,,,,,,,,,,,,,,,,,,,,,,,,,,,,,,,,,,,,,,,,,,,,101.923615,18.64709,0.20537816,101.923615,18.64709,0.12239986,,,,,,,,,,,,,,,,,101.923615,18.737028,-0.006067817,101.923615,18.737028,-0.011676422,,,,,,,,,,,,,,,,,,,,,,,,,,,,,101.923615,18.737028,1.0000001e-07,101.923615,18.737028,7.0,,,,,,,
101.923615,18.67707,0.00056522375,101.923615,18.67707,0.0007139669,,,,,,,,,,,,,,,,,,,,,,,,,,,,,,,,,,,,,,,,,,,,,,,,,,,,,,,,,,,,,101.923615,18.67707,-0.10652611,101.923615,18.67707,0.4323012,,,,,,,,,,,,,,,,,101.923615,18.767008,-0.008542223,101.923615,18.767008,0.0049681384,,,,,,,,,,,,,,,,,,,,,,,,,,,,,101.923615,18.767008,1.0000001e-07,101.923615,18.767008,7.0,,,,,,,
101.923615,18.707048,0.000713967,101.923615,18.707048,0.0005949724,,,,,,,,,,,,,,,,,,,,,,,,,,,,,,,,,,,,,,,,,,,,,,,,,,,,,,,,,,,,,101.923615,18.707048,0.42548242,101.923615,18.707048,0.0057837632,,,,,,,,,,,,,,,,,101.923615,18.796988,0.015967289,101.923615,18.796988,-0.0044578714,,,,,,,,,,,,,,,,,,,,,,,,,,,,,101.923615,18.796988,1.0000001e-07,101.923615,18.796988,7.0,,,,,,,
101.923615,18.737028,0.00058009813,101.923615,18.737028,0.00053547526,,,,,,,,,,,,,,,,,,,,,,,,,,,,,,,,,,,,,,,,,,,,,,,,,,,,,,,,,,,,,101.923615,18.737028,-0.040155906,101.923615,18.737028,-0.21402484,,,,,,,,,,,,,,,,,101.923615,18.826967,-0.009524784,101.923615,18.826967,0.0045302445,,,,,,,,,,,,,,,,,,,,,,,,,,,,,101.923615,18.826967,1.0000001e-07,101.923615,18.826967,7.0,,,,,,,
101.923615,18.767008,0.0005206009,101.923615,18.767008,0.0007139669,,,,,,,,,,,,,,,,,,,,,,,,,,,,,,,,,,,,,,,,,,,,,,,,,,,,,,,,,,,,,101.923615,18.767008,-0.28461945,101.923615,18.767008,0.41962147,,,,,,,,,,,,,,,,,101.923615,18.856945,0.0057385294,101.923615,18.856945,0.0083128875,,,,,,,,,,,,,,,,,,,,,,,,,,,,,101.923615,18.856945,1.0000001e-07,101.923615,18.856945,7.0,,,,,,,
101.923615,18.796988,0.00080321287,101.923615,18.796988,0.0005206008,,,,,,,,,,,,,,,,,,,,,,,,,,,,,,,,,,,,,,,,,,,,,,,,,,,,,,,,,,,,,101.923615,18.796988,0.7662316,101.923615,18.796988,-0.24389233,,,,,,,,,,,,,,,,,101.923615,18.886925,-0.008783711,101.923615,18.886925,-0.004546385,,,,,,,,,,,,,,,,,,,,,,,,,,,,,101.923615,18.886925,1.0000001e-07,101.923615,18.886925,7.0,,,,,,,
101.923615,18.826967,0.00058009813,101.923615,18.826967,0.0006395954,,,,,,,,,,,,,,,,,,,,,,,,,,,,,,,,,,,,,,,,,,,,,,,,,,,,,,,,,,,,,101.923615,18.826967,-0.08410668,101.923615,18.826967,0.14839357,,,,,,,,,,,,,,,,,101.923615,18.916904,-0.0008145759,101.923615,18.916904,-0.013053913,,,,,,,,,,,,,,,,,,,,,,,,,,,,,101.923615,18.916904,1.0000001e-07,101.923615,18.916904,7.0,,,,,,,
101.923615,18.856945,0.00069909263,101.923615,18.856945,0.00074371556,,,,,,,,,,,,,,,,,,,,,,,,,,,,,,,,,,,,,,,,,,,,,,,,,,,,,,,,,,,,,101.923615,18.856945,0.35347268,101.923615,18.856945,0.5105121,,,,,,,,,,,,,,,,,101.923615,18.946884,0.011027197,101.923615,18.946884,0.00069328106,,,,,,,,,,,,,,,,,,,,,,,,,,,,,101.923615,18.946884,1.0000001e-07,101.923615,18.946884,7.0,,,,,,,
101.923615,18.886925,0.0005800982,101.923615,18.886925,0.0005652238,,,,,,,,,,,,,,,,,,,,,,,,,,,,,,,,,,,,,,,,,,,,,,,,,,,,,,,,,,,,,101.923615,18.886925,-0.06436993,101.923615,18.886925,-0.084686145,,,,,,,,,,,,,,,,,101.923615,18.976862,0.0016809799,101.923615,18.976862,0.0027840745,,,,,,,,,,,,,,,,,,,,,,,,,,,,,101.923615,18.976862,1.0000001e-07,101.923615,18.976862,7.0,,,,,,,
101.923615,18.916904,0.0005949724,101.923615,18.916904,0.0004611036,,,,,,,,,,,,,,,,,,,,,,,,,,,,,,,,,,,,,,,,,,,,,,,,,,,,,,,,,,,,,101.923615,18.916904,-0.00665664,101.923615,18.916904,-0.4427717,,,,,,,,,,,,,,,,,101.923615,19.006842,0.0145874815,101.923615,19.006842,-0.000247551,,,,,,,,,,,,,,,,,,,,,,,,,,,,,101.923615,19.006842,1.0000001e-07,101.923615,19.006842,7.0,,,,,,,
101.923615,18.946884,0.0007883385,101.923615,18.946884,0.00066934404,,,,,,,,,,,,,,,,,,,,,,,,,,,,,,,,,,,,,,,,,,,,,,,,,,,,,,,,,,,,,101.923615,18.946884,0.6309066,101.923615,18.946884,0.2607031,,,,,,,,,,,,,,,,,101.923615,19.036821,0.018160539,101.923615,19.036821,-0.009113035,,,,,,,,,,,,,,,,,,,,,,,,,,,,,101.923615,19.036821,1.0000001e-07,101.923615,19.036821,7.0,,,,,,,
101.923615,18.976862,0.0006098468,101.923615,18.976862,0.00065446965,,,,,,,,,,,,,,,,,,,,,,,,,,,,,,,,,,,,,,,,,,,,,,,,,,,,,,,,,,,,,101.923615,18.976862,0.011259709,101.923615,18.976862,0.23656426,,,,,,,,,,,,,,,,,101.923615,19.066801,0.009623064,101.923615,19.066801,-0.0053119385,,,,,,,,,,,,,,,,,,,,,,,,,,,,,101.923615,19.066801,1.0000001e-07,101.923615,19.066801,7.0,,,,,,,
101.923615,19.006842,0.00080321275,101.923615,19.006842,0.0006098467,,,,,,,,,,,,,,,,,,,,,,,,,,,,,,,,,,,,,,,,,,,,,,,,,,,,,,,,,,,,,101.923615,19.006842,0.7359622,101.923615,19.006842,0.06263224,,,,,,,,,,,,,,,,,101.923615,19.096779,-0.009112342,101.923615,19.096779,0.0034195834,,,,,,,,,,,,,,,,,,,,,,,,,,,,,101.923615,19.096779,1.0000001e-07,101.923615,19.096779,7.0,,,,,,,
101.923615,19.036821,0.00087758445,101.923615,19.036821,0.0004908523,,,,,,,,,,,,,,,,,,,,,,,,,,,,,,,,,,,,,,,,,,,,,,,,,,,,,,,,,,,,,101.923615,19.036821,0.9982557,101.923615,19.036821,-0.358849,,,,,,,,,,,,,,,,,101.923615,19.126759,-0.008312718,101.923615,19.126759,-9.768684e-05,,,,,,,,,,,,,,,,,,,,,,,,,,,,,101.923615,19.126759,1.0000001e-07,101.923615,19.126759,7.0,,,,,,,
101.923615,19.066801,0.00072884123,101.923615,19.066801,0.0005949724,,,,,,,,,,,,,,,,,,,,,,,,,,,,,,,,,,,,,,,,,,,,,,,,,,,,,,,,,,,,,101.923615,19.066801,0.47243685,101.923615,19.066801,0.0049835574,,,,,,,,,,,,,,,,,101.923615,19.156738,0.0072662053,101.923615,19.156738,-0.009644388,,,,,,,,,,,,,,,,,,,,,,,,,,,,,101.923615,19.156738,1.0000001e-07,101.923615,19.156738,7.0,,,,,,,
101.923615,19.096779,0.0005503495,101.923615,19.096779,0.00066934404,,,,,,,,,,,,,,,,,,,,,,,,,,,,,,,,,,,,,,,,,,,,,,,,,,,,,,,,,,,,,101.923615,19.096779,-0.15135302,101.923615,19.096779,0.26184702,,,,,,,,,,,,,,,,,101.923615,19.186718,-0.016719725,101.923615,19.186718,0.010000123,,,,,,,,,,,,,,,,,,,,,,,,,,,,,101.923615,19.186718,1.0000001e-07,101.923615,19.186718,7.0,,,,,,,
101.923615,19.126759,0.00062472105,101.923615,19.126759,0.0005949724,,,,,,,,,,,,,,,,,,,,,,,,,,,,,,,,,,,,,,,,,,,,,,,,,,,,,,,,,,,,,101.923615,19.126759,0.11898622,101.923615,19.126759,0.012149149,,,,,,,,,,,,,,,,,101.923615,19.216698,0.00420635,101.923615,19.216698,0.02229627,,,,,,,,,,,,,,,,,,,,,,,,,,,,,101.923615,19.216698,1.0000001e-07,101.923615,19.216698,7.0,,,,,,,
101.923615,19.156738,0.0007437155,101.923615,19.156738,0.00053547515,,,,,,,,,,,,,,,,,,,,,,,,,,,,,,,,,,,,,,,,,,,,,,,,,,,,,,,,,,,,,101.923615,19.156738,0.5363008,101.923615,19.156738,-0.19220655,,,,,,,,,,,,,,,,,101.923615,19.246675,0.0034314813,101.923615,19.246675,-0.0040717893,,,,,,,,,,,,,,,,,,,,,,,,,,,,,101.923615,19.246675,1.0000001e-07,101.923615,19.246675,7.0,,,,,,,
101.923615,19.186718,0.0004611036,101.923615,19.186718,0.00080321275,,,,,,,,,,,,,,,,,,,,,,,,,,,,,,,,,,,,,,,,,,,,,,,,,,,,,,,,,,,,,101.923615,19.186718,-0.47565666,101.923615,19.186718,0.74386996,,,,,,,,,,,,,,,,,101.923615,19.276655,0.02284348,101.923615,19.276655,-0.015146653,,,,,,,,,,,,,,,,,,,,,,,,,,,,,101.923615,19.276655,1.0000001e-07,101.923615,19.276655,7.0,,,,,,,
101.923615,19.216696,0.00065446965,101.923615,19.216696,0.0008478358,,,,,,,,,,,,,,,,,,,,,,,,,,,,,,,,,,,,,,,,,,,,,,,,,,,,,,,,,,,,,101.923615,19.216696,0.21477798,101.923615,19.216696,0.8702698,,,,,,,,,,,,,,,,,101.923615,19.306635,0.014100628,101.923615,19.306635,0.005409399,,,,,,,,,,,,,,,,,,,,,,,,,,,,,101.923615,19.306635,1.0000001e-07,101.923615,19.306635,7.0,,,,,,,
101.923615,19.246675,0.0007585899,101.923615,19.246675,0.0005800982,,,,,,,,,,,,,,,,,,,,,,,,,,,,,,,,,,,,,,,,,,,,,,,,,,,,,,,,,,,,,101.923615,19.246675,0.5509614,101.923615,19.246675,-0.04186007,,,,,,,,,,,,,,,,,101.923615,19.336615,0.0026692273,101.923615,19.336615,0.0020196028,,,,,,,,,,,,,,,,,,,,,,,,,,,,,101.923615,19.336615,1.0000001e-07,101.923615,19.336615,7.0,,,,,,,
101.923615,19.276655,0.0008924587,101.923615,19.276655,0.00046110366,,,,,,,,,,,,,,,,,,,,,,,,,,,,,,,,,,,,,,,,,,,,,,,,,,,,,,,,,,,,,101.923615,19.276655,1.0680951,101.923615,19.276655,-0.46934563,,,,,,,,,,,,,,,,,101.923615,19.366592,0.0062793624,101.923615,19.366592,0.0010607716,,,,,,,,,,,,,,,,,,,,,,,,,,,,,101.923615,19.366592,1.0000001e-07,101.923615,19.366592,7.0,,,,,,,
101.923615,19.306635,0.00075858994,101.923615,19.306635,0.0007585899,,,,,,,,,,,,,,,,,,,,,,,,,,,,,,,,,,,,,,,,,,,,,,,,,,,,,,,,,,,,,101.923615,19.306635,0.567809,101.923615,19.306635,0.57954323,,,,,,,,,,,,,,,,,101.923615,19.396572,0.0064392216,101.923615,19.396572,0.010882207,,,,,,,,,,,,,,,,,,,,,,,,,,,,,101.923615,19.396572,1.0000001e-07,101.923615,19.396572,7.0,,,,,,,
101.923615,19.336613,0.00075858994,101.923615,19.336613,0.0006395954,,,,,,,,,,,,,,,,,,,,,,,,,,,,,,,,,,,,,,,,,,,,,,,,,,,,,,,,,,,,,101.923615,19.336613,0.61338574,101.923615,19.336613,0.15798877,,,,,,,,,,,,,,,,,101.923615,19.426552,-0.008078079,101.923615,19.426552,-0.0016930831,,,,,,,,,,,,,,,,,,,,,,,,,,,,,101.923615,19.426552,1.0000001e-07,101.923615,19.426552,7.0,,,,,,,
101.923615,19.366592,0.0006990927,101.923615,19.366592,0.0006395954,,,,,,,,,,,,,,,,,,,,,,,,,,,,,,,,,,,,,,,,,,,,,,,,,,,,,,,,,,,,,101.923615,19.366592,0.37099293,101.923615,19.366592,0.17633794,,,,,,,,,,,,,,,,,101.923615,19.456532,0.012659075,101.923615,19.456532,-0.0024679569,,,,,,,,,,,,,,,,,,,,,,,,,,,,,101.923615,19.456532,1.0000001e-07,101.923615,19.456532,7.0,,,,,,,
101.923615,19.396572,0.0007437156,101.923615,19.396572,0.0007585899,,,,,,,,,,,,,,,,,,,,,,,,,,,,,,,,,,,,,,,,,,,,,,,,,,,,,,,,,,,,,101.923615,19.396572,0.5357225,101.923615,19.396572,0.60432595,,,,,,,,,,,,,,,,,101.923615,19.48651,0.00072174997,101.923615,19.48651,0.008556358,,,,,,,,,,,,,,,,,,,,,,,,,,,,,101.923615,19.48651,1.0000001e-07,101.923615,19.48651,7.0,,,,,,,
101.923615,19.426552,0.00047597795,101.923615,19.426552,0.00065446965,,,,,,,,,,,,,,,,,,,,,,,,,,,,,,,,,,,,,,,,,,,,,,,,,,,,,,,,,,,,,101.923615,19.426552,-0.4270109,101.923615,19.426552,0.22819024,,,,,,,,,,,,,,,,,101.923615,19.516489,-0.011478498,101.923615,19.516489,-0.0075339195,,,,,,,,,,,,,,,,,,,,,,,,,,,,,101.923615,19.516489,1.0000001e-07,101.923615,19.516489,7.0,,,,,,,
101.923615,19.45653,0.00074371556,101.923615,19.45653,0.0005949724,,,,,,,,,,,,,,,,,,,,,,,,,,,,,,,,,,,,,,,,,,,,,,,,,,,,,,,,,,,,,101.923615,19.45653,0.48634058,101.923615,19.45653,0.0149611635,,,,,,,,,,,,,,,,,101.923615,19.546469,-0.0040316433,101.923615,19.546469,0.0026525701,,,,,,,,,,,,,,,,,,,,,,,,,,,,,101.923615,19.546469,1.0000001e-07,101.923615,19.546469,7.0,,,,,,,
101.923615,19.48651,0.0006395954,101.923615,19.48651,0.0007139669,,,,,,,,,,,,,,,,,,,,,,,,,,,,,,,,,,,,,,,,,,,,,,,,,,,,,,,,,,,,,101.923615,19.48651,0.15486804,101.923615,19.48651,0.40833125,,,,,,,,,,,,,,,,,101.923615,19.576448,0.0030763475,101.923615,19.576448,-0.007520334,,,,,,,,,,,,,,,,,,,,,,,,,,,,,101.923615,19.576448,1.0000001e-07,101.923615,19.576448,7.0,,,,,,,
101.923615,19.516489,0.0006247211,101.923615,19.516489,0.0005503495,,,,,,,,,,,,,,,,,,,,,,,,,,,,,,,,,,,,,,,,,,,,,,,,,,,,,,,,,,,,,101.923615,19.516489,0.09394081,101.923615,19.516489,-0.13621163,,,,,,,,,,,,,,,,,101.923615,19.606426,0.004211807,101.923615,19.606426,-0.00080858066,,,,,,,,,,,,,,,,,,,,,,,,,,,,,101.923615,19.606426,1.0000001e-07,101.923615,19.606426,7.0,,,,,,,
101.923615,19.546469,0.0006247211,101.923615,19.546469,0.00062472105,,,,,,,,,,,,,,,,,,,,,,,,,,,,,,,,,,,,,,,,,,,,,,,,,,,,,,,,,,,,,101.923615,19.546469,0.11162974,101.923615,19.546469,0.106547184,,,,,,,,,,,,,,,,,101.923615,19.636406,0.0043887096,101.923615,19.636406,-0.011134755,,,,,,,,,,,,,,,,,,,,,,,,,,,,,101.923615,19.636406,1.0000001e-07,101.923615,19.636406,7.0,,,,,,,
101.923615,19.576447,0.0006247211,101.923615,19.576447,0.0005652238,,,,,,,,,,,,,,,,,,,,,,,,,,,,,,,,,,,,,,,,,,,,,,,,,,,,,,,,,,,,,101.923615,19.576447,0.08453545,101.923615,19.576447,-0.06658825,,,,,,,,,,,,,,,,,101.923615,19.666386,0.012813283,101.923615,19.666386,0.009154017,,,,,,,,,,,,,,,,,,,,,,,,,,,,,101.923615,19.666386,1.0000001e-07,101.923615,19.666386,7.0,,,,,,,
101.923615,19.606426,0.00065446965,101.923615,19.606426,0.00062472105,,,,,,,,,,,,,,,,,,,,,,,,,,,,,,,,,,,,,,,,,,,,,,,,,,,,,,,,,,,,,101.923615,19.606426,0.19315392,101.923615,19.606426,0.11616225,,,,,,,,,,,,,,,,,101.923615,19.696365,-0.011092212,101.923615,19.696365,0.009530216,,,,,,,,,,,,,,,,,,,,,,,,,,,,,101.923615,19.696365,1.0000001e-07,101.923615,19.696365,7.0,,,,,,,
101.923615,19.636406,0.00069909263,101.923615,19.636406,0.00053547526,,,,,,,,,,,,,,,,,,,,,,,,,,,,,,,,,,,,,,,,,,,,,,,,,,,,,,,,,,,,,101.923615,19.636406,0.39262745,101.923615,19.636406,-0.18403585,,,,,,,,,,,,,,,,,101.923615,19.726343,-0.0049301703,101.923615,19.726343,0.0033884374,,,,,,,,,,,,,,,,,,,,,,,,,,,,,101.923615,19.726343,1.0000001e-07,101.923615,19.726343,7.0,,,,,,,
101.923615,19.666386,0.0007585898,101.923615,19.666386,0.0007139669,,,,,,,,,,,,,,,,,,,,,,,,,,,,,,,,,,,,,,,,,,,,,,,,,,,,,,,,,,,,,101.923615,19.666386,0.58382094,101.923615,19.666386,0.4303048,,,,,,,,,,,,,,,,,101.923615,19.756323,0.012780676,101.923615,19.756323,0.006347667,,,,,,,,,,,,,,,,,,,,,,,,,,,,,101.923615,19.756323,1.0000001e-07,101.923615,19.756323,7.0,,,,,,,
101.923615,19.696365,0.00050572655,101.923615,19.696365,0.0007585899,,,,,,,,,,,,,,,,,,,,,,,,,,,,,,,,,,,,,,,,,,,,,,,,,,,,,,,,,,,,,101.923615,19.696365,-0.32224923,101.923615,19.696365,0.5732096,,,,,,,,,,,,,,,,,101.923615,19.786303,-0.0029149833,101.923615,19.786303,-0.005286651,,,,,,,,,,,,,,,,,,,,,,,,,,,,,101.923615,19.786303,1.0000001e-07,101.923615,19.786303,7.0,,,,,,,
101.923615,19.726343,0.0005652238,101.923615,19.726343,0.00065446965,,,,,,,,,,,,,,,,,,,,,,,,,,,,,,,,,,,,,,,,,,,,,,,,,,,,,,,,,,,,,101.923615,19.726343,-0.07894417,101.923615,19.726343,0.22766665,,,,,,,,,,,,,,,,,101.923615,19.816282,0.0022318987,101.923615,19.816282,-0.010952894,,,,,,,,,,,,,,,,,,,,,,,,,,,,,101.923615,19.816282,1.0000001e-07,101.923615,19.816282,7.0,,,,,,,
101.923615,19.756323,0.0007734642,101.923615,19.756323,0.00066934404,,,,,,,,,,,,,,,,,,,,,,,,,,,,,,,,,,,,,,,,,,,,,,,,,,,,,,,,,,,,,101.923615,19.756323,0.6248098,101.923615,19.756323,0.24671997,,,,,,,,,,,,,,,,,101.923615,19.84626,0.00660362,101.923615,19.84626,-0.010784254,,,,,,,,,,,,,,,,,,,,,,,,,,,,,101.923615,19.84626,1.0000001e-07,101.923615,19.84626,7.0,,,,,,,
101.923615,19.786303,0.00062472105,101.923615,19.786303,0.0005949724,,,,,,,,,,,,,,,,,,,,,,,,,,,,,,,,,,,,,,,,,,,,,,,,,,,,,,,,,,,,,101.923615,19.786303,0.093072705,101.923615,19.786303,0.0111414455,,,,,,,,,,,,,,,,,101.923615,19.87624,0.009012538,101.923615,19.87624,-0.006577084,,,,,,,,,,,,,,,,,,,,,,,,,,,,,101.923615,19.87624,1.0000001e-07,101.923615,19.87624,7.0,,,,,,,
101.923615,19.816282,0.000713967,101.923615,19.816282,0.00053547526,,,,,,,,,,,,,,,,,,,,,,,,,,,,,,,,,,,,,,,,,,,,,,,,,,,,,,,,,,,,,101.923615,19.816282,0.4389953,101.923615,19.816282,-0.20480537,,,,,,,,,,,,,,,,,101.923615,19.90622,0.008414148,101.923615,19.90622,0.0031508324,,,,,,,,,,,,,,,,,,,,,,,,,,,,,101.923615,19.90622,1.0000001e-07,101.923615,19.90622,7.0,,,,,,,
101.923615,19.84626,0.0006990927,101.923615,19.84626,0.0005800981,,,,,,,,,,,,,,,,,,,,,,,,,,,,,,,,,,,,,,,,,,,,,,,,,,,,,,,,,,,,,101.923615,19.84626,0.38111866,101.923615,19.84626,-0.028467774,,,,,,,,,,,,,,,,,101.923615,19.9362,0.00061642297,101.923615,19.9362,0.0013556187,,,,,,,,,,,,,,,,,,,,,,,,,,,,,101.923615,19.9362,1.0000001e-07,101.923615,19.9362,7.0,,,,,,,
101.923615,19.87624,0.00080321287,101.923615,19.87624,0.0005503495,,,,,,,,,,,,,,,,,,,,,,,,,,,,,,,,,,,,,,,,,,,,,,,,,,,,,,,,,,,,,101.923615,19.87624,0.717532,101.923615,19.87624,-0.13791466,,,,,,,,,,,,,,,,,101.923615,19.966177,0.006857874,101.923615,19.966177,-0.0044829273,,,,,,,,,,,,,,,,,,,,,,,,,,,,,101.923615,19.966177,1.0000001e-07,101.923615,19.966177,7.0,,,,,,,
101.923615,19.90622,0.0007883385,101.923615,19.90622,0.00062472105,,,,,,,,,,,,,,,,,,,,,,,,,,,,,,,,,,,,,,,,,,,,,,,,,,,,,,,,,,,,,101.923615,19.90622,0.6597955,101.923615,19.90622,0.13822618,,,,,,,,,,,,,,,,,101.923615,19.996157,0.0003477693,101.923615,19.996157,-0.0071092737,,,,,,,,,,,,,,,,,,,,,,,,,,,,,101.923615,19.996157,1.0000001e-07,101.923615,19.996157,7.0,,,,,,,
101.923615,19.9362,0.00066934404,101.923615,19.9362,0.0005949724,,,,,,,,,,,,,,,,,,,,,,,,,,,,,,,,,,,,,,,,,,,,,,,,,,,,,,,,,,,,,101.923615,19.9362,0.25837997,101.923615,19.9362,0.005424672,,,,,,,,,,,,,,,,,,,,,,,,,,,,,,,,,,,,,,,,,,,,,,,,,,,,,,,,,,,,,,,
101.923615,19.966177,0.0007437156,101.923615,19.966177,0.00055034953,,,,,,,,,,,,,,,,,,,,,,,,,,,,,,,,,,,,,,,,,,,,,,,,,,,,,,,,,,,,,101.923615,19.966177,0.528389,101.923615,19.966177,-0.14187759,,,,,,,,,,,,,,,,,,,,,,,,,,,,,,,,,,,,,,,,,,,,,,,,,,,,,,,,,,,,,,,
101.923615,19.996157,0.0006544697,101.923615,19.996157,0.0005354752,,,,,,,,,,,,,,,,,,,,,,,,,,,,,,,,,,,,,,,,,,,,,,,,,,,,,,,,,,,,,101.923615,19.996157,0.17460397,101.923615,19.996157,-0.19096899,,,,,,,,,,,,,,,,,,,,,,,,,,,,,,,,,,,,,,,,,,,,,,,,,,,,,,,,,,,,,,,
101.923615,20.026136,0.000713967,101.923615,20.026136,0.0005652238,,,,,,,,,,,,,,,,,,,,,,,,,,,,,,,,,,,,,,,,,,,,,,,,,,,,,,,,,,,,,101.923615,20.026136,0.42353043,101.923615,20.026136,-0.09116841,,,,,,,,,,,,,,,,,,,,,,,,,,,,,,,,,,,,,,,,,,,,,,,,,,,,,,,,,,,,,,,
101.923615,20.056116,0.0005652238,101.923615,20.056116,0.0005949724,,,,,,,,,,,,,,,,,,,,,,,,,,,,,,,,,,,,,,,,,,,,,,,,,,,,,,,,,,,,,101.923615,20.056116,-0.10565901,101.923615,20.056116,0.0076440573,,,,,,,,,,,,,,,,,,,,,,,,,,,,,,,,,,,,,,,,,,,,,,,,,,,,,,,,,,,,,,,
101.923615,20.086094,0.0006693441,101.923615,20.086094,0.00049085234,,,,,,,,,,,,,,,,,,,,,,,,,,,,,,,,,,,,,,,,,,,,,,,,,,,,,,,,,,,,,101.923615,20.086094,0.26366344,101.923615,20.086094,-0.32948542,,,,,,,,,,,,,,,,,,,,,,,,,,,,,,,,,,,,,,,,,,,,,,,,,,,,,,,,,,,,,,,
101.923615,20.116074,0.00069909263,101.923615,20.116074,0.0007883385,,,,,,,,,,,,,,,,,,,,,,,,,,,,,,,,,,,,,,,,,,,,,,,,,,,,,,,,,,,,,101.923615,20.116074,0.3563228,101.923615,20.116074,0.6936529,,,,,,,,,,,,,,,,,,,,,,,,,,,,,,,,,,,,,,,,,,,,,,,,,,,,,,,,,,,,,,,
101.923615,20.146053,0.0007734642,101.923615,20.146053,0.0006098468,,,,,,,,,,,,,,,,,,,,,,,,,,,,,,,,,,,,,,,,,,,,,,,,,,,,,,,,,,,,,101.923615,20.146053,0.6305621,101.923615,20.146053,0.061662,,,,,,,,,,,,,,,,,,,,,,,,,,,,,,,,,,,,,,,,,,,,,,,,,,,,,,,,,,,,,,,
101.923615,20.176033,0.0005652238,101.923615,20.176033,0.00069909263,,,,,,,,,,,,,,,,,,,,,,,,,,,,,,,,,,,,,,,,,,,,,,,,,,,,,,,,,,,,,101.923615,20.176033,-0.13348682,101.923615,20.176033,0.3946961,,,,,,,,,,,,,,,,,,,,,,,,,,,,,,,,,,,,,,,,,,,,,,,,,,,,,,,,,,,,,,,
101.923615,20.20601,0.0007585899,101.923615,20.20601,0.0005949724,,,,,,,,,,,,,,,,,,,,,,,,,,,,,,,,,,,,,,,,,,,,,,,,,,,,,,,,,,,,,101.923615,20.20601,0.6301731,101.923615,20.20601,0.039478727,,,,,,,,,,,,,,,,,,,,,,,,,,,,,,,,,,,,,,,,,,,,,,,,,,,,,,,,,,,,,,,
101.923615,20.23599,0.000713967,101.923615,20.23599,0.00081808714,,,,,,,,,,,,,,,,,,,,,,,,,,,,,,,,,,,,,,,,,,,,,,,,,,,,,,,,,,,,,101.923615,20.23599,0.42843515,101.923615,20.23599,0.80512726,,,,,,,,,,,,,,,,,,,,,,,,,,,,,,,,,,,,,,,,,,,,,,,,,,,,,,,,,,,,,,,
101.923615,20.26597,0.0006247212,101.923615,20.26597,0.0006098467,,,,,,,,,,,,,,,,,,,,,,,,,,,,,,,,,,,,,,,,,,,,,,,,,,,,,,,,,,,,,101.923615,20.26597,0.12807423,101.923615,20.26597,0.060018137,,,,,,,,,,,,,,,,,,,,,,,,,,,,,,,,,,,,,,,,,,,,,,,,,,,,,,,,,,,,,,,
101.923615,20.29595,0.00049085234,101.923615,20.29595,0.00055034953,,,,,,,,,,,,,,,,,,,,,,,,,,,,,,,,,,,,,,,,,,,,,,,,,,,,,,,,,,,,,101.923615,20.29595,-0.3982186,101.923615,20.29595,-0.1386554,,,,,,,,,,,,,,,,,,,,,,,,,,,,,,,,,,,,,,,,,,,,,,,,,,,,,,,,,,,,,,,
101.923615,20.325928,0.00062472105,101.923615,20.325928,0.00058009813,,,,,,,,,,,,,,,,,,,,,,,,,,,,,,,,,,,,,,,,,,,,,,,,,,,,,,,,,,,,,101.923615,20.325928,0.10353693,101.923615,20.325928,-0.04273655,,,,,,,,,,,,,,,,,,,,,,,,,,,,,,,,,,,,,,,,,,,,,,,,,,,,,,,,,,,,,,,
101.923615,20.355907,0.0005354752,101.923615,20.355907,0.0005206009,,,,,,,,,,,,,,,,,,,,,,,,,,,,,,,,,,,,,,,,,,,,,,,,,,,,,,,,,,,,,101.923615,20.355907,-0.24740465,101.923615,20.355907,-0.2485134,,,,,,,,,,,,,,,,,,,,,,,,,,,,,,,,,,,,,,,,,,,,,,,,,,,,,,,,,,,,,,,
101.923615,20.385887,0.00087758445,101.923615,20.385887,0.0006544697,,,,,,,,,,,,,,,,,,,,,,,,,,,,,,,,,,,,,,,,,,,,,,,,,,,,,,,,,,,,,101.923615,20.385887,0.99668854,101.923615,20.385887,0.2254932,,,,,,,,,,,,,,,,,,,,,,,,,,,,,,,,,,,,,,,,,,,,,,,,,,,,,,,,,,,,,,,
101.923615,20.415867,0.00087758433,101.923615,20.415867,0.00062472105,,,,,,,,,,,,,,,,,,,,,,,,,,,,,,,,,,,,,,,,,,,,,,,,,,,,,,,,,,,,,101.923615,20.415867,0.9974289,101.923615,20.415867,0.12305117,,,,,,,,,,,,,,,,,,,,,,,,,,,,,,,,,,,,,,,,,,,,,,,,,,,,,,,,,,,,,,,
101.923615,20.445845,0.00043135497,101.923615,20.445845,0.00038673205,,,,,,,,,,,,,,,,,,,,,,,,,,,,,,,,,,,,,,,,,,,,,,,,,,,,,,,,,,,,,101.923615,20.445845,-0.58991194,101.923615,20.445845,-0.6973342,,,,,,,,,,,,,,,,,,,,,,,,,,,,,,,,,,,,,,,,,,,,,,,,,,,,,,,,,,,,,,,
101.923615,20.475824,0.0009817046,101.923615,20.475824,0.0005503495,,,,,,,,,,,,,,,,,,,,,,,,,,,,,,,,,,,,,,,,,,,,,,,,,,,,,,,,,,,,,101.923615,20.475824,1.3668787,101.923615,20.475824,-0.13729827,,,,,,,,,,,,,,,,,,,,,,,,,,,,,,,,,,,,,,,,,,,,,,,,,,,,,,,,,,,,,,,
101.923615,20.505804,0.00069909263,101.923615,20.505804,0.00068421836,,,,,,,,,,,,,,,,,,,,,,,,,,,,,,,,,,,,,,,,,,,,,,,,,,,,,,,,,,,,,101.923615,20.505804,0.36269906,101.923615,20.505804,0.31192118,,,,,,,,,,,,,,,,,,,,,,,,,,,,,,,,,,,,,,,,,,,,,,,,,,,,,,,,,,,,,,,
101.923615,20.535784,0.0007139669,101.923615,20.535784,0.00062472105,,,,,,,,,,,,,,,,,,,,,,,,,,,,,,,,,,,,,,,,,,,,,,,,,,,,,,,,,,,,,101.923615,20.535784,0.37525362,101.923615,20.535784,0.12861268,,,,,,,,,,,,,,,,,,,,,,,,,,,,,,,,,,,,,,,,,,,,,,,,,,,,,,,,,,,,,,,
101.923615,20.565763,0.0007437156,101.923615,20.565763,0.00066934404,,,,,,,,,,,,,,,,,,,,,,,,,,,,,,,,,,,,,,,,,,,,,,,,,,,,,,,,,,,,,101.923615,20.565763,0.4916883,101.923615,20.565763,0.26380524,,,,,,,,,,,,,,,,,,,,,,,,,,,,,,,,,,,,,,,,,,,,,,,,,,,,,,,,,,,,,,,
101.923615,20.595741,0.00065446965,101.923615,20.595741,0.0005206009,,,,,,,,,,,,,,,,,,,,,,,,,,,,,,,,,,,,,,,,,,,,,,,,,,,,,,,,,,,,,101.923615,20.595741,0.20348062,101.923615,20.595741,-0.25605452,,,,,,,,,,,,,,,,,,,,,,,,,,,,,,,,,,,,,,,,,,,,,,,,,,,,,,,,,,,,,,,
101.923615,20.625721,0.00062472105,101.923615,20.625721,0.000669344,,,,,,,,,,,,,,,,,,,,,,,,,,,,,,,,,,,,,,,,,,,,,,,,,,,,,,,,,,,,,101.923615,20.625721,0.088809974,101.923615,20.625721,0.25693834,,,,,,,,,,,,,,,,,,,,,,,,,,,,,,,,,,,,,,,,,,,,,,,,,,,,,,,,,,,,,,,
101.923615,20.6557,0.0005503495,101.923615,20.6557,0.0005206009,,,,,,,,,,,,,,,,,,,,,,,,,,,,,,,,,,,,,,,,,,,,,,,,,,,,,,,,,,,,,101.923615,20.6557,-0.16763657,101.923615,20.6557,-0.2379989,,,,,,,,,,,,,,,,,,,,,,,,,,,,,,,,,,,,,,,,,,,,,,,,,,,,,,,,,,,,,,,
101.923615,20.68568,0.00062472105,101.923615,20.68568,0.0007734642,,,,,,,,,,,,,,,,,,,,,,,,,,,,,,,,,,,,,,,,,,,,,,,,,,,,,,,,,,,,,101.923615,20.68568,0.061118644,101.923615,20.68568,0.6456354,,,,,,,,,,,,,,,,,,,,,,,,,,,,,,,,,,,,,,,,,,,,,,,,,,,,,,,,,,,,,,,
101.923615,20.715658,0.00068421825,101.923615,20.715658,0.0005206009,,,,,,,,,,,,,,,,,,,,,,,,,,,,,,,,,,,,,,,,,,,,,,,,,,,,,,,,,,,,,101.923615,20.715658,0.32093227,101.923615,20.715658,-0.21405596,,,,,,,,,,,,,,,,,,,,,,,,,,,,,,,,,,,,,,,,,,,,,,,,,,,,,,,,,,,,,,,
101.923615,20.745638,0.0007139669,101.923615,20.745638,0.00055034953,,,,,,,,,,,,,,,,,,,,,,,,,,,,,,,,,,,,,,,,,,,,,,,,,,,,,,,,,,,,,101.923615,20.745638,0.4008559,101.923615,20.745638,-0.13505618,,,,,,,,,,,,,,,,,,,,,,,,,,,,,,,,,,,,,,,,,,,,,,,,,,,,,,,,,,,,,,,
101.923615,20.775618,0.0006247211,101.923615,20.775618,0.0005057266,,,,,,,,,,,,,,,,,,,,,,,,,,,,,,,,,,,,,,,,,,,,,,,,,,,,,,,,,,,,,101.923615,20.775618,0.07945279,101.923615,20.775618,-0.3112803,,,,,,,,,,,,,,,,,,,,,,,,,,,,,,,,,,,,,,,,,,,,,,,,,,,,,,,,,,,,,,,
101.923615,20.805597,0.00068421825,101.923615,20.805597,0.0005354752,,,,,,,,,,,,,,,,,,,,,,,,,,,,,,,,,,,,,,,,,,,,,,,,,,,,,,,,,,,,,101.923615,20.805597,0.32881927,101.923615,20.805597,-0.16091922,,,,,,,,,,,,,,,,,,,,,,,,,,,,,,,,,,,,,,,,,,,,,,,,,,,,,,,,,,,,,,,
101.923615,20.835575,0.00069909263,101.923615,20.835575,0.00056522386,,,,,,,,,,,,,,,,,,,,,,,,,,,,,,,,,,,,,,,,,,,,,,,,,,,,,,,,,,,,,101.923615,20.835575,0.34834683,101.923615,20.835575,-0.098079786,,,,,,,,,,,,,,,,,,,,,,,,,,,,,,,,,,,,,,,,,,,,,,,,,,,,,,,,,,,,,,,
101.923615,20.865555,0.0008478358,101.923615,20.865555,0.00044622936,,,,,,,,,,,,,,,,,,,,,,,,,,,,,,,,,,,,,,,,,,,,,,,,,,,,,,,,,,,,,101.923615,20.865555,0.88708305,101.923615,20.865555,-0.50272924,,,,,,,,,,,,,,,,,,,,,,,,,,,,,,,,,,,,,,,,,,,,,,,,,,,,,,,,,,,,,,,
101.923615,20.895535,0.0008032128,101.923615,20.895535,0.00046110366,,,,,,,,,,,,,,,,,,,,,,,,,,,,,,,,,,,,,,,,,,,,,,,,,,,,,,,,,,,,,101.923615,20.895535,0.69415253,101.923615,20.895535,-0.45099974,,,,,,,,,,,,,,,,,,,,,,,,,,,,,,,,,,,,,,,,,,,,,,,,,,,,,,,,,,,,,,,
101.923615,20.925514,0.0006098467,101.923615,20.925514,0.0006098468,,,,,,,,,,,,,,,,,,,,,,,,,,,,,,,,,,,,,,,,,,,,,,,,,,,,,,,,,,,,,101.923615,20.925514,0.073219575,101.923615,20.925514,0.07098618,,,,,,,,,,,,,,,,,,,,,,,,,,,,,,,,,,,,,,,,,,,,,,,,,,,,,,,,,,,,,,,
101.923615,20.955492,0.0006247212,101.923615,20.955492,0.000669344,,,,,,,,,,,,,,,,,,,,,,,,,,,,,,,,,,,,,,,,,,,,,,,,,,,,,,,,,,,,,101.923615,20.955492,0.14614117,101.923615,20.955492,0.26437595,,,,,,,,,,,,,,,,,,,,,,,,,,,,,,,,,,,,,,,,,,,,,,,,,,,,,,,,,,,,,,,
101.923615,20.985472,0.00072884123,101.923615,20.985472,0.0006395953,,,,,,,,,,,,,,,,,,,,,,,,,,,,,,,,,,,,,,,,,,,,,,,,,,,,,,,,,,,,,101.923615,20.985472,0.5050204,101.923615,20.985472,0.17508484,,,,,,,,,,,,,,,,,,,,,,,,,,,,,,,,,,,,,,,,,,,,,,,,,,,,,,,,,,,,,,,
101.923615,21.015451,0.0004908523,101.923615,21.015451,0.0005503495,,,,,,,,,,,,,,,,,,,,,,,,,,,,,,,,,,,,,,,,,,,,,,,,,,,,,,,,,,,,,101.923615,21.015451,-0.36847955,101.923615,21.015451,-0.13727415,,,,,,,,,,,,,,,,,,,,,,,,,,,,,,,,,,,,,,,,,,,,,,,,,,,,,,,,,,,,,,,
101.923615,21.045431,0.0006990926,101.923615,21.045431,0.0005800982,,,,,,,,,,,,,,,,,,,,,,,,,,,,,,,,,,,,,,,,,,,,,,,,,,,,,,,,,,,,,101.923615,21.045431,0.31764203,101.923615,21.045431,-0.050878882,,,,,,,,,,,,,,,,,,,,,,,,,,,,,,,,,,,,,,,,,,,,,,,,,,,,,,,,,,,,,,,
101.923615,21.075409,0.00074371556,101.923615,21.075409,0.00058009813,,,,,,,,,,,,,,,,,,,,,,,,,,,,,,,,,,,,,,,,,,,,,,,,,,,,,,,,,,,,,101.923615,21.075409,0.518086,101.923615,21.075409,-0.03991521,,,,,,,,,,,,,,,,,,,,,,,,,,,,,,,,,,,,,,,,,,,,,,,,,,,,,,,,,,,,,,,
101.923615,21.105389,0.00069909263,101.923615,21.105389,0.00056522386,,,,,,,,,,,,,,,,,,,,,,,,,,,,,,,,,,,,,,,,,,,,,,,,,,,,,,,,,,,,,101.923615,21.105389,0.3722397,101.923615,21.105389,-0.08156893,,,,,,,,,,,,,,,,,,,,,,,,,,,,,,,,,,,,,,,,,,,,,,,,,,,,,,,,,,,,,,,
101.923615,21.135368,0.00080321287,101.923615,21.135368,0.0004908523,,,,,,,,,,,,,,,,,,,,,,,,,,,,,,,,,,,,,,,,,,,,,,,,,,,,,,,,,,,,,101.923615,21.135368,0.70709145,101.923615,21.135368,-0.35544193,,,,,,,,,,,,,,,,,,,,,,,,,,,,,,,,,,,,,,,,,,,,,,,,,,,,,,,,,,,,,,,
101.923615,21.165348,0.00071396696,101.923615,21.165348,0.0005206009,,,,,,,,,,,,,,,,,,,,,,,,,,,,,,,,,,,,,,,,,,,,,,,,,,,,,,,,,,,,,101.923615,21.165348,0.40162218,101.923615,21.165348,-0.23637271,,,,,,,,,,,,,,,,,,,,,,,,,,,,,,,,,,,,,,,,,,,,,,,,,,,,,,,,,,,,,,,
101.923615,21.195326,0.0008180871,101.923615,21.195326,0.00043135503,,,,,,,,,,,,,,,,,,,,,,,,,,,,,,,,,,,,,,,,,,,,,,,,,,,,,,,,,,,,,101.923615,21.195326,0.7820279,101.923615,21.195326,-0.55388725,,,,,,,,,,,,,,,,,,,,,,,,,,,,,,,,,,,,,,,,,,,,,,,,,,,,,,,,,,,,,,,
101.923615,21.225306,0.00068421836,101.923615,21.225306,0.00068421825,,,,,,,,,,,,,,,,,,,,,,,,,,,,,,,,,,,,,,,,,,,,,,,,,,,,,,,,,,,,,101.923615,21.225306,0.34133974,101.923615,21.225306,0.32873923,,,,,,,,,,,,,,,,,,,,,,,,,,,,,,,,,,,,,,,,,,,,,,,,,,,,,,,,,,,,,,,
101.923615,21.255285,0.0005503495,101.923615,21.255285,0.00065446965,,,,,,,,,,,,,,,,,,,,,,,,,,,,,,,,,,,,,,,,,,,,,,,,,,,,,,,,,,,,,101.923615,21.255285,-0.15325281,101.923615,21.255285,0.21877225,,,,,,,,,,,,,,,,,,,,,,,,,,,,,,,,,,,,,,,,,,,,,,,,,,,,,,,,,,,,,,,
101.923615,21.285265,0.0006098468,101.923615,21.285265,0.00046110366,,,,,,,,,,,,,,,,,,,,,,,,,,,,,,,,,,,,,,,,,,,,,,,,,,,,,,,,,,,,,101.923615,21.285265,0.04676594,101.923615,21.285265,-0.4485714,,,,,,,,,,,,,,,,,,,,,,,,,,,,,,,,,,,,,,,,,,,,,,,,,,,,,,,,,,,,,,,
101.923615,21.315243,0.00072884123,101.923615,21.315243,0.0005503495,,,,,,,,,,,,,,,,,,,,,,,,,,,,,,,,,,,,,,,,,,,,,,,,,,,,,,,,,,,,,101.923615,21.315243,0.504415,101.923615,21.315243,-0.13321847,,,,,,,,,,,,,,,,,,,,,,,,,,,,,,,,,,,,,,,,,,,,,,,,,,,,,,,,,,,,,,,
101.923615,21.345222,0.00080321287,101.923615,21.345222,0.0005949724,,,,,,,,,,,,,,,,,,,,,,,,,,,,,,,,,,,,,,,,,,,,,,,,,,,,,,,,,,,,,101.923615,21.345222,0.7054421,101.923615,21.345222,0.012666915,,,,,,,,,,,,,,,,,,,,,,,,,,,,,,,,,,,,,,,,,,,,,,,,,,,,,,,,,,,,,,,
101.923615,21.375202,0.00066934404,101.923615,21.375202,0.0007883385,,,,,,,,,,,,,,,,,,,,,,,,,,,,,,,,,,,,,,,,,,,,,,,,,,,,,,,,,,,,,101.923615,21.375202,0.23481242,101.923615,21.375202,0.6843149,,,,,,,,,,,,,,,,,,,,,,,,,,,,,,,,,,,,,,,,,,,,,,,,,,,,,,,,,,,,,,,
101.923615,21.405182,0.00050572655,101.923615,21.405182,0.0005206008,,,,,,,,,,,,,,,,,,,,,,,,,,,,,,,,,,,,,,,,,,,,,,,,,,,,,,,,,,,,,101.923615,21.405182,-0.35371074,101.923615,21.405182,-0.24022181,,,,,,,,,,,,,,,,,,,,,,,,,,,,,,,,,,,,,,,,,,,,,,,,,,,,,,,,,,,,,,,
101.923615,21.435162,0.00058009813,101.923615,21.435162,0.00074371556,,,,,,,,,,,,,,,,,,,,,,,,,,,,,,,,,,,,,,,,,,,,,,,,,,,,,,,,,,,,,101.923615,21.435162,-0.09540327,101.923615,21.435162,0.5291998,,,,,,,,,,,,,,,,,,,,,,,,,,,,,,,,,,,,,,,,,,,,,,,,,,,,,,,,,,,,,,,
101.923615,21.46514,0.0005949724,101.923615,21.46514,0.0005949724,,,,,,,,,,,,,,,,,,,,,,,,,,,,,,,,,,,,,,,,,,,,,,,,,,,,,,,,,,,,,101.923615,21.46514,-0.00761042,101.923615,21.46514,0.025662621,,,,,,,,,,,,,,,,,,,,,,,,,,,,,,,,,,,,,,,,,,,,,,,,,,,,,,,,,,,,,,,
101.923615,21.49512,0.00058009813,101.923615,21.49512,0.00062472105,,,,,,,,,,,,,,,,,,,,,,,,,,,,,,,,,,,,,,,,,,,,,,,,,,,,,,,,,,,,,101.923615,21.49512,-0.0842085,101.923615,21.49512,0.11448528,,,,,,,,,,,,,,,,,,,,,,,,,,,,,,,,,,,,,,,,,,,,,,,,,,,,,,,,,,,,,,,
101.923615,21.525099,0.0007437156,101.923615,21.525099,0.00059497246,,,,,,,,,,,,,,,,,,,,,,,,,,,,,,,,,,,,,,,,,,,,,,,,,,,,,,,,,,,,,101.923615,21.525099,0.48367828,101.923615,21.525099,0.028136466,,,,,,,,,,,,,,,,,,,,,,,,,,,,,,,,,,,,,,,,,,,,,,,,,,,,,,,,,,,,,,,
101.923615,21.555079,0.0007734642,101.923615,21.555079,0.0006693441,,,,,,,,,,,,,,,,,,,,,,,,,,,,,,,,,,,,,,,,,,,,,,,,,,,,,,,,,,,,,101.923615,21.555079,0.58052844,101.923615,21.555079,0.2705003,,,,,,,,,,,,,,,,,,,,,,,,,,,,,,,,,,,,,,,,,,,,,,,,,,,,,,,,,,,,,,,
101.923615,21.585056,0.00059497246,101.923615,21.585056,0.00059497246,,,,,,,,,,,,,,,,,,,,,,,,,,,,,,,,,,,,,,,,,,,,,,,,,,,,,,,,,,,,,101.923615,21.585056,-0.018019412,101.923615,21.585056,3.973643e-08,,,,,,,,,,,,,,,,,,,,,,,,,,,,,,,,,,,,,,,,,,,,,,,,,,,,,,,,,,,,,,,
101.923615,21.615036,0.00062472105,101.923615,21.615036,0.0006247212,,,,,,,,,,,,,,,,,,,,,,,,,,,,,,,,,,,,,,,,,,,,,,,,,,,,,,,,,,,,,101.923615,21.615036,0.10564926,101.923615,21.615036,0.1246203,,,,,,,,,,,,,,,,,,,,,,,,,,,,,,,,,,,,,,,,,,,,,,,,,,,,,,,,,,,,,,,
101.923615,21.645016,0.0007585899,101.923615,21.645016,0.0005206009,,,,,,,,,,,,,,,,,,,,,,,,,,,,,,,,,,,,,,,,,,,,,,,,,,,,,,,,,,,,,101.923615,21.645016,0.59109056,101.923615,21.645016,-0.25440794,,,,,,,,,,,,,,,,,,,,,,,,,,,,,,,,,,,,,,,,,,,,,,,,,,,,,,,,,,,,,,,
101.923615,21.674995,0.0006544697,101.923615,21.674995,0.0005949724,,,,,,,,,,,,,,,,,,,,,,,,,,,,,,,,,,,,,,,,,,,,,,,,,,,,,,,,,,,,,101.923615,21.674995,0.18179752,101.923615,21.674995,0.018888751,,,,,,,,,,,,,,,,,,,,,,,,,,,,,,,,,,,,,,,,,,,,,,,,,,,,,,,,,,,,,,,
101.923615,21.704973,0.0007734641,101.923615,21.704973,0.0006544697,,,,,,,,,,,,,,,,,,,,,,,,,,,,,,,,,,,,,,,,,,,,,,,,,,,,,,,,,,,,,101.923615,21.704973,0.6087909,101.923615,21.704973,0.2133461,,,,,,,,,,,,,,,,,,,,,,,,,,,,,,,,,,,,,,,,,,,,,,,,,,,,,,,,,,,,,,,
101.923615,21.734953,0.0006395954,101.923615,21.734953,0.000669344,,,,,,,,,,,,,,,,,,,,,,,,,,,,,,,,,,,,,,,,,,,,,,,,,,,,,,,,,,,,,101.923615,21.734953,0.14362197,101.923615,21.734953,0.27225694,,,,,,,,,,,,,,,,,,,,,,,,,,,,,,,,,,,,,,,,,,,,,,,,,,,,,,,,,,,,,,,
101.923615,21.764933,0.0006544697,101.923615,21.764933,0.00056522386,,,,,,,,,,,,,,,,,,,,,,,,,,,,,,,,,,,,,,,,,,,,,,,,,,,,,,,,,,,,,101.923615,21.764933,0.20389718,101.923615,21.764933,-0.09181494,,,,,,,,,,,,,,,,,,,,,,,,,,,,,,,,,,,,,,,,,,,,,,,,,,,,,,,,,,,,,,,
101.923615,21.794912,0.00044622936,101.923615,21.794912,0.0005503495,,,,,,,,,,,,,,,,,,,,,,,,,,,,,,,,,,,,,,,,,,,,,,,,,,,,,,,,,,,,,101.923615,21.794912,-0.53309757,101.923615,21.794912,-0.13200153,,,,,,,,,,,,,,,,,,,,,,,,,,,,,,,,,,,,,,,,,,,,,,,,,,,,,,,,,,,,,,,
101.923615,21.82489,0.0006990926,101.923615,21.82489,0.0005652238,,,,,,,,,,,,,,,,,,,,,,,,,,,,,,,,,,,,,,,,,,,,,,,,,,,,,,,,,,,,,101.923615,21.82489,0.37463412,101.923615,21.82489,-0.098408625,,,,,,,,,,,,,,,,,,,,,,,,,,,,,,,,,,,,,,,,,,,,,,,,,,,,,,,,,,,,,,,
101.923615,21.85487,0.0005503495,101.923615,21.85487,0.00068421836,,,,,,,,,,,,,,,,,,,,,,,,,,,,,,,,,,,,,,,,,,,,,,,,,,,,,,,,,,,,,101.923615,21.85487,-0.17993046,101.923615,21.85487,0.32073477,,,,,,,,,,,,,,,,,,,,,,,,,,,,,,,,,,,,,,,,,,,,,,,,,,,,,,,,,,,,,,,
101.923615,21.88485,0.0005503495,101.923615,21.88485,0.00059497246,,,,,,,,,,,,,,,,,,,,,,,,,,,,,,,,,,,,,,,,,,,,,,,,,,,,,,,,,,,,,101.923615,21.88485,-0.15965575,101.923615,21.88485,0.01960969,,,,,,,,,,,,,,,,,,,,,,,,,,,,,,,,,,,,,,,,,,,,,,,,,,,,,,,,,,,,,,,
101.923615,21.91483,0.00066934404,101.923615,21.91483,0.00075858994,,,,,,,,,,,,,,,,,,,,,,,,,,,,,,,,,,,,,,,,,,,,,,,,,,,,,,,,,,,,,101.923615,21.91483,0.26885188,101.923615,21.91483,0.6020521,,,,,,,,,,,,,,,,,,,,,,,,,,,,,,,,,,,,,,,,,,,,,,,,,,,,,,,,,,,,,,,
101.923615,21.944807,0.00068421825,101.923615,21.944807,0.0006990927,,,,,,,,,,,,,,,,,,,,,,,,,,,,,,,,,,,,,,,,,,,,,,,,,,,,,,,,,,,,,101.923615,21.944807,0.2932282,101.923615,21.944807,0.3566607,,,,,,,,,,,,,,,,,,,,,,,,,,,,,,,,,,,,,,,,,,,,,,,,,,,,,,,,,,,,,,,
101.923615,21.974787,0.0007437156,101.923615,21.974787,0.0005354752,,,,,,,,,,,,,,,,,,,,,,,,,,,,,,,,,,,,,,,,,,,,,,,,,,,,,,,,,,,,,101.923615,21.974787,0.52336717,101.923615,21.974787,-0.18468158,,,,,,,,,,,,,,,,,,,,,,,,,,,,,,,,,,,,,,,,,,,,,,,,,,,,,,,,,,,,,,,
101.923615,22.004766,0.00066934404,101.923615,22.004766,0.0006247212,,,,,,,,,,,,,,,,,,,,,,,,,,,,,,,,,,,,,,,,,,,,,,,,,,,,,,,,,,,,,101.923615,22.004766,0.21822016,101.923615,22.004766,0.11194122,,,,,,,,,,,,,,,,,,,,,,,,,,,,,,,,,,,,,,,,,,,,,,,,,,,,,,,,,,,,,,,
101.923615,22.034746,0.0006098468,101.923615,22.034746,0.00065446965,,,,,,,,,,,,,,,,,,,,,,,,,,,,,,,,,,,,,,,,,,,,,,,,,,,,,,,,,,,,,101.923615,22.034746,0.04946857,101.923615,22.034746,0.21872479,,,,,,,,,,,,,,,,,,,,,,,,,,,,,,,,,,,,,,,,,,,,,,,,,,,,,,,,,,,,,,,
101.923615,22.064724,0.0005354752,101.923615,22.064724,0.00081808714,,,,,,,,,,,,,,,,,,,,,,,,,,,,,,,,,,,,,,,,,,,,,,,,,,,,,,,,,,,,,101.923615,22.064724,-0.23739645,101.923615,22.064724,0.7706783,,,,,,,,,,,,,,,,,,,,,,,,,,,,,,,,,,,,,,,,,,,,,,,,,,,,,,,,,,,,,,,
101.923615,22.094704,0.0006098467,101.923615,22.094704,0.0005206009,,,,,,,,,,,,,,,,,,,,,,,,,,,,,,,,,,,,,,,,,,,,,,,,,,,,,,,,,,,,,101.923615,22.094704,0.03837712,101.923615,22.094704,-0.23061334,,,,,,,,,,,,,,,,,,,,,,,,,,,,,,,,,,,,,,,,,,,,,,,,,,,,,,,,,,,,,,,
101.923615,22.124683,0.0006395954,101.923615,22.124683,0.00069909263,,,,,,,,,,,,,,,,,,,,,,,,,,,,,,,,,,,,,,,,,,,,,,,,,,,,,,,,,,,,,101.923615,22.124683,0.13907269,101.923615,22.124683,0.37612376,,,,,,,,,,,,,,,,,,,,,,,,,,,,,,,,,,,,,,,,,,,,,,,,,,,,,,,,,,,,,,,
101.923615,22.154663,0.00069909263,101.923615,22.154663,0.00053547526,,,,,,,,,,,,,,,,,,,,,,,,,,,,,,,,,,,,,,,,,,,,,,,,,,,,,,,,,,,,,101.923615,22.154663,0.3861359,101.923615,22.154663,-0.1961678,,,,,,,,,,,,,,,,,,,,,,,,,,,,,,,,,,,,,,,,,,,,,,,,,,,,,,,,,,,,,,,
101.923615,22.184643,0.00069909263,101.923615,22.184643,0.0005354752,,,,,,,,,,,,,,,,,,,,,,,,,,,,,,,,,,,,,,,,,,,,,,,,,,,,,,,,,,,,,101.923615,22.184643,0.37624824,101.923615,22.184643,-0.20548432,,,,,,,,,,,,,,,,,,,,,,,,,,,,,,,,,,,,,,,,,,,,,,,,,,,,,,,,,,,,,,,
101.923615,22.21462,0.0006544697,101.923615,22.21462,0.0005503495,,,,,,,,,,,,,,,,,,,,,,,,,,,,,,,,,,,,,,,,,,,,,,,,,,,,,,,,,,,,,101.923615,22.21462,0.20256136,101.923615,22.21462,-0.13830507,,,,,,,,,,,,,,,,,,,,,,,,,,,,,,,,,,,,,,,,,,,,,,,,,,,,,,,,,,,,,,,
101.923615,22.2446,0.0006395953,101.923615,22.2446,0.00075858994,,,,,,,,,,,,,,,,,,,,,,,,,,,,,,,,,,,,,,,,,,,,,,,,,,,,,,,,,,,,,101.923615,22.2446,0.17533043,101.923615,22.2446,0.5620076,,,,,,,,,,,,,,,,,,,,,,,,,,,,,,,,,,,,,,,,,,,,,,,,,,,,,,,,,,,,,,,
101.923615,22.27458,0.000669344,101.923615,22.27458,0.00074371556,,,,,,,,,,,,,,,,,,,,,,,,,,,,,,,,,,,,,,,,,,,,,,,,,,,,,,,,,,,,,101.923615,22.27458,0.2482624,101.923615,22.27458,0.5257104,,,,,,,,,,,,,,,,,,,,,,,,,,,,,,,,,,,,,,,,,,,,,,,,,,,,,,,,,,,,,,,
101.923615,22.30456,0.0007585899,101.923615,22.30456,0.0006395953,,,,,,,,,,,,,,,,,,,,,,,,,,,,,,,,,,,,,,,,,,,,,,,,,,,,,,,,,,,,,101.923615,22.30456,0.59474856,101.923615,22.30456,0.17017227,,,,,,,,,,,,,,,,,,,,,,,,,,,,,,,,,,,,,,,,,,,,,,,,,,,,,,,,,,,,,,,
101.923615,22.334538,0.0005503495,101.923615,22.334538,0.00062472105,,,,,,,,,,,,,,,,,,,,,,,,,,,,,,,,,,,,,,,,,,,,,,,,,,,,,,,,,,,,,101.923615,22.334538,-0.18187356,101.923615,22.334538,0.10422753,,,,,,,,,,,,,,,,,,,,,,,,,,,,,,,,,,,,,,,,,,,,,,,,,,,,,,,,,,,,,,,
101.923615,22.364517,0.0006098468,101.923615,22.364517,0.00056522386,,,,,,,,,,,,,,,,,,,,,,,,,,,,,,,,,,,,,,,,,,,,,,,,,,,,,,,,,,,,,101.923615,22.364517,0.061988395,101.923615,22.364517,-0.086784564,,,,,,,,,,,,,,,,,,,,,,,,,,,,,,,,,,,,,,,,,,,,,,,,,,,,,,,,,,,,,,,
101.923615,22.394497,0.00044622936,101.923615,22.394497,0.00080321287,,,,,,,,,,,,,,,,,,,,,,,,,,,,,,,,,,,,,,,,,,,,,,,,,,,,,,,,,,,,,101.923615,22.394497,-0.55098975,101.923615,22.394497,0.74658585,,,,,,,,,,,,,,,,,,,,,,,,,,,,,,,,,,,,,,,,,,,,,,,,,,,,,,,,,,,,,,,
101.923615,22.424477,0.00086271006,101.923615,22.424477,0.00046110366,,,,,,,,,,,,,,,,,,,,,,,,,,,,,,,,,,,,,,,,,,,,,,,,,,,,,,,,,,,,,101.923615,22.424477,0.9475588,101.923615,22.424477,-0.4712571,,,,,,,,,,,,,,,,,,,,,,,,,,,,,,,,,,,,,,,,,,,,,,,,,,,,,,,,,,,,,,,
101.923615,22.454454,0.0005652238,101.923615,22.454454,0.0004908522,,,,,,,,,,,,,,,,,,,,,,,,,,,,,,,,,,,,,,,,,,,,,,,,,,,,,,,,,,,,,101.923615,22.454454,-0.12875208,101.923615,22.454454,-0.33971107,,,,,,,,,,,,,,,,,,,,,,,,,,,,,,,,,,,,,,,,,,,,,,,,,,,,,,,,,,,,,,,
101.923615,22.484434,0.0006395953,101.923615,22.484434,0.00058009813,,,,,,,,,,,,,,,,,,,,,,,,,,,,,,,,,,,,,,,,,,,,,,,,,,,,,,,,,,,,,101.923615,22.484434,0.102242135,101.923615,22.484434,-0.053509247,,,,,,,,,,,,,,,,,,,,,,,,,,,,,,,,,,,,,,,,,,,,,,,,,,,,,,,,,,,,,,,
101.923615,22.514414,0.00065446965,101.923615,22.514414,0.0006098467,,,,,,,,,,,,,,,,,,,,,,,,,,,,,,,,,,,,,,,,,,,,,,,,,,,,,,,,,,,,,101.923615,22.514414,0.18282355,101.923615,22.514414,0.055901963,,,,,,,,,,,,,,,,,,,,,,,,,,,,,,,,,,,,,,,,,,,,,,,,,,,,,,,,,,,,,,,
101.923615,22.544394,0.00062472105,101.923615,22.544394,0.0005652238,,,,,,,,,,,,,,,,,,,,,,,,,,,,,,,,,,,,,,,,,,,,,,,,,,,,,,,,,,,,,101.923615,22.544394,0.07250866,101.923615,22.544394,-0.08842739,,,,,,,,,,,,,,,,,,,,,,,,,,,,,,,,,,,,,,,,,,,,,,,,,,,,,,,,,,,,,,,
101.923615,22.574371,0.0004908523,101.923615,22.574371,0.0005354752,,,,,,,,,,,,,,,,,,,,,,,,,,,,,,,,,,,,,,,,,,,,,,,,,,,,,,,,,,,,,101.923615,22.574371,-0.38682187,101.923615,22.574371,-0.2181223,,,,,,,,,,,,,,,,,,,,,,,,,,,,,,,,,,,,,,,,,,,,,,,,,,,,,,,,,,,,,,,
101.923615,22.604351,0.00066934404,101.923615,22.604351,0.00058009813,,,,,,,,,,,,,,,,,,,,,,,,,,,,,,,,,,,,,,,,,,,,,,,,,,,,,,,,,,,,,101.923615,22.604351,0.28314775,101.923615,22.604351,-0.019650582,,,,,,,,,,,,,,,,,,,,,,,,,,,,,,,,,,,,,,,,,,,,,,,,,,,,,,,,,,,,,,,
101.923615,22.63433,0.0006544697,101.923615,22.63433,0.00068421836,,,,,,,,,,,,,,,,,,,,,,,,,,,,,,,,,,,,,,,,,,,,,,,,,,,,,,,,,,,,,101.923615,22.63433,0.15463649,101.923615,22.63433,0.31094328,,,,,,,,,,,,,,,,,,,,,,,,,,,,,,,,,,,,,,,,,,,,,,,,,,,,,,,,,,,,,,,
101.923615,22.66431,0.00068421825,101.923615,22.66431,0.0005503495,,,,,,,,,,,,,,,,,,,,,,,,,,,,,,,,,,,,,,,,,,,,,,,,,,,,,,,,,,,,,101.923615,22.66431,0.30095884,101.923615,22.66431,-0.13797805,,,,,,,,,,,,,,,,,,,,,,,,,,,,,,,,,,,,,,,,,,,,,,,,,,,,,,,,,,,,,,,
101.923615,22.694288,0.00050572655,101.923615,22.694288,0.00066934404,,,,,,,,,,,,,,,,,,,,,,,,,,,,,,,,,,,,,,,,,,,,,,,,,,,,,,,,,,,,,101.923615,22.694288,-0.304331,101.923615,22.694288,0.273072,,,,,,,,,,,,,,,,,,,,,,,,,,,,,,,,,,,,,,,,,,,,,,,,,,,,,,,,,,,,,,,
101.923615,22.724268,0.0005949724,101.923615,22.724268,0.00066934404,,,,,,,,,,,,,,,,,,,,,,,,,,,,,,,,,,,,,,,,,,,,,,,,,,,,,,,,,,,,,101.923615,22.724268,0.023791736,101.923615,22.724268,0.27297243,,,,,,,,,,,,,,,,,,,,,,,,,,,,,,,,,,,,,,,,,,,,,,,,,,,,,,,,,,,,,,,
101.923615,22.754248,0.00071396696,101.923615,22.754248,0.00043135497,,,,,,,,,,,,,,,,,,,,,,,,,,,,,,,,,,,,,,,,,,,,,,,,,,,,,,,,,,,,,101.923615,22.754248,0.40209734,101.923615,22.754248,-0.5518582,,,,,,,,,,,,,,,,,,,,,,,,,,,,,,,,,,,,,,,,,,,,,,,,,,,,,,,,,,,,,,,
101.923615,22.784227,0.00072884123,101.923615,22.784227,0.0006842183,,,,,,,,,,,,,,,,,,,,,,,,,,,,,,,,,,,,,,,,,,,,,,,,,,,,,,,,,,,,,101.923615,22.784227,0.47443336,101.923615,22.784227,0.3267276,,,,,,,,,,,,,,,,,,,,,,,,,,,,,,,,,,,,,,,,,,,,,,,,,,,,,,,,,,,,,,,
101.923615,22.814205,0.0009965788,101.923615,22.814205,0.00058009813,,,,,,,,,,,,,,,,,,,,,,,,,,,,,,,,,,,,,,,,,,,,,,,,,,,,,,,,,,,,,101.923615,22.814205,1.3976054,101.923615,22.814205,-0.024542175,,,,,,,,,,,,,,,,,,,,,,,,,,,,,,,,,,,,,,,,,,,,,,,,,,,,,,,,,,,,,,,
101.923615,22.844185,0.00055034953,101.923615,22.844185,0.0006098468,,,,,,,,,,,,,,,,,,,,,,,,,,,,,,,,,,,,,,,,,,,,,,,,,,,,,,,,,,,,,101.923615,22.844185,-0.13297738,101.923615,22.844185,0.058650475,,,,,,,,,,,,,,,,,,,,,,,,,,,,,,,,,,,,,,,,,,,,,,,,,,,,,,,,,,,,,,,
101.923615,22.874165,0.00059497246,101.923615,22.874165,0.00046110366,,,,,,,,,,,,,,,,,,,,,,,,,,,,,,,,,,,,,,,,,,,,,,,,,,,,,,,,,,,,,101.923615,22.874165,-0.032086823,101.923615,22.874165,-0.46144116,,,,,,,,,,,,,,,,,,,,,,,,,,,,,,,,,,,,,,,,,,,,,,,,,,,,,,,,,,,,,,,
101.923615,22.904144,0.0005800982,101.923615,22.904144,0.0006990927,,,,,,,,,,,,,,,,,,,,,,,,,,,,,,,,,,,,,,,,,,,,,,,,,,,,,,,,,,,,,101.923615,22.904144,-0.054166026,101.923615,22.904144,0.39011616,,,,,,,,,,,,,,,,,,,,,,,,,,,,,,,,,,,,,,,,,,,,,,,,,,,,,,,,,,,,,,,
101.923615,22.934122,0.0005354752,101.923615,22.934122,0.0005800982,,,,,,,,,,,,,,,,,,,,,,,,,,,,,,,,,,,,,,,,,,,,,,,,,,,,,,,,,,,,,101.923615,22.934122,-0.20747958,101.923615,22.934122,-0.06494588,,,,,,,,,,,,,,,,,,,,,,,,,,,,,,,,,,,,,,,,,,,,,,,,,,,,,,,,,,,,,,,
101.923615,22.964102,0.00050572655,101.923615,22.964102,0.00040160638,,,,,,,,,,,,,,,,,,,,,,,,,,,,,,,,,,,,,,,,,,,,,,,,,,,,,,,,,,,,,101.923615,22.964102,-0.33538696,101.923615,22.964102,-0.65631145,,,,,,,,,,,,,,,,,,,,,,,,,,,,,,,,,,,,,,,,,,,,,,,,,,,,,,,,,,,,,,,
101.923615,22.994081,0.0005949724,101.923615,22.994081,0.0005652238,,,,,,,,,,,,,,,,,,,,,,,,,,,,,,,,,,,,,,,,,,,,,,,,,,,,,,,,,,,,,101.923615,22.994081,0.011052858,101.923615,22.994081,-0.09028736,,,,,,,,,,,,,,,,,,,,,,,,,,,,,,,,,,,,,,,,,,,,,,,,,,,,,,,,,,,,,,,
101.923615,23.024061,0.0005503495,101.923615,23.024061,0.00059497246,,,,,,,,,,,,,,,,,,,,,,,,,,,,,,,,,,,,,,,,,,,,,,,,,,,,,,,,,,,,,101.923615,23.024061,-0.1750946,101.923615,23.024061,0.008991073,,,,,,,,,,,,,,,,,,,,,,,,,,,,,,,,,,,,,,,,,,,,,,,,,,,,,,,,,,,,,,,
101.923615,23.05404,0.0006247211,101.923615,23.05404,0.0006098467,,,,,,,,,,,,,,,,,,,,,,,,,,,,,,,,,,,,,,,,,,,,,,,,,,,,,,,,,,,,,101.923615,23.05404,0.046671484,101.923615,23.05404,0.07895201,,,,,,,,,,,,,,,,,,,,,,,,,,,,,,,,,,,,,,,,,,,,,,,,,,,,,,,,,,,,,,,
101.923615,23.084019,0.0007437156,101.923615,23.084019,0.00072884123,,,,,,,,,,,,,,,,,,,,,,,,,,,,,,,,,,,,,,,,,,,,,,,,,,,,,,,,,,,,,101.923615,23.084019,0.5523073,101.923615,23.084019,0.4823342,,,,,,,,,,,,,,,,,,,,,,,,,,,,,,,,,,,,,,,,,,,,,,,,,,,,,,,,,,,,,,,
101.923615,23.113998,0.0006693441,101.923615,23.113998,0.0005206009,,,,,,,,,,,,,,,,,,,,,,,,,,,,,,,,,,,,,,,,,,,,,,,,,,,,,,,,,,,,,101.923615,23.113998,0.2760182,101.923615,23.113998,-0.24782525,,,,,,,,,,,,,,,,,,,,,,,,,,,,,,,,,,,,,,,,,,,,,,,,,,,,,,,,,,,,,,,
101.923615,23.143978,0.0006098468,101.923615,23.143978,0.0005503495,,,,,,,,,,,,,,,,,,,,,,,,,,,,,,,,,,,,,,,,,,,,,,,,,,,,,,,,,,,,,101.923615,23.143978,0.044445083,101.923615,23.143978,-0.14653736,,,,,,,,,,,,,,,,,,,,,,,,,,,,,,,,,,,,,,,,,,,,,,,,,,,,,,,,,,,,,,,
101.923615,23.173958,0.0006990926,101.923615,23.173958,0.00050572655,,,,,,,,,,,,,,,,,,,,,,,,,,,,,,,,,,,,,,,,,,,,,,,,,,,,,,,,,,,,,101.923615,23.173958,0.37161085,101.923615,23.173958,-0.2995002,,,,,,,,,,,,,,,,,,,,,,,,,,,,,,,,,,,,,,,,,,,,,,,,,,,,,,,,,,,,,,,
101.923615,23.203936,0.00050572655,101.923615,23.203936,0.0006693441,,,,,,,,,,,,,,,,,,,,,,,,,,,,,,,,,,,,,,,,,,,,,,,,,,,,,,,,,,,,,101.923615,23.203936,-0.3142576,101.923615,23.203936,0.29641336,,,,,,,,,,,,,,,,,,,,,,,,,,,,,,,,,,,,,,,,,,,,,,,,,,,,,,,,,,,,,,,
101.923615,23.233915,0.0005354752,101.923615,23.233915,0.0005354752,,,,,,,,,,,,,,,,,,,,,,,,,,,,,,,,,,,,,,,,,,,,,,,,,,,,,,,,,,,,,101.923615,23.233915,-0.22958612,101.923615,23.233915,-0.1958073,,,,,,,,,,,,,,,,,,,,,,,,,,,,,,,,,,,,,,,,,,,,,,,,,,,,,,,,,,,,,,,
101.923615,23.263895,0.0006395953,101.923615,23.263895,0.000669344,,,,,,,,,,,,,,,,,,,,,,,,,,,,,,,,,,,,,,,,,,,,,,,,,,,,,,,,,,,,,101.923615,23.263895,0.12649268,101.923615,23.263895,0.27648866,,,,,,,,,,,,,,,,,,,,,,,,,,,,,,,,,,,,,,,,,,,,,,,,,,,,,,,,,,,,,,,
101.923615,23.293875,0.000669344,101.923615,23.293875,0.0005800982,,,,,,,,,,,,,,,,,,,,,,,,,,,,,,,,,,,,,,,,,,,,,,,,,,,,,,,,,,,,,101.923615,23.293875,0.2652257,101.923615,23.293875,-0.05044873,,,,,,,,,,,,,,,,,,,,,,,,,,,,,,,,,,,,,,,,,,,,,,,,,,,,,,,,,,,,,,,
101.923615,23.323853,0.0005949724,101.923615,23.323853,0.0007437156,,,,,,,,,,,,,,,,,,,,,,,,,,,,,,,,,,,,,,,,,,,,,,,,,,,,,,,,,,,,,101.923615,23.323853,-0.022459546,101.923615,23.323853,0.51937354,,,,,,,,,,,,,,,,,,,,,,,,,,,,,,,,,,,,,,,,,,,,,,,,,,,,,,,,,,,,,,,
101.923615,23.353832,0.00046110366,101.923615,23.353832,0.00078833854,,,,,,,,,,,,,,,,,,,,,,,,,,,,,,,,,,,,,,,,,,,,,,,,,,,,,,,,,,,,,101.923615,23.353832,-0.5184061,101.923615,23.353832,0.71542424,,,,,,,,,,,,,,,,,,,,,,,,,,,,,,,,,,,,,,,,,,,,,,,,,,,,,,,,,,,,,,,
101.923615,23.383812,0.0005800982,101.923615,23.383812,0.00050572655,,,,,,,,,,,,,,,,,,,,,,,,,,,,,,,,,,,,,,,,,,,,,,,,,,,,,,,,,,,,,101.923615,23.383812,-0.055219274,101.923615,23.383812,-0.29440662,,,,,,,,,,,,,,,,,,,,,,,,,,,,,,,,,,,,,,,,,,,,,,,,,,,,,,,,,,,,,,,
101.923615,23.413792,0.0005949724,101.923615,23.413792,0.00072884123,,,,,,,,,,,,,,,,,,,,,,,,,,,,,,,,,,,,,,,,,,,,,,,,,,,,,,,,,,,,,101.923615,23.413792,-0.018181536,101.923615,23.413792,0.46349886,,,,,,,,,,,,,,,,,,,,,,,,,,,,,,,,,,,,,,,,,,,,,,,,,,,,,,,,,,,,,,,
101.923615,23.44377,0.00066934404,101.923615,23.44377,0.0006395953,,,,,,,,,,,,,,,,,,,,,,,,,,,,,,,,,,,,,,,,,,,,,,,,,,,,,,,,,,,,,101.923615,23.44377,0.2670705,101.923615,23.44377,0.15939264,,,,,,,,,,,,,,,,,,,,,,,,,,,,,,,,,,,,,,,,,,,,,,,,,,,,,,,,,,,,,,,
101.923615,23.47375,0.0006395954,101.923615,23.47375,0.00065446965,,,,,,,,,,,,,,,,,,,,,,,,,,,,,,,,,,,,,,,,,,,,,,,,,,,,,,,,,,,,,101.923615,23.47375,0.13331029,101.923615,23.47375,0.23234116,,,,,,,,,,,,,,,,,,,,,,,,,,,,,,,,,,,,,,,,,,,,,,,,,,,,,,,,,,,,,,,
101.923615,23.503729,0.0007437156,101.923615,23.503729,0.00062472105,,,,,,,,,,,,,,,,,,,,,,,,,,,,,,,,,,,,,,,,,,,,,,,,,,,,,,,,,,,,,101.923615,23.503729,0.52833915,101.923615,23.503729,0.124473296,,,,,,,,,,,,,,,,,,,,,,,,,,,,,,,,,,,,,,,,,,,,,,,,,,,,,,,,,,,,,,,
101.923615,23.533709,0.00058009813,101.923615,23.533709,0.0005652238,,,,,,,,,,,,,,,,,,,,,,,,,,,,,,,,,,,,,,,,,,,,,,,,,,,,,,,,,,,,,101.923615,23.533709,-0.021746345,101.923615,23.533709,-0.08321301,,,,,,,,,,,,,,,,,,,,,,,,,,,,,,,,,,,,,,,,,,,,,,,,,,,,,,,,,,,,,,,
101.923615,23.563686,0.00068421825,101.923615,23.563686,0.0006247212,,,,,,,,,,,,,,,,,,,,,,,,,,,,,,,,,,,,,,,,,,,,,,,,,,,,,,,,,,,,,101.923615,23.563686,0.31604984,101.923615,23.563686,0.112265214,,,,,,,,,,,,,,,,,,,,,,,,,,,,,,,,,,,,,,,,,,,,,,,,,,,,,,,,,,,,,,,
101.923615,23.593666,0.00071396696,101.923615,23.593666,0.0005949724,,,,,,,,,,,,,,,,,,,,,,,,,,,,,,,,,,,,,,,,,,,,,,,,,,,,,,,,,,,,,101.923615,23.593666,0.42427176,101.923615,23.593666,0.0063148867,,,,,,,,,,,,,,,,,,,,,,,,,,,,,,,,,,,,,,,,,,,,,,,,,,,,,,,,,,,,,,,
101.923615,23.623646,0.0006544697,101.923615,23.623646,0.0005503495,,,,,,,,,,,,,,,,,,,,,,,,,,,,,,,,,,,,,,,,,,,,,,,,,,,,,,,,,,,,,101.923615,23.623646,0.21795699,101.923615,23.623646,-0.15991177,,,,,,,,,,,,,,,,,,,,,,,,,,,,,,,,,,,,,,,,,,,,,,,,,,,,,,,,,,,,,,,
101.923615,23.653625,0.00083296146,101.923615,23.653625,0.0006544697,,,,,,,,,,,,,,,,,,,,,,,,,,,,,,,,,,,,,,,,,,,,,,,,,,,,,,,,,,,,,101.923615,23.653625,0.7981031,101.923615,23.653625,0.19231217,,,,,,,,,,,,,,,,,,,,,,,,,,,,,,,,,,,,,,,,,,,,,,,,,,,,,,,,,,,,,,,
101.923615,23.683603,0.0007734642,101.923615,23.683603,0.00043135503,,,,,,,,,,,,,,,,,,,,,,,,,,,,,,,,,,,,,,,,,,,,,,,,,,,,,,,,,,,,,101.923615,23.683603,0.6444826,101.923615,23.683603,-0.5652026,,,,,,,,,,,,,,,,,,,,,,,,,,,,,,,,,,,,,,,,,,,,,,,,,,,,,,,,,,,,,,,
101.923615,23.713583,0.0006098467,101.923615,23.713583,0.00055034953,,,,,,,,,,,,,,,,,,,,,,,,,,,,,,,,,,,,,,,,,,,,,,,,,,,,,,,,,,,,,101.923615,23.713583,0.036763005,101.923615,23.713583,-0.13247368,,,,,,,,,,,,,,,,,,,,,,,,,,,,,,,,,,,,,,,,,,,,,,,,,,,,,,,,,,,,,,,
101.923615,23.743563,0.0005354752,101.923615,23.743563,0.0007734642,,,,,,,,,,,,,,,,,,,,,,,,,,,,,,,,,,,,,,,,,,,,,,,,,,,,,,,,,,,,,101.923615,23.743563,-0.20417064,101.923615,23.743563,0.6081368,,,,,,,,,,,,,,,,,,,,,,,,,,,,,,,,,,,,,,,,,,,,,,,,,,,,,,,,,,,,,,,
101.923615,23.773542,0.00066934404,101.923615,23.773542,0.0005354752,,,,,,,,,,,,,,,,,,,,,,,,,,,,,,,,,,,,,,,,,,,,,,,,,,,,,,,,,,,,,101.923615,23.773542,0.2710634,101.923615,23.773542,-0.19463207,,,,,,,,,,,,,,,,,,,,,,,,,,,,,,,,,,,,,,,,,,,,,,,,,,,,,,,,,,,,,,,
101.923615,23.80352,0.00066934404,101.923615,23.80352,0.00065446965,,,,,,,,,,,,,,,,,,,,,,,,,,,,,,,,,,,,,,,,,,,,,,,,,,,,,,,,,,,,,101.923615,23.80352,0.24403647,101.923615,23.80352,0.19826418,,,,,,,,,,,,,,,,,,,,,,,,,,,,,,,,,,,,,,,,,,,,,,,,,,,,,,,,,,,,,,,
101.923615,23.8335,0.00093708164,101.923615,23.8335,0.0004759779,,,,,,,,,,,,,,,,,,,,,,,,,,,,,,,,,,,,,,,,,,,,,,,,,,,,,,,,,,,,,101.923615,23.8335,1.2200317,101.923615,23.8335,-0.40020546,,,,,,,,,,,,,,,,,,,,,,,,,,,,,,,,,,,,,,,,,,,,,,,,,,,,,,,,,,,,,,,
101.923615,23.86348,0.0006990926,101.923615,23.86348,0.0005800982,,,,,,,,,,,,,,,,,,,,,,,,,,,,,,,,,,,,,,,,,,,,,,,,,,,,,,,,,,,,,101.923615,23.86348,0.36247715,101.923615,23.86348,-0.050248817,,,,,,,,,,,,,,,,,,,,,,,,,,,,,,,,,,,,,,,,,,,,,,,,,,,,,,,,,,,,,,,
101.923615,23.89346,0.0005503495,101.923615,23.89346,0.00052060094,,,,,,,,,,,,,,,,,,,,,,,,,,,,,,,,,,,,,,,,,,,,,,,,,,,,,,,,,,,,,101.923615,23.89346,-0.14641932,101.923615,23.89346,-0.2312805,,,,,,,,,,,,,,,,,,,,,,,,,,,,,,,,,,,,,,,,,,,,,,,,,,,,,,,,,,,,,,,
101.923615,23.923439,0.0005800981,101.923615,23.923439,0.0006098468,,,,,,,,,,,,,,,,,,,,,,,,,,,,,,,,,,,,,,,,,,,,,,,,,,,,,,,,,,,,,101.923615,23.923439,-0.06321463,101.923615,23.923439,0.05068567,,,,,,,,,,,,,,,,,,,,,,,,,,,,,,,,,,,,,,,,,,,,,,,,,,,,,,,,,,,,,,,
101.923615,23.953417,0.00065446965,101.923615,23.953417,0.0005652238,,,,,,,,,,,,,,,,,,,,,,,,,,,,,,,,,,,,,,,,,,,,,,,,,,,,,,,,,,,,,101.923615,23.953417,0.19813283,101.923615,23.953417,-0.087074555,,,,,,,,,,,,,,,,,,,,,,,,,,,,,,,,,,,,,,,,,,,,,,,,,,,,,,,,,,,,,,,
101.923615,23.983397,0.0007288413,101.923615,23.983397,0.0006395954,,,,,,,,,,,,,,,,,,,,,,,,,,,,,,,,,,,,,,,,,,,,,,,,,,,,,,,,,,,,,101.923615,23.983397,0.4718436,101.923615,23.983397,0.16185775,,,,,,,,,,,,,,,,,,,,,,,,,,,,,,,,,,,,,,,,,,,,,,,,,,,,,,,,,,,,,,,
101.923615,24.013376,0.0006098468,101.923615,24.013376,0.0007139669,,,,,,,,,,,,,,,,,,,,,,,,,,,,,,,,,,,,,,,,,,,,,,,,,,,,,,,,,,,,,101.923615,24.013376,0.077054396,101.923615,24.013376,0.4363314,,,,,,,,,,,,,,,,,,,,,,,,,,,,,,,,,,,,,,,,,,,,,,,,,,,,,,,,,,,,,,,
101.923615,24.043356,0.0006395954,101.923615,24.043356,0.0006395954,,,,,,,,,,,,,,,,,,,,,,,,,,,,,,,,,,,,,,,,,,,,,,,,,,,,,,,,,,,,,101.923615,24.043356,0.12610814,101.923615,24.043356,0.16276214,,,,,,,,,,,,,,,,,,,,,,,,,,,,,,,,,,,,,,,,,,,,,,,,,,,,,,,,,,,,,,,
101.923615,24.073334,0.0005503495,101.923615,24.073334,0.00047597795,,,,,,,,,,,,,,,,,,,,,,,,,,,,,,,,,,,,,,,,,,,,,,,,,,,,,,,,,,,,,101.923615,24.073334,-0.1565577,101.923615,24.073334,-0.41704866,,,,,,,,,,,,,,,,,,,,,,,,,,,,,,,,,,,,,,,,,,,,,,,,,,,,,,,,,,,,,,,
101.923615,24.103313,0.0006247211,101.923615,24.103313,0.0005949724,,,,,,,,,,,,,,,,,,,,,,,,,,,,,,,,,,,,,,,,,,,,,,,,,,,,,,,,,,,,,101.923615,24.103313,0.08199268,101.923615,24.103313,-0.0034019947,,,,,,,,,,,,,,,,,,,,,,,,,,,,,,,,,,,,,,,,,,,,,,,,,,,,,,,,,,,,,,,
101.923615,24.133293,0.0007288412,101.923615,24.133293,0.00044622936,,,,,,,,,,,,,,,,,,,,,,,,,,,,,,,,,,,,,,,,,,,,,,,,,,,,,,,,,,,,,101.923615,24.133293,0.49574846,101.923615,24.133293,-0.4898814,,,,,,,,,,,,,,,,,,,,,,,,,,,,,,,,,,,,,,,,,,,,,,,,,,,,,,,,,,,,,,,
101.923615,24.163273,0.00062472105,101.923615,24.163273,0.00041648067,,,,,,,,,,,,,,,,,,,,,,,,,,,,,,,,,,,,,,,,,,,,,,,,,,,,,,,,,,,,,101.923615,24.163273,0.10763023,101.923615,24.163273,-0.5937659,,,,,,,,,,,,,,,,,,,,,,,,,,,,,,,,,,,,,,,,,,,,,,,,,,,,,,,,,,,,,,,
101.923615,24.19325,0.0005206009,101.923615,24.19325,0.0005652238,,,,,,,,,,,,,,,,,,,,,,,,,,,,,,,,,,,,,,,,,,,,,,,,,,,,,,,,,,,,,101.923615,24.19325,-0.288407,101.923615,24.19325,-0.08450416,,,,,,,,,,,,,,,,,,,,,,,,,,,,,,,,,,,,,,,,,,,,,,,,,,,,,,,,,,,,,,,
101.923615,24.22323,0.00056522386,101.923615,24.22323,0.0006395954,,,,,,,,,,,,,,,,,,,,,,,,,,,,,,,,,,,,,,,,,,,,,,,,,,,,,,,,,,,,,101.923615,24.22323,-0.13301414,101.923615,24.22323,0.15202898,,,,,,,,,,,,,,,,,,,,,,,,,,,,,,,,,,,,,,,,,,,,,,,,,,,,,,,,,,,,,,,
101.923615,24.25321,0.00059497246,101.923615,24.25321,0.00050572655,,,,,,,,,,,,,,,,,,,,,,,,,,,,,,,,,,,,,,,,,,,,,,,,,,,,,,,,,,,,,101.923615,24.25321,0.009331386,101.923615,24.25321,-0.2986955,,,,,,,,,,,,,,,,,,,,,,,,,,,,,,,,,,,,,,,,,,,,,,,,,,,,,,,,,,,,,,,
101.923615,24.28319,0.0007437156,101.923615,24.28319,0.00058009813,,,,,,,,,,,,,,,,,,,,,,,,,,,,,,,,,,,,,,,,,,,,,,,,,,,,,,,,,,,,,101.923615,24.28319,0.52167904,101.923615,24.28319,-0.047150977,,,,,,,,,,,,,,,,,,,,,,,,,,,,,,,,,,,,,,,,,,,,,,,,,,,,,,,,,,,,,,,
101.923615,24.313168,0.000713967,101.923615,24.313168,0.0008180871,,,,,,,,,,,,,,,,,,,,,,,,,,,,,,,,,,,,,,,,,,,,,,,,,,,,,,,,,,,,,101.923615,24.313168,0.41148394,101.923615,24.313168,0.7656115,,,,,,,,,,,,,,,,,,,,,,,,,,,,,,,,,,,,,,,,,,,,,,,,,,,,,,,,,,,,,,,
101.923615,24.343147,0.00068421825,101.923615,24.343147,0.00071396696,,,,,,,,,,,,,,,,,,,,,,,,,,,,,,,,,,,,,,,,,,,,,,,,,,,,,,,,,,,,,101.923615,24.343147,0.30958408,101.923615,24.343147,0.41095197,,,,,,,,,,,,,,,,,,,,,,,,,,,,,,,,,,,,,,,,,,,,,,,,,,,,,,,,,,,,,,,
101.923615,24.373127,0.0005800982,101.923615,24.373127,0.0006098467,,,,,,,,,,,,,,,,,,,,,,,,,,,,,,,,,,,,,,,,,,,,,,,,,,,,,,,,,,,,,101.923615,24.373127,-0.07503736,101.923615,24.373127,0.06348881,,,,,,,,,,,,,,,,,,,,,,,,,,,,,,,,,,,,,,,,,,,,,,,,,,,,,,,,,,,,,,,
101.923615,24.403107,0.0006842183,101.923615,24.403107,0.0006395954,,,,,,,,,,,,,,,,,,,,,,,,,,,,,,,,,,,,,,,,,,,,,,,,,,,,,,,,,,,,,101.923615,24.403107,0.27492434,101.923615,24.403107,0.16133198,,,,,,,,,,,,,,,,,,,,,,,,,,,,,,,,,,,,,,,,,,,,,,,,,,,,,,,,,,,,,,,
101.923615,24.433084,0.0004908523,101.923615,24.433084,0.00068421825,,,,,,,,,,,,,,,,,,,,,,,,,,,,,,,,,,,,,,,,,,,,,,,,,,,,,,,,,,,,,101.923615,24.433084,-0.3912676,101.923615,24.433084,0.3154672,,,,,,,,,,,,,,,,,,,,,,,,,,,,,,,,,,,,,,,,,,,,,,,,,,,,,,,,,,,,,,,
101.923615,24.463064,0.0005800982,101.923615,24.463064,0.0005652238,,,,,,,,,,,,,,,,,,,,,,,,,,,,,,,,,,,,,,,,,,,,,,,,,,,,,,,,,,,,,101.923615,24.463064,-0.072918,101.923615,24.463064,-0.08845029,,,,,,,,,,,,,,,,,,,,,,,,,,,,,,,,,,,,,,,,,,,,,,,,,,,,,,,,,,,,,,,
101.923615,24.493044,0.0006990926,101.923615,24.493044,0.0005354752,,,,,,,,,,,,,,,,,,,,,,,,,,,,,,,,,,,,,,,,,,,,,,,,,,,,,,,,,,,,,101.923615,24.493044,0.3153537,101.923615,24.493044,-0.1925742,,,,,,,,,,,,,,,,,,,,,,,,,,,,,,,,,,,,,,,,,,,,,,,,,,,,,,,,,,,,,,,
101.923615,24.523024,0.0006098468,101.923615,24.523024,0.0007437156,,,,,,,,,,,,,,,,,,,,,,,,,,,,,,,,,,,,,,,,,,,,,,,,,,,,,,,,,,,,,101.923615,24.523024,0.039562803,101.923615,24.523024,0.53296465,,,,,,,,,,,,,,,,,,,,,,,,,,,,,,,,,,,,,,,,,,,,,,,,,,,,,,,,,,,,,,,
101.923615,24.553001,0.00068421825,101.923615,24.553001,0.0007585899,,,,,,,,,,,,,,,,,,,,,,,,,,,,,,,,,,,,,,,,,,,,,,,,,,,,,,,,,,,,,101.923615,24.553001,0.25429544,101.923615,24.553001,0.58490086,,,,,,,,,,,,,,,,,,,,,,,,,,,,,,,,,,,,,,,,,,,,,,,,,,,,,,,,,,,,,,,
101.923615,24.582981,0.0005354752,101.923615,24.582981,0.0007139669,,,,,,,,,,,,,,,,,,,,,,,,,,,,,,,,,,,,,,,,,,,,,,,,,,,,,,,,,,,,,101.923615,24.582981,-0.2129515,101.923615,24.582981,0.42417943,,,,,,,,,,,,,,,,,,,,,,,,,,,,,,,,,,,,,,,,,,,,,,,,,,,,,,,,,,,,,,,
101.923615,24.61296,0.00044622936,101.923615,24.61296,0.0006098467,,,,,,,,,,,,,,,,,,,,,,,,,,,,,,,,,,,,,,,,,,,,,,,,,,,,,,,,,,,,,101.923615,24.61296,-0.5206671,101.923615,24.61296,0.070531234,,,,,,,,,,,,,,,,,,,,,,,,,,,,,,,,,,,,,,,,,,,,,,,,,,,,,,,,,,,,,,,
101.923615,24.64294,0.0006098467,101.923615,24.64294,0.0005949724,,,,,,,,,,,,,,,,,,,,,,,,,,,,,,,,,,,,,,,,,,,,,,,,,,,,,,,,,,,,,101.923615,24.64294,-0.005614049,101.923615,24.64294,0.013527274,,,,,,,,,,,,,,,,,,,,,,,,,,,,,,,,,,,,,,,,,,,,,,,,,,,,,,,,,,,,,,,
101.923615,24.672918,0.0007585899,101.923615,24.672918,0.0005652238,,,,,,,,,,,,,,,,,,,,,,,,,,,,,,,,,,,,,,,,,,,,,,,,,,,,,,,,,,,,,101.923615,24.672918,0.5395949,101.923615,24.672918,-0.11103007,,,,,,,,,,,,,,,,,,,,,,,,,,,,,,,,,,,,,,,,,,,,,,,,,,,,,,,,,,,,,,,
101.923615,24.702898,0.00069909263,101.923615,24.702898,0.00047597795,,,,,,,,,,,,,,,,,,,,,,,,,,,,,,,,,,,,,,,,,,,,,,,,,,,,,,,,,,,,,101.923615,24.702898,0.383122,101.923615,24.702898,-0.40950513,,,,,,,,,,,,,,,,,,,,,,,,,,,,,,,,,,,,,,,,,,,,,,,,,,,,,,,,,,,,,,,
101.923615,24.732878,0.00065446965,101.923615,24.732878,0.0004908523,,,,,,,,,,,,,,,,,,,,,,,,,,,,,,,,,,,,,,,,,,,,,,,,,,,,,,,,,,,,,101.923615,24.732878,0.19761463,101.923615,24.732878,-0.34669346,,,,,,,,,,,,,,,,,,,,,,,,,,,,,,,,,,,,,,,,,,,,,,,,,,,,,,,,,,,,,,,
101.923615,24.762857,0.00056522386,101.923615,24.762857,0.00043135497,,,,,,,,,,,,,,,,,,,,,,,,,,,,,,,,,,,,,,,,,,,,,,,,,,,,,,,,,,,,,101.923615,24.762857,-0.10172429,101.923615,24.762857,-0.53716636,,,,,,,,,,,,,,,,,,,,,,,,,,,,,,,,,,,,,,,,,,,,,,,,,,,,,,,,,,,,,,,
101.923615,24.792837,0.000431355,101.923615,24.792837,0.00046110371,,,,,,,,,,,,,,,,,,,,,,,,,,,,,,,,,,,,,,,,,,,,,,,,,,,,,,,,,,,,,101.923615,24.792837,-0.5930986,101.923615,24.792837,-0.47249806,,,,,,,,,,,,,,,,,,,,,,,,,,,,,,,,,,,,,,,,,,,,,,,,,,,,,,,,,,,,,,,
101.923615,24.822815,0.0006098467,101.923615,24.822815,0.0005206009,,,,,,,,,,,,,,,,,,,,,,,,,,,,,,,,,,,,,,,,,,,,,,,,,,,,,,,,,,,,,101.923615,24.822815,0.036730833,101.923615,24.822815,-0.24092984,,,,,,,,,,,,,,,,,,,,,,,,,,,,,,,,,,,,,,,,,,,,,,,,,,,,,,,,,,,,,,,
101.923615,24.852795,0.0005652238,101.923615,24.852795,0.0005503495,,,,,,,,,,,,,,,,,,,,,,,,,,,,,,,,,,,,,,,,,,,,,,,,,,,,,,,,,,,,,101.923615,24.852795,-0.09425895,101.923615,24.852795,-0.12505527,,,,,,,,,,,,,,,,,,,,,,,,,,,,,,,,,,,,,,,,,,,,,,,,,,,,,,,,,,,,,,,
101.923615,24.882774,0.0006098468,101.923615,24.882774,0.0005949724,,,,,,,,,,,,,,,,,,,,,,,,,,,,,,,,,,,,,,,,,,,,,,,,,,,,,,,,,,,,,101.923615,24.882774,0.073954254,101.923615,24.882774,0.005086551,,,,,,,,,,,,,,,,,,,,,,,,,,,,,,,,,,,,,,,,,,,,,,,,,,,,,,,,,,,,,,,
101.923615,24.912754,0.0005652238,101.923615,24.912754,0.00053547526,,,,,,,,,,,,,,,,,,,,,,,,,,,,,,,,,,,,,,,,,,,,,,,,,,,,,,,,,,,,,101.923615,24.912754,-0.105311185,101.923615,24.912754,-0.19436611,,,,,,,,,,,,,,,,,,,,,,,,,,,,,,,,,,,,,,,,,,,,,,,,,,,,,,,,,,,,,,,
101.923615,24.942732,0.0007288412,101.923615,24.942732,0.00056522386,,,,,,,,,,,,,,,,,,,,,,,,,,,,,,,,,,,,,,,,,,,,,,,,,,,,,,,,,,,,,101.923615,24.942732,0.4876497,101.923615,24.942732,-0.05837374,,,,,,,,,,,,,,,,,,,,,,,,,,,,,,,,,,,,,,,,,,,,,,,,,,,,,,,,,,,,,,,
101.923615,24.972712,0.00069909263,101.923615,24.972712,0.0007883385,,,,,,,,,,,,,,,,,,,,,,,,,,,,,,,,,,,,,,,,,,,,,,,,,,,,,,,,,,,,,101.923615,24.972712,0.38567054,101.923615,24.972712,0.6830194,,,,,,,,,,,,,,,,,,,,,,,,,,,,,,,,,,,,,,,,,,,,,,,,,,,,,,,,,,,,,,,
101.923615,25.002691,0.0007734642,101.923615,25.002691,0.0006098468,,,,,,,,,,,,,,,,,,,,,,,,,,,,,,,,,,,,,,,,,,,,,,,,,,,,,,,,,,,,,101.923615,25.002691,0.6784093,101.923615,25.002691,0.065225005,,,,,,,,,,,,,,,,,,,,,,,,,,,,,,,,,,,,,,,,,,,,,,,,,,,,,,,,,,,,,,,
101.923615,25.032671,0.000669344,101.923615,25.032671,0.00052060094,,,,,,,,,,,,,,,,,,,,,,,,,,,,,,,,,,,,,,,,,,,,,,,,,,,,,,,,,,,,,101.923615,25.032671,0.25280234,101.923615,25.032671,-0.2355202,,,,,,,,,,,,,,,,,,,,,,,,,,,,,,,,,,,,,,,,,,,,,,,,,,,,,,,,,,,,,,,
101.923615,25.062649,0.000669344,101.923615,25.062649,0.0005503495,,,,,,,,,,,,,,,,,,,,,,,,,,,,,,,,,,,,,,,,,,,,,,,,,,,,,,,,,,,,,101.923615,25.062649,0.22154123,101.923615,25.062649,-0.1287425,,,,,,,,,,,,,,,,,,,,,,,,,,,,,,,,,,,,,,,,,,,,,,,,,,,,,,,,,,,,,,,
101.923615,25.092628,0.00043135497,101.923615,25.092628,0.0006098468,,,,,,,,,,,,,,,,,,,,,,,,,,,,,,,,,,,,,,,,,,,,,,,,,,,,,,,,,,,,,101.923615,25.092628,-0.58475006,101.923615,25.092628,0.071443506,,,,,,,,,,,,,,,,,,,,,,,,,,,,,,,,,,,,,,,,,,,,,,,,,,,,,,,,,,,,,,,
101.923615,25.122608,0.000669344,101.923615,25.122608,0.0006247211,,,,,,,,,,,,,,,,,,,,,,,,,,,,,,,,,,,,,,,,,,,,,,,,,,,,,,,,,,,,,101.923615,25.122608,0.23133786,101.923615,25.122608,0.10760217,,,,,,,,,,,,,,,,,,,,,,,,,,,,,,,,,,,,,,,,,,,,,,,,,,,,,,,,,,,,,,,
101.923615,25.152588,0.00080321287,101.923615,25.152588,0.0005949724,,,,,,,,,,,,,,,,,,,,,,,,,,,,,,,,,,,,,,,,,,,,,,,,,,,,,,,,,,,,,101.923615,25.152588,0.73499364,101.923615,25.152588,0.012551069,,,,,,,,,,,,,,,,,,,,,,,,,,,,,,,,,,,,,,,,,,,,,,,,,,,,,,,,,,,,,,,
101.923615,25.182566,0.00084783573,101.923615,25.182566,0.0007139669,,,,,,,,,,,,,,,,,,,,,,,,,,,,,,,,,,,,,,,,,,,,,,,,,,,,,,,,,,,,,101.923615,25.182566,0.9435779,101.923615,25.182566,0.42284352,,,,,,,,,,,,,,,,,,,,,,,,,,,,,,,,,,,,,,,,,,,,,,,,,,,,,,,,,,,,,,,
101.923615,25.212545,0.0005949724,101.923615,25.212545,0.0007139669,,,,,,,,,,,,,,,,,,,,,,,,,,,,,,,,,,,,,,,,,,,,,,,,,,,,,,,,,,,,,101.923615,25.212545,-0.02109739,101.923615,25.212545,0.412867,,,,,,,,,,,,,,,,,,,,,,,,,,,,,,,,,,,,,,,,,,,,,,,,,,,,,,,,,,,,,,,
101.923615,25.242525,0.0006098468,101.923615,25.242525,0.0006098467,,,,,,,,,,,,,,,,,,,,,,,,,,,,,,,,,,,,,,,,,,,,,,,,,,,,,,,,,,,,,101.923615,25.242525,0.07742691,101.923615,25.242525,0.083584055,,,,,,,,,,,,,,,,,,,,,,,,,,,,,,,,,,,,,,,,,,,,,,,,,,,,,,,,,,,,,,,
101.923615,25.272505,0.00068421825,101.923615,25.272505,0.0005949724,,,,,,,,,,,,,,,,,,,,,,,,,,,,,,,,,,,,,,,,,,,,,,,,,,,,,,,,,,,,,101.923615,25.272505,0.27217758,101.923615,25.272505,0.029310478,,,,,,,,,,,,,,,,,,,,,,,,,,,,,,,,,,,,,,,,,,,,,,,,,,,,,,,,,,,,,,,
101.923615,25.302483,0.0007437156,101.923615,25.302483,0.00055034953,,,,,,,,,,,,,,,,,,,,,,,,,,,,,,,,,,,,,,,,,,,,,,,,,,,,,,,,,,,,,101.923615,25.302483,0.5024932,101.923615,25.302483,-0.13975462,,,,,,,,,,,,,,,,,,,,,,,,,,,,,,,,,,,,,,,,,,,,,,,,,,,,,,,,,,,,,,,
101.923615,25.332462,0.0007585899,101.923615,25.332462,0.00046110366,,,,,,,,,,,,,,,,,,,,,,,,,,,,,,,,,,,,,,,,,,,,,,,,,,,,,,,,,,,,,101.923615,25.332462,0.6279876,101.923615,25.332462,-0.4450862,,,,,,,,,,,,,,,,,,,,,,,,,,,,,,,,,,,,,,,,,,,,,,,,,,,,,,,,,,,,,,,
101.923615,25.362442,0.00071396696,101.923615,25.362442,0.0005800982,,,,,,,,,,,,,,,,,,,,,,,,,,,,,,,,,,,,,,,,,,,,,,,,,,,,,,,,,,,,,101.923615,25.362442,0.41728747,101.923615,25.362442,-0.047409136,,,,,,,,,,,,,,,,,,,,,,,,,,,,,,,,,,,,,,,,,,,,,,,,,,,,,,,,,,,,,,,
101.923615,25.392422,0.00065446965,101.923615,25.392422,0.0005800982,,,,,,,,,,,,,,,,,,,,,,,,,,,,,,,,,,,,,,,,,,,,,,,,,,,,,,,,,,,,,101.923615,25.392422,0.21468836,101.923615,25.392422,-0.042880014,,,,,,,,,,,,,,,,,,,,,,,,,,,,,,,,,,,,,,,,,,,,,,,,,,,,,,,,,,,,,,,
101.923615,25.4224,0.00037185775,101.923615,25.4224,0.0005354752,,,,,,,,,,,,,,,,,,,,,,,,,,,,,,,,,,,,,,,,,,,,,,,,,,,,,,,,,,,,,101.923615,25.4224,-0.8426145,101.923615,25.4224,-0.1878348,,,,,,,,,,,,,,,,,,,,,,,,,,,,,,,,,,,,,,,,,,,,,,,,,,,,,,,,,,,,,,,
101.923615,25.45238,0.00050572655,101.923615,25.45238,0.0005206009,,,,,,,,,,,,,,,,,,,,,,,,,,,,,,,,,,,,,,,,,,,,,,,,,,,,,,,,,,,,,101.923615,25.45238,-0.31481183,101.923615,25.45238,-0.256518,,,,,,,,,,,,,,,,,,,,,,,,,,,,,,,,,,,,,,,,,,,,,,,,,,,,,,,,,,,,,,,
101.923615,25.482359,0.0005652238,101.923615,25.482359,0.00044622936,,,,,,,,,,,,,,,,,,,,,,,,,,,,,,,,,,,,,,,,,,,,,,,,,,,,,,,,,,,,,101.923615,25.482359,-0.12296804,101.923615,25.482359,-0.5074251,,,,,,,,,,,,,,,,,,,,,,,,,,,,,,,,,,,,,,,,,,,,,,,,,,,,,,,,,,,,,,,
101.923615,25.512339,0.0006098467,101.923615,25.512339,0.0005503495,,,,,,,,,,,,,,,,,,,,,,,,,,,,,,,,,,,,,,,,,,,,,,,,,,,,,,,,,,,,,101.923615,25.512339,0.03568979,101.923615,25.512339,-0.14348908,,,,,,,,,,,,,,,,,,,,,,,,,,,,,,,,,,,,,,,,,,,,,,,,,,,,,,,,,,,,,,,
101.923615,25.542316,0.0005652238,101.923615,25.542316,0.0006395953,,,,,,,,,,,,,,,,,,,,,,,,,,,,,,,,,,,,,,,,,,,,,,,,,,,,,,,,,,,,,101.923615,25.542316,-0.123658314,101.923615,25.542316,0.17299348,,,,,,,,,,,,,,,,,,,,,,,,,,,,,,,,,,,,,,,,,,,,,,,,,,,,,,,,,,,,,,,
101.923615,25.572296,0.0006395953,101.923615,25.572296,0.0005503495,,,,,,,,,,,,,,,,,,,,,,,,,,,,,,,,,,,,,,,,,,,,,,,,,,,,,,,,,,,,,101.923615,25.572296,0.15638648,101.923615,25.572296,-0.1517548,,,,,,,,,,,,,,,,,,,,,,,,,,,,,,,,,,,,,,,,,,,,,,,,,,,,,,,,,,,,,,,
101.923615,25.602276,0.0007585899,101.923615,25.602276,0.0005503495,,,,,,,,,,,,,,,,,,,,,,,,,,,,,,,,,,,,,,,,,,,,,,,,,,,,,,,,,,,,,101.923615,25.602276,0.5320316,101.923615,25.602276,-0.12940669,,,,,,,,,,,,,,,,,,,,,,,,,,,,,,,,,,,,,,,,,,,,,,,,,,,,,,,,,,,,,,,
101.923615,25.632256,0.00043135497,101.923615,25.632256,0.0005354752,,,,,,,,,,,,,,,,,,,,,,,,,,,,,,,,,,,,,,,,,,,,,,,,,,,,,,,,,,,,,101.923615,25.632256,-0.62219894,101.923615,25.632256,-0.19605438,,,,,,,,,,,,,,,,,,,,,,,,,,,,,,,,,,,,,,,,,,,,,,,,,,,,,,,,,,,,,,,
101.923615,25.662235,0.0006395954,101.923615,25.662235,0.0006098467,,,,,,,,,,,,,,,,,,,,,,,,,,,,,,,,,,,,,,,,,,,,,,,,,,,,,,,,,,,,,101.923615,25.662235,0.13364175,101.923615,25.662235,0.048460603,,,,,,,,,,,,,,,,,,,,,,,,,,,,,,,,,,,,,,,,,,,,,,,,,,,,,,,,,,,,,,,
101.923615,25.692213,0.0006395953,101.923615,25.692213,0.0005206009,,,,,,,,,,,,,,,,,,,,,,,,,,,,,,,,,,,,,,,,,,,,,,,,,,,,,,,,,,,,,101.923615,25.692213,0.12887686,101.923615,25.692213,-0.24037579,,,,,,,,,,,,,,,,,,,,,,,,,,,,,,,,,,,,,,,,,,,,,,,,,,,,,,,,,,,,,,,
101.923615,25.722193,0.00066934404,101.923615,25.722193,0.0005354752,,,,,,,,,,,,,,,,,,,,,,,,,,,,,,,,,,,,,,,,,,,,,,,,,,,,,,,,,,,,,101.923615,25.722193,0.27910954,101.923615,25.722193,-0.1876368,,,,,,,,,,,,,,,,,,,,,,,,,,,,,,,,,,,,,,,,,,,,,,,,,,,,,,,,,,,,,,,
101.923615,25.752172,0.0005503495,101.923615,25.752172,0.0007883385,,,,,,,,,,,,,,,,,,,,,,,,,,,,,,,,,,,,,,,,,,,,,,,,,,,,,,,,,,,,,101.923615,25.752172,-0.18997929,101.923615,25.752172,0.67552054,,,,,,,,,,,,,,,,,,,,,,,,,,,,,,,,,,,,,,,,,,,,,,,,,,,,,,,,,,,,,,,
101.923615,25.782152,0.0006395954,101.923615,25.782152,0.00069909263,,,,,,,,,,,,,,,,,,,,,,,,,,,,,,,,,,,,,,,,,,,,,,,,,,,,,,,,,,,,,101.923615,25.782152,0.12104276,101.923615,25.782152,0.36818063,,,,,,,,,,,,,,,,,,,,,,,,,,,,,,,,,,,,,,,,,,,,,,,,,,,,,,,,,,,,,,,
101.923615,25.81213,0.00062472105,101.923615,25.81213,0.0005652238,,,,,,,,,,,,,,,,,,,,,,,,,,,,,,,,,,,,,,,,,,,,,,,,,,,,,,,,,,,,,101.923615,25.81213,0.08836011,101.923615,25.81213,-0.07944519,,,,,,,,,,,,,,,,,,,,,,,,,,,,,,,,,,,,,,,,,,,,,,,,,,,,,,,,,,,,,,,
101.923615,25.84211,0.0006098468,101.923615,25.84211,0.00075858994,,,,,,,,,,,,,,,,,,,,,,,,,,,,,,,,,,,,,,,,,,,,,,,,,,,,,,,,,,,,,101.923615,25.84211,0.05490099,101.923615,25.84211,0.59293675,,,,,,,,,,,,,,,,,,,,,,,,,,,,,,,,,,,,,,,,,,,,,,,,,,,,,,,,,,,,,,,
101.923615,25.87209,0.00066934404,101.923615,25.87209,0.00060984667,,,,,,,,,,,,,,,,,,,,,,,,,,,,,,,,,,,,,,,,,,,,,,,,,,,,,,,,,,,,,101.923615,25.87209,0.23289087,101.923615,25.87209,0.06466627,,,,,,,,,,,,,,,,,,,,,,,,,,,,,,,,,,,,,,,,,,,,,,,,,,,,,,,,,,,,,,,
101.923615,25.90207,0.0007288412,101.923615,25.90207,0.0005354752,,,,,,,,,,,,,,,,,,,,,,,,,,,,,,,,,,,,,,,,,,,,,,,,,,,,,,,,,,,,,101.923615,25.90207,0.46719307,101.923615,25.90207,-0.21164912,,,,,,,,,,,,,,,,,,,,,,,,,,,,,,,,,,,,,,,,,,,,,,,,,,,,,,,,,,,,,,,
101.923615,25.932047,0.00056522386,101.923615,25.932047,0.00043135503,,,,,,,,,,,,,,,,,,,,,,,,,,,,,,,,,,,,,,,,,,,,,,,,,,,,,,,,,,,,,101.923615,25.932047,-0.13806824,101.923615,25.932047,-0.5722663,,,,,,,,,,,,,,,,,,,,,,,,,,,,,,,,,,,,,,,,,,,,,,,,,,,,,,,,,,,,,,,
101.923615,25.962027,0.000669344,101.923615,25.962027,0.0005652238,,,,,,,,,,,,,,,,,,,,,,,,,,,,,,,,,,,,,,,,,,,,,,,,,,,,,,,,,,,,,101.923615,25.962027,0.26584932,101.923615,25.962027,-0.09916544,,,,,,,,,,,,,,,,,,,,,,,,,,,,,,,,,,,,,,,,,,,,,,,,,,,,,,,,,,,,,,,
101.923615,25.992006,0.00065446977,101.923615,25.992006,0.00066934404,,,,,,,,,,,,,,,,,,,,,,,,,,,,,,,,,,,,,,,,,,,,,,,,,,,,,,,,,,,,,101.923615,25.992006,0.16455282,101.923615,25.992006,0.27536651,,,,,,,,,,,,,,,,,,,,,,,,,,,,,,,,,,,,,,,,,,,,,,,,,,,,,,,,,,,,,,,
101.923615,26.021986,0.00080321275,101.923615,26.021986,0.00047597795,,,,,,,,,,,,,,,,,,,,,,,,,,,,,,,,,,,,,,,,,,,,,,,,,,,,,,,,,,,,,101.923615,26.021986,0.7193544,101.923615,26.021986,-0.41437674,,,,,,,,,,,,,,,,,,,,,,,,,,,,,,,,,,,,,,,,,,,,,,,,,,,,,,,,,,,,,,,
101.923615,26.051964,0.0005949724,101.923615,26.051964,0.00047597795,,,,,,,,,,,,,,,,,,,,,,,,,,,,,,,,,,,,,,,,,,,,,,,,,,,,,,,,,,,,,101.923615,26.051964,-0.015289943,101.923615,26.051964,-0.39916864,,,,,,,,,,,,,,,,,,,,,,,,,,,,,,,,,,,,,,,,,,,,,,,,,,,,,,,,,,,,,,,
101.923615,26.081944,0.00050572655,101.923615,26.081944,0.0005206009,,,,,,,,,,,,,,,,,,,,,,,,,,,,,,,,,,,,,,,,,,,,,,,,,,,,,,,,,,,,,101.923615,26.081944,-0.33544353,101.923615,26.081944,-0.2517811,,,,,,,,,,,,,,,,,,,,,,,,,,,,,,,,,,,,,,,,,,,,,,,,,,,,,,,,,,,,,,,
101.923615,26.111923,0.00072884123,101.923615,26.111923,0.00066934404,,,,,,,,,,,,,,,,,,,,,,,,,,,,,,,,,,,,,,,,,,,,,,,,,,,,,,,,,,,,,101.923615,26.111923,0.45192862,101.923615,26.111923,0.25138927,,,,,,,,,,,,,,,,,,,,,,,,,,,,,,,,,,,,,,,,,,,,,,,,,,,,,,,,,,,,,,,
101.923615,26.141903,0.0005206009,101.923615,26.141903,0.0004908523,,,,,,,,,,,,,,,,,,,,,,,,,,,,,,,,,,,,,,,,,,,,,,,,,,,,,,,,,,,,,101.923615,26.141903,-0.3230199,101.923615,26.141903,-0.33196285,,,,,,,,,,,,,,,,,,,,,,,,,,,,,,,,,,,,,,,,,,,,,,,,,,,,,,,,,,,,,,,
101.923615,26.17188,0.00058009813,101.923615,26.17188,0.0006247211,,,,,,,,,,,,,,,,,,,,,,,,,,,,,,,,,,,,,,,,,,,,,,,,,,,,,,,,,,,,,101.923615,26.17188,-0.08153948,101.923615,26.17188,0.10523389,,,,,,,,,,,,,,,,,,,,,,,,,,,,,,,,,,,,,,,,,,,,,,,,,,,,,,,,,,,,,,,
101.923615,26.20186,0.0005652238,101.923615,26.20186,0.0004908523,,,,,,,,,,,,,,,,,,,,,,,,,,,,,,,,,,,,,,,,,,,,,,,,,,,,,,,,,,,,,101.923615,26.20186,-0.12050912,101.923615,26.20186,-0.3477803,,,,,,,,,,,,,,,,,,,,,,,,,,,,,,,,,,,,,,,,,,,,,,,,,,,,,,,,,,,,,,,
101.923615,26.23184,0.00072884123,101.923615,26.23184,0.00055034953,,,,,,,,,,,,,,,,,,,,,,,,,,,,,,,,,,,,,,,,,,,,,,,,,,,,,,,,,,,,,101.923615,26.23184,0.4614561,101.923615,26.23184,-0.1179337,,,,,,,,,,,,,,,,,,,,,,,,,,,,,,,,,,,,,,,,,,,,,,,,,,,,,,,,,,,,,,,
101.923615,26.26182,0.0006098468,101.923615,26.26182,0.0005949725,,,,,,,,,,,,,,,,,,,,,,,,,,,,,,,,,,,,,,,,,,,,,,,,,,,,,,,,,,,,,101.923615,26.26182,0.03984597,101.923615,26.26182,0.03379935,,,,,,,,,,,,,,,,,,,,,,,,,,,,,,,,,,,,,,,,,,,,,,,,,,,,,,,,,,,,,,,
101.923615,26.291798,0.000669344,101.923615,26.291798,0.0006098467,,,,,,,,,,,,,,,,,,,,,,,,,,,,,,,,,,,,,,,,,,,,,,,,,,,,,,,,,,,,,101.923615,26.291798,0.28002322,101.923615,26.291798,0.0794922,,,,,,,,,,,,,,,,,,,,,,,,,,,,,,,,,,,,,,,,,,,,,,,,,,,,,,,,,,,,,,,
101.923615,26.321777,0.0005652238,101.923615,26.321777,0.00055034953,,,,,,,,,,,,,,,,,,,,,,,,,,,,,,,,,,,,,,,,,,,,,,,,,,,,,,,,,,,,,101.923615,26.321777,-0.13345605,101.923615,26.321777,-0.15361863,,,,,,,,,,,,,,,,,,,,,,,,,,,,,,,,,,,,,,,,,,,,,,,,,,,,,,,,,,,,,,,
101.923615,26.351757,0.00062472105,101.923615,26.351757,0.00046110366,,,,,,,,,,,,,,,,,,,,,,,,,,,,,,,,,,,,,,,,,,,,,,,,,,,,,,,,,,,,,101.923615,26.351757,0.12107636,101.923615,26.351757,-0.44363648,,,,,,,,,,,,,,,,,,,,,,,,,,,,,,,,,,,,,,,,,,,,,,,,,,,,,,,,,,,,,,,
101.923615,26.381737,0.0004908522,101.923615,26.381737,0.0005503495,,,,,,,,,,,,,,,,,,,,,,,,,,,,,,,,,,,,,,,,,,,,,,,,,,,,,,,,,,,,,101.923615,26.381737,-0.3584151,101.923615,26.381737,-0.112662606,,,,,,,,,,,,,,,,,,,,,,,,,,,,,,,,,,,,,,,,,,,,,,,,,,,,,,,,,,,,,,,
101.923615,26.411715,0.0005206009,101.923615,26.411715,0.0005652238,,,,,,,,,,,,,,,,,,,,,,,,,,,,,,,,,,,,,,,,,,,,,,,,,,,,,,,,,,,,,101.923615,26.411715,-0.28380215,101.923615,26.411715,-0.09665174,,,,,,,,,,,,,,,,,,,,,,,,,,,,,,,,,,,,,,,,,,,,,,,,,,,,,,,,,,,,,,,
101.923615,26.441694,0.00044622936,101.923615,26.441694,0.0005949724,,,,,,,,,,,,,,,,,,,,,,,,,,,,,,,,,,,,,,,,,,,,,,,,,,,,,,,,,,,,,101.923615,26.441694,-0.5259774,101.923615,26.441694,-0.011220389,,,,,,,,,,,,,,,,,,,,,,,,,,,,,,,,,,,,,,,,,,,,,,,,,,,,,,,,,,,,,,,
101.923615,26.471674,0.00065446977,101.923615,26.471674,0.00066934404,,,,,,,,,,,,,,,,,,,,,,,,,,,,,,,,,,,,,,,,,,,,,,,,,,,,,,,,,,,,,101.923615,26.471674,0.15430826,101.923615,26.471674,0.2640795,,,,,,,,,,,,,,,,,,,,,,,,,,,,,,,,,,,,,,,,,,,,,,,,,,,,,,,,,,,,,,,
101.923615,26.501654,0.0004908522,101.923615,26.501654,0.00035698345,,,,,,,,,,,,,,,,,,,,,,,,,,,,,,,,,,,,,,,,,,,,,,,,,,,,,,,,,,,,,101.923615,26.501654,-0.35863262,101.923615,26.501654,-0.7922399,,,,,,,,,,,,,,,,,,,,,,,,,,,,,,,,,,,,,,,,,,,,,,,,,,,,,,,,,,,,,,,
101.923615,26.531633,0.00071396696,101.923615,26.531633,0.0005206009,,,,,,,,,,,,,,,,,,,,,,,,,,,,,,,,,,,,,,,,,,,,,,,,,,,,,,,,,,,,,101.923615,26.531633,0.41140783,101.923615,26.531633,-0.2462244,,,,,,,,,,,,,,,,,,,,,,,,,,,,,,,,,,,,,,,,,,,,,,,,,,,,,,,,,,,,,,,
101.923615,26.561611,0.0007585898,101.923615,26.561611,0.0006544697,,,,,,,,,,,,,,,,,,,,,,,,,,,,,,,,,,,,,,,,,,,,,,,,,,,,,,,,,,,,,101.923615,26.561611,0.59558964,101.923615,26.561611,0.19430226,,,,,,,,,,,,,,,,,,,,,,,,,,,,,,,,,,,,,,,,,,,,,,,,,,,,,,,,,,,,,,,
101.923615,26.59159,0.0006098468,101.923615,26.59159,0.00041648067,,,,,,,,,,,,,,,,,,,,,,,,,,,,,,,,,,,,,,,,,,,,,,,,,,,,,,,,,,,,,101.923615,26.59159,0.046300173,101.923615,26.59159,-0.60136944,,,,,,,,,,,,,,,,,,,,,,,,,,,,,,,,,,,,,,,,,,,,,,,,,,,,,,,,,,,,,,,
101.923615,26.62157,0.000669344,101.923615,26.62157,0.00047597795,,,,,,,,,,,,,,,,,,,,,,,,,,,,,,,,,,,,,,,,,,,,,,,,,,,,,,,,,,,,,101.923615,26.62157,0.2793473,101.923615,26.62157,-0.39107144,,,,,,,,,,,,,,,,,,,,,,,,,,,,,,,,,,,,,,,,,,,,,,,,,,,,,,,,,,,,,,,
101.923615,26.65155,0.00087758433,101.923615,26.65155,0.00069909263,,,,,,,,,,,,,,,,,,,,,,,,,,,,,,,,,,,,,,,,,,,,,,,,,,,,,,,,,,,,,101.923615,26.65155,0.9917191,101.923615,26.65155,0.3632213,,,,,,,,,,,,,,,,,,,,,,,,,,,,,,,,,,,,,,,,,,,,,,,,,,,,,,,,,,,,,,,
101.923615,26.681528,0.0006395954,101.923615,26.681528,0.0005503495,,,,,,,,,,,,,,,,,,,,,,,,,,,,,,,,,,,,,,,,,,,,,,,,,,,,,,,,,,,,,101.923615,26.681528,0.18637298,101.923615,26.681528,-0.13362612,,,,,,,,,,,,,,,,,,,,,,,,,,,,,,,,,,,,,,,,,,,,,,,,,,,,,,,,,,,,,,,
101.923615,26.711508,0.00050572655,101.923615,26.711508,0.0006990927,,,,,,,,,,,,,,,,,,,,,,,,,,,,,,,,,,,,,,,,,,,,,,,,,,,,,,,,,,,,,101.923615,26.711508,-0.3257458,101.923615,26.711508,0.3724395,,,,,,,,,,,,,,,,,,,,,,,,,,,,,,,,,,,,,,,,,,,,,,,,,,,,,,,,,,,,,,,
101.923615,26.741488,0.00065446965,101.923615,26.741488,0.0006990927,,,,,,,,,,,,,,,,,,,,,,,,,,,,,,,,,,,,,,,,,,,,,,,,,,,,,,,,,,,,,101.923615,26.741488,0.2090745,101.923615,26.741488,0.38711295,,,,,,,,,,,,,,,,,,,,,,,,,,,,,,,,,,,,,,,,,,,,,,,,,,,,,,,,,,,,,,,
101.923615,26.771467,0.0006544697,101.923615,26.771467,0.00068421825,,,,,,,,,,,,,,,,,,,,,,,,,,,,,,,,,,,,,,,,,,,,,,,,,,,,,,,,,,,,,101.923615,26.771467,0.2012307,101.923615,26.771467,0.32101902,,,,,,,,,,,,,,,,,,,,,,,,,,,,,,,,,,,,,,,,,,,,,,,,,,,,,,,,,,,,,,,
101.923615,26.801445,0.00050572655,101.923615,26.801445,0.0004908523,,,,,,,,,,,,,,,,,,,,,,,,,,,,,,,,,,,,,,,,,,,,,,,,,,,,,,,,,,,,,101.923615,26.801445,-0.34294674,101.923615,26.801445,-0.3570485,,,,,,,,,,,,,,,,,,,,,,,,,,,,,,,,,,,,,,,,,,,,,,,,,,,,,,,,,,,,,,,
101.923615,26.831425,0.0005652238,101.923615,26.831425,0.0005949725,,,,,,,,,,,,,,,,,,,,,,,,,,,,,,,,,,,,,,,,,,,,,,,,,,,,,,,,,,,,,101.923615,26.831425,-0.11465226,101.923615,26.831425,0.030629596,,,,,,,,,,,,,,,,,,,,,,,,,,,,,,,,,,,,,,,,,,,,,,,,,,,,,,,,,,,,,,,
101.923615,26.861404,0.00043135503,101.923615,26.861404,0.0005354752,,,,,,,,,,,,,,,,,,,,,,,,,,,,,,,,,,,,,,,,,,,,,,,,,,,,,,,,,,,,,101.923615,26.861404,-0.57658416,101.923615,26.861404,-0.21078447,,,,,,,,,,,,,,,,,,,,,,,,,,,,,,,,,,,,,,,,,,,,,,,,,,,,,,,,,,,,,,,
101.923615,26.891384,0.00080321287,101.923615,26.891384,0.000713967,,,,,,,,,,,,,,,,,,,,,,,,,,,,,,,,,,,,,,,,,,,,,,,,,,,,,,,,,,,,,101.923615,26.891384,0.72442174,101.923615,26.891384,0.40878904,,,,,,,,,,,,,,,,,,,,,,,,,,,,,,,,,,,,,,,,,,,,,,,,,,,,,,,,,,,,,,,
101.923615,26.921362,0.00059497246,101.923615,26.921362,0.00047597795,,,,,,,,,,,,,,,,,,,,,,,,,,,,,,,,,,,,,,,,,,,,,,,,,,,,,,,,,,,,,101.923615,26.921362,0.018918235,101.923615,26.921362,-0.40191895,,,,,,,,,,,,,,,,,,,,,,,,,,,,,,,,,,,,,,,,,,,,,,,,,,,,,,,,,,,,,,,
101.923615,26.951342,0.0006098468,101.923615,26.951342,0.00047597795,,,,,,,,,,,,,,,,,,,,,,,,,,,,,,,,,,,,,,,,,,,,,,,,,,,,,,,,,,,,,101.923615,26.951342,0.06752609,101.923615,26.951342,-0.37389675,,,,,,,,,,,,,,,,,,,,,,,,,,,,,,,,,,,,,,,,,,,,,,,,,,,,,,,,,,,,,,,
101.923615,26.981321,0.0005949724,101.923615,26.981321,0.00046110366,,,,,,,,,,,,,,,,,,,,,,,,,,,,,,,,,,,,,,,,,,,,,,,,,,,,,,,,,,,,,101.923615,26.981321,-0.00704686,101.923615,26.981321,-0.44470534,,,,,,,,,,,,,,,,,,,,,,,,,,,,,,,,,,,,,,,,,,,,,,,,,,,,,,,,,,,,,,,
101.923615,27.011301,0.0005354752,101.923615,27.011301,0.0006098467,,,,,,,,,,,,,,,,,,,,,,,,,,,,,,,,,,,,,,,,,,,,,,,,,,,,,,,,,,,,,101.923615,27.011301,-0.22285503,101.923615,27.011301,0.071803965,,,,,,,,,,,,,,,,,,,,,,,,,,,,,,,,,,,,,,,,,,,,,,,,,,,,,,,,,,,,,,,
101.923615,27.041279,0.0005949724,101.923615,27.041279,0.00066934404,,,,,,,,,,,,,,,,,,,,,,,,,,,,,,,,,,,,,,,,,,,,,,,,,,,,,,,,,,,,,101.923615,27.041279,-0.0072490177,101.923615,27.041279,0.2838268,,,,,,,,,,,,,,,,,,,,,,,,,,,,,,,,,,,,,,,,,,,,,,,,,,,,,,,,,,,,,,,
101.923615,27.071259,0.0005949724,101.923615,27.071259,0.0005652238,,,,,,,,,,,,,,,,,,,,,,,,,,,,,,,,,,,,,,,,,,,,,,,,,,,,,,,,,,,,,101.923615,27.071259,-0.037837327,101.923615,27.071259,-0.08560139,,,,,,,,,,,,,,,,,,,,,,,,,,,,,,,,,,,,,,,,,,,,,,,,,,,,,,,,,,,,,,,
101.923615,27.101238,0.00062472105,101.923615,27.101238,0.00047597795,,,,,,,,,,,,,,,,,,,,,,,,,,,,,,,,,,,,,,,,,,,,,,,,,,,,,,,,,,,,,101.923615,27.101238,0.079088315,101.923615,27.101238,-0.40313256,,,,,,,,,,,,,,,,,,,,,,,,,,,,,,,,,,,,,,,,,,,,,,,,,,,,,,,,,,,,,,,
101.923615,27.131218,0.00068421836,101.923615,27.131218,0.00058009813,,,,,,,,,,,,,,,,,,,,,,,,,,,,,,,,,,,,,,,,,,,,,,,,,,,,,,,,,,,,,101.923615,27.131218,0.32592085,101.923615,27.131218,-0.040872324,,,,,,,,,,,,,,,,,,,,,,,,,,,,,,,,,,,,,,,,,,,,,,,,,,,,,,,,,,,,,,,
101.923615,27.161196,0.00062472105,101.923615,27.161196,0.00047597795,,,,,,,,,,,,,,,,,,,,,,,,,,,,,,,,,,,,,,,,,,,,,,,,,,,,,,,,,,,,,101.923615,27.161196,0.113317996,101.923615,27.161196,-0.40759388,,,,,,,,,,,,,,,,,,,,,,,,,,,,,,,,,,,,,,,,,,,,,,,,,,,,,,,,,,,,,,,
101.923615,27.191175,0.00056522386,101.923615,27.191175,0.000624721,,,,,,,,,,,,,,,,,,,,,,,,,,,,,,,,,,,,,,,,,,,,,,,,,,,,,,,,,,,,,101.923615,27.191175,-0.07976332,101.923615,27.191175,0.12118416,,,,,,,,,,,,,,,,,,,,,,,,,,,,,,,,,,,,,,,,,,,,,,,,,,,,,,,,,,,,,,,
101.923615,27.221155,0.00062472105,101.923615,27.221155,0.0007734642,,,,,,,,,,,,,,,,,,,,,,,,,,,,,,,,,,,,,,,,,,,,,,,,,,,,,,,,,,,,,101.923615,27.221155,0.07730787,101.923615,27.221155,0.6335214,,,,,,,,,,,,,,,,,,,,,,,,,,,,,,,,,,,,,,,,,,,,,,,,,,,,,,,,,,,,,,,
101.923615,27.251135,0.00069909263,101.923615,27.251135,0.0007734642,,,,,,,,,,,,,,,,,,,,,,,,,,,,,,,,,,,,,,,,,,,,,,,,,,,,,,,,,,,,,101.923615,27.251135,0.32711622,101.923615,27.251135,0.63335615,,,,,,,,,,,,,,,,,,,,,,,,,,,,,,,,,,,,,,,,,,,,,,,,,,,,,,,,,,,,,,,
101.923615,27.281113,0.00056522386,101.923615,27.281113,0.00062472105,,,,,,,,,,,,,,,,,,,,,,,,,,,,,,,,,,,,,,,,,,,,,,,,,,,,,,,,,,,,,101.923615,27.281113,-0.11637366,101.923615,27.281113,0.12174855,,,,,,,,,,,,,,,,,,,,,,,,,,,,,,,,,,,,,,,,,,,,,,,,,,,,,,,,,,,,,,,
101.923615,27.311092,0.0005652238,101.923615,27.311092,0.00055034953,,,,,,,,,,,,,,,,,,,,,,,,,,,,,,,,,,,,,,,,,,,,,,,,,,,,,,,,,,,,,101.923615,27.311092,-0.11081331,101.923615,27.311092,-0.14994144,,,,,,,,,,,,,,,,,,,,,,,,,,,,,,,,,,,,,,,,,,,,,,,,,,,,,,,,,,,,,,,
101.923615,27.341072,0.00038673205,101.923615,27.341072,0.00058009813,,,,,,,,,,,,,,,,,,,,,,,,,,,,,,,,,,,,,,,,,,,,,,,,,,,,,,,,,,,,,101.923615,27.341072,-0.7507605,101.923615,27.341072,-0.040384002,,,,,,,,,,,,,,,,,,,,,,,,,,,,,,,,,,,,,,,,,,,,,,,,,,,,,,,,,,,,,,,
101.923615,27.371052,0.0006098468,101.923615,27.371052,0.000669344,,,,,,,,,,,,,,,,,,,,,,,,,,,,,,,,,,,,,,,,,,,,,,,,,,,,,,,,,,,,,101.923615,27.371052,0.04621671,101.923615,27.371052,0.28272745,,,,,,,,,,,,,,,,,,,,,,,,,,,,,,,,,,,,,,,,,,,,,,,,,,,,,,,,,,,,,,,
101.923615,27.401031,0.0005503495,101.923615,27.401031,0.0005354752,,,,,,,,,,,,,,,,,,,,,,,,,,,,,,,,,,,,,,,,,,,,,,,,,,,,,,,,,,,,,101.923615,27.401031,-0.14062986,101.923615,27.401031,-0.20985848,,,,,,,,,,,,,,,,,,,,,,,,,,,,,,,,,,,,,,,,,,,,,,,,,,,,,,,,,,,,,,,
101.923615,27.43101,0.0007288413,101.923615,27.43101,0.000669344,,,,,,,,,,,,,,,,,,,,,,,,,,,,,,,,,,,,,,,,,,,,,,,,,,,,,,,,,,,,,101.923615,27.43101,0.45358112,101.923615,27.43101,0.2654371,,,,,,,,,,,,,,,,,,,,,,,,,,,,,,,,,,,,,,,,,,,,,,,,,,,,,,,,,,,,,,,
101.923615,27.460989,0.00069909263,101.923615,27.460989,0.0005206009,,,,,,,,,,,,,,,,,,,,,,,,,,,,,,,,,,,,,,,,,,,,,,,,,,,,,,,,,,,,,101.923615,27.460989,0.3275799,101.923615,27.460989,-0.24186547,,,,,,,,,,,,,,,,,,,,,,,,,,,,,,,,,,,,,,,,,,,,,,,,,,,,,,,,,,,,,,,
101.923615,27.490969,0.0005949724,101.923615,27.490969,0.00062472105,,,,,,,,,,,,,,,,,,,,,,,,,,,,,,,,,,,,,,,,,,,,,,,,,,,,,,,,,,,,,101.923615,27.490969,0.0050854683,101.923615,27.490969,0.11031763,,,,,,,,,,,,,,,,,,,,,,,,,,,,,,,,,,,,,,,,,,,,,,,,,,,,,,,,,,,,,,,
101.923615,27.520948,0.00049085234,101.923615,27.520948,0.0004611036,,,,,,,,,,,,,,,,,,,,,,,,,,,,,,,,,,,,,,,,,,,,,,,,,,,,,,,,,,,,,101.923615,27.520948,-0.3647404,101.923615,27.520948,-0.44279492,,,,,,,,,,,,,,,,,,,,,,,,,,,,,,,,,,,,,,,,,,,,,,,,,,,,,,,,,,,,,,,
101.923615,27.550926,0.00046110371,101.923615,27.550926,0.00083296135,,,,,,,,,,,,,,,,,,,,,,,,,,,,,,,,,,,,,,,,,,,,,,,,,,,,,,,,,,,,,101.923615,27.550926,-0.5002278,101.923615,27.550926,0.8399503,,,,,,,,,,,,,,,,,,,,,,,,,,,,,,,,,,,,,,,,,,,,,,,,,,,,,,,,,,,,,,,
101.923615,27.580906,0.0006247211,101.923615,27.580906,0.0005652238,,,,,,,,,,,,,,,,,,,,,,,,,,,,,,,,,,,,,,,,,,,,,,,,,,,,,,,,,,,,,101.923615,27.580906,0.14158033,101.923615,27.580906,-0.09304721,,,,,,,,,,,,,,,,,,,,,,,,,,,,,,,,,,,,,,,,,,,,,,,,,,,,,,,,,,,,,,,
101.923615,27.610886,0.00065446965,101.923615,27.610886,0.00043135503,,,,,,,,,,,,,,,,,,,,,,,,,,,,,,,,,,,,,,,,,,,,,,,,,,,,,,,,,,,,,101.923615,27.610886,0.20905054,101.923615,27.610886,-0.5640732,,,,,,,,,,,,,,,,,,,,,,,,,,,,,,,,,,,,,,,,,,,,,,,,,,,,,,,,,,,,,,,
101.923615,27.640865,0.0005949724,101.923615,27.640865,0.0004908522,,,,,,,,,,,,,,,,,,,,,,,,,,,,,,,,,,,,,,,,,,,,,,,,,,,,,,,,,,,,,101.923615,27.640865,-0.01692399,101.923615,27.640865,-0.34159482,,,,,,,,,,,,,,,,,,,,,,,,,,,,,,,,,,,,,,,,,,,,,,,,,,,,,,,,,,,,,,,
101.923615,27.670843,0.00065446965,101.923615,27.670843,0.0008478358,,,,,,,,,,,,,,,,,,,,,,,,,,,,,,,,,,,,,,,,,,,,,,,,,,,,,,,,,,,,,101.923615,27.670843,0.21735808,101.923615,27.670843,0.8955168,,,,,,,,,,,,,,,,,,,,,,,,,,,,,,,,,,,,,,,,,,,,,,,,,,,,,,,,,,,,,,,
101.923615,27.700823,0.00065446965,101.923615,27.700823,0.00065446965,,,,,,,,,,,,,,,,,,,,,,,,,,,,,,,,,,,,,,,,,,,,,,,,,,,,,,,,,,,,,101.923615,27.700823,0.17228195,101.923615,27.700823,0.23420985,,,,,,,,,,,,,,,,,,,,,,,,,,,,,,,,,,,,,,,,,,,,,,,,,,,,,,,,,,,,,,,
101.923615,27.730803,0.0004908523,101.923615,27.730803,0.0005800982,,,,,,,,,,,,,,,,,,,,,,,,,,,,,,,,,,,,,,,,,,,,,,,,,,,,,,,,,,,,,101.923615,27.730803,-0.3467844,101.923615,27.730803,-0.034478307,,,,,,,,,,,,,,,,,,,,,,,,,,,,,,,,,,,,,,,,,,,,,,,,,,,,,,,,,,,,,,,
101.923615,27.760782,0.0006990926,101.923615,27.760782,0.00038673205,,,,,,,,,,,,,,,,,,,,,,,,,,,,,,,,,,,,,,,,,,,,,,,,,,,,,,,,,,,,,101.923615,27.760782,0.3788608,101.923615,27.760782,-0.7129175,,,,,,,,,,,,,,,,,,,,,,,,,,,,,,,,,,,,,,,,,,,,,,,,,,,,,,,,,,,,,,,
101.923615,27.79076,0.0004462293,101.923615,27.79076,0.00058009813,,,,,,,,,,,,,,,,,,,,,,,,,,,,,,,,,,,,,,,,,,,,,,,,,,,,,,,,,,,,,101.923615,27.79076,-0.51960367,101.923615,27.79076,-0.055866573,,,,,,,,,,,,,,,,,,,,,,,,,,,,,,,,,,,,,,,,,,,,,,,,,,,,,,,,,,,,,,,
101.923615,27.82074,0.00050572655,101.923615,27.82074,0.0004759779,,,,,,,,,,,,,,,,,,,,,,,,,,,,,,,,,,,,,,,,,,,,,,,,,,,,,,,,,,,,,101.923615,27.82074,-0.34700456,101.923615,27.82074,-0.38498333,,,,,,,,,,,,,,,,,,,,,,,,,,,,,,,,,,,,,,,,,,,,,,,,,,,,,,,,,,,,,,,
101.923615,27.85072,0.00065446965,101.923615,27.85072,0.00050572655,,,,,,,,,,,,,,,,,,,,,,,,,,,,,,,,,,,,,,,,,,,,,,,,,,,,,,,,,,,,,101.923615,27.85072,0.23737389,101.923615,27.85072,-0.29060513,,,,,,,,,,,,,,,,,,,,,,,,,,,,,,,,,,,,,,,,,,,,,,,,,,,,,,,,,,,,,,,
101.923615,27.8807,0.00050572655,101.923615,27.8807,0.00077346415,,,,,,,,,,,,,,,,,,,,,,,,,,,,,,,,,,,,,,,,,,,,,,,,,,,,,,,,,,,,,101.923615,27.8807,-0.31282127,101.923615,27.8807,0.62148446,,,,,,,,,,,,,,,,,,,,,,,,,,,,,,,,,,,,,,,,,,,,,,,,,,,,,,,,,,,,,,,
101.923615,27.910677,0.0009073329,101.923615,27.910677,0.0005949724,,,,,,,,,,,,,,,,,,,,,,,,,,,,,,,,,,,,,,,,,,,,,,,,,,,,,,,,,,,,,101.923615,27.910677,1.1658632,101.923615,27.910677,0.012487901,,,,,,,,,,,,,,,,,,,,,,,,,,,,,,,,,,,,,,,,,,,,,,,,,,,,,,,,,,,,,,,
101.923615,27.940657,0.0004908523,101.923615,27.940657,0.00059497246,,,,,,,,,,,,,,,,,,,,,,,,,,,,,,,,,,,,,,,,,,,,,,,,,,,,,,,,,,,,,101.923615,27.940657,-0.37799537,101.923615,27.940657,0.00020030473,,,,,,,,,,,,,,,,,,,,,,,,,,,,,,,,,,,,,,,,,,,,,,,,,,,,,,,,,,,,,,,
101.923615,27.970636,0.00068421825,101.923615,27.970636,0.00066934404,,,,,,,,,,,,,,,,,,,,,,,,,,,,,,,,,,,,,,,,,,,,,,,,,,,,,,,,,,,,,101.923615,27.970636,0.30177414,101.923615,27.970636,0.29848042,,,,,,,,,,,,,,,,,,,,,,,,,,,,,,,,,,,,,,,,,,,,,,,,,,,,,,,,,,,,,,,
101.923615,28.000616,0.0007734642,101.923615,28.000616,0.00052060094,,,,,,,,,,,,,,,,,,,,,,,,,,,,,,,,,,,,,,,,,,,,,,,,,,,,,,,,,,,,,101.923615,28.000616,0.6126009,101.923615,28.000616,-0.22935894,,,,,,,,,,,,,,,,,,,,,,,,,,,,,,,,,,,,,,,,,,,,,,,,,,,,,,,,,,,,,,,
101.923615,28.030594,0.0005206009,101.923615,28.030594,0.00062472105,,,,,,,,,,,,,,,,,,,,,,,,,,,,,,,,,,,,,,,,,,,,,,,,,,,,,,,,,,,,,101.923615,28.030594,-0.2714647,101.923615,28.030594,0.10409852,,,,,,,,,,,,,,,,,,,,,,,,,,,,,,,,,,,,,,,,,,,,,,,,,,,,,,,,,,,,,,,
101.923615,28.060574,0.00056522386,101.923615,28.060574,0.00058009813,,,,,,,,,,,,,,,,,,,,,,,,,,,,,,,,,,,,,,,,,,,,,,,,,,,,,,,,,,,,,101.923615,28.060574,-0.12590358,101.923615,28.060574,-0.056664057,,,,,,,,,,,,,,,,,,,,,,,,,,,,,,,,,,,,,,,,,,,,,,,,,,,,,,,,,,,,,,,
101.923615,28.090553,0.0005652238,101.923615,28.090553,0.0006990926,,,,,,,,,,,,,,,,,,,,,,,,,,,,,,,,,,,,,,,,,,,,,,,,,,,,,,,,,,,,,101.923615,28.090553,-0.11231804,101.923615,28.090553,0.3470288,,,,,,,,,,,,,,,,,,,,,,,,,,,,,,,,,,,,,,,,,,,,,,,,,,,,,,,,,,,,,,,
101.923615,28.120533,0.0006098468,101.923615,28.120533,0.00052060094,,,,,,,,,,,,,,,,,,,,,,,,,,,,,,,,,,,,,,,,,,,,,,,,,,,,,,,,,,,,,101.923615,28.120533,0.03133777,101.923615,28.120533,-0.23925522,,,,,,,,,,,,,,,,,,,,,,,,,,,,,,,,,,,,,,,,,,,,,,,,,,,,,,,,,,,,,,,
101.923615,28.150513,0.00041648073,101.923615,28.150513,0.00066934404,,,,,,,,,,,,,,,,,,,,,,,,,,,,,,,,,,,,,,,,,,,,,,,,,,,,,,,,,,,,,101.923615,28.150513,-0.6366834,101.923615,28.150513,0.26129675,,,,,,,,,,,,,,,,,,,,,,,,,,,,,,,,,,,,,,,,,,,,,,,,,,,,,,,,,,,,,,,
101.923615,28.18049,0.00066934404,101.923615,28.18049,0.00066934404,,,,,,,,,,,,,,,,,,,,,,,,,,,,,,,,,,,,,,,,,,,,,,,,,,,,,,,,,,,,,101.923615,28.18049,0.24486239,101.923615,28.18049,0.2759719,,,,,,,,,,,,,,,,,,,,,,,,,,,,,,,,,,,,,,,,,,,,,,,,,,,,,,,,,,,,,,,
101.923615,28.21047,0.0006990926,101.923615,28.21047,0.00059497246,,,,,,,,,,,,,,,,,,,,,,,,,,,,,,,,,,,,,,,,,,,,,,,,,,,,,,,,,,,,,101.923615,28.21047,0.34658733,101.923615,28.21047,-0.016091214,,,,,,,,,,,,,,,,,,,,,,,,,,,,,,,,,,,,,,,,,,,,,,,,,,,,,,,,,,,,,,,
101.923615,28.24045,0.00072884123,101.923615,28.24045,0.00055034953,,,,,,,,,,,,,,,,,,,,,,,,,,,,,,,,,,,,,,,,,,,,,,,,,,,,,,,,,,,,,101.923615,28.24045,0.4898811,101.923615,28.24045,-0.12877496,,,,,,,,,,,,,,,,,,,,,,,,,,,,,,,,,,,,,,,,,,,,,,,,,,,,,,,,,,,,,,,
101.923615,28.27043,0.00066934404,101.923615,28.27043,0.0006544697,,,,,,,,,,,,,,,,,,,,,,,,,,,,,,,,,,,,,,,,,,,,,,,,,,,,,,,,,,,,,101.923615,28.27043,0.27049616,101.923615,28.27043,0.20754623,,,,,,,,,,,,,,,,,,,,,,,,,,,,,,,,,,,,,,,,,,,,,,,,,,,,,,,,,,,,,,,
101.923615,28.300407,0.0006395954,101.923615,28.300407,0.00049085234,,,,,,,,,,,,,,,,,,,,,,,,,,,,,,,,,,,,,,,,,,,,,,,,,,,,,,,,,,,,,101.923615,28.300407,0.13219124,101.923615,28.300407,-0.34343773,,,,,,,,,,,,,,,,,,,,,,,,,,,,,,,,,,,,,,,,,,,,,,,,,,,,,,,,,,,,,,,
101.923615,28.330387,0.0005652238,101.923615,28.330387,0.0005652238,,,,,,,,,,,,,,,,,,,,,,,,,,,,,,,,,,,,,,,,,,,,,,,,,,,,,,,,,,,,,101.923615,28.330387,-0.1319966,101.923615,28.330387,-0.08213625,,,,,,,,,,,,,,,,,,,,,,,,,,,,,,,,,,,,,,,,,,,,,,,,,,,,,,,,,,,,,,,
101.923615,28.360367,0.00072884123,101.923615,28.360367,0.000669344,,,,,,,,,,,,,,,,,,,,,,,,,,,,,,,,,,,,,,,,,,,,,,,,,,,,,,,,,,,,,101.923615,28.360367,0.45203653,101.923615,28.360367,0.25869548,,,,,,,,,,,,,,,,,,,,,,,,,,,,,,,,,,,,,,,,,,,,,,,,,,,,,,,,,,,,,,,
101.923615,28.390347,0.0006395953,101.923615,28.390347,0.00080321287,,,,,,,,,,,,,,,,,,,,,,,,,,,,,,,,,,,,,,,,,,,,,,,,,,,,,,,,,,,,,101.923615,28.390347,0.16577986,101.923615,28.390347,0.75021863,,,,,,,,,,,,,,,,,,,,,,,,,,,,,,,,,,,,,,,,,,,,,,,,,,,,,,,,,,,,,,,
101.923615,28.420324,0.0005206008,101.923615,28.420324,0.0005652238,,,,,,,,,,,,,,,,,,,,,,,,,,,,,,,,,,,,,,,,,,,,,,,,,,,,,,,,,,,,,101.923615,28.420324,-0.27457297,101.923615,28.420324,-0.074103415,,,,,,,,,,,,,,,,,,,,,,,,,,,,,,,,,,,,,,,,,,,,,,,,,,,,,,,,,,,,,,,
101.923615,28.450304,0.0005503495,101.923615,28.450304,0.0005206009,,,,,,,,,,,,,,,,,,,,,,,,,,,,,,,,,,,,,,,,,,,,,,,,,,,,,,,,,,,,,101.923615,28.450304,-0.15799898,101.923615,28.450304,-0.23456806,,,,,,,,,,,,,,,,,,,,,,,,,,,,,,,,,,,,,,,,,,,,,,,,,,,,,,,,,,,,,,,
101.923615,28.480284,0.0006098468,101.923615,28.480284,0.00047597795,,,,,,,,,,,,,,,,,,,,,,,,,,,,,,,,,,,,,,,,,,,,,,,,,,,,,,,,,,,,,101.923615,28.480284,0.06580268,101.923615,28.480284,-0.40107086,,,,,,,,,,,,,,,,,,,,,,,,,,,,,,,,,,,,,,,,,,,,,,,,,,,,,,,,,,,,,,,
101.923615,28.510263,0.0006098468,101.923615,28.510263,0.00066934404,,,,,,,,,,,,,,,,,,,,,,,,,,,,,,,,,,,,,,,,,,,,,,,,,,,,,,,,,,,,,101.923615,28.510263,0.07213513,101.923615,28.510263,0.25163215,,,,,,,,,,,,,,,,,,,,,,,,,,,,,,,,,,,,,,,,,,,,,,,,,,,,,,,,,,,,,,,
101.923615,28.540241,0.00059497246,101.923615,28.540241,0.00069909263,,,,,,,,,,,,,,,,,,,,,,,,,,,,,,,,,,,,,,,,,,,,,,,,,,,,,,,,,,,,,101.923615,28.540241,0.010224958,101.923615,28.540241,0.33664253,,,,,,,,,,,,,,,,,,,,,,,,,,,,,,,,,,,,,,,,,,,,,,,,,,,,,,,,,,,,,,,
101.923615,28.57022,0.0004759779,101.923615,28.57022,0.0004908523,,,,,,,,,,,,,,,,,,,,,,,,,,,,,,,,,,,,,,,,,,,,,,,,,,,,,,,,,,,,,101.923615,28.57022,-0.4352244,101.923615,28.57022,-0.34643805,,,,,,,,,,,,,,,,,,,,,,,,,,,,,,,,,,,,,,,,,,,,,,,,,,,,,,,,,,,,,,,
101.923615,28.6002,0.0006395953,101.923615,28.6002,0.0007288412,,,,,,,,,,,,,,,,,,,,,,,,,,,,,,,,,,,,,,,,,,,,,,,,,,,,,,,,,,,,,101.923615,28.6002,0.1557531,101.923615,28.6002,0.4820855,,,,,,,,,,,,,,,,,,,,,,,,,,,,,,,,,,,,,,,,,,,,,,,,,,,,,,,,,,,,,,,
101.923615,28.63018,0.00063959544,101.923615,28.63018,0.0007288413,,,,,,,,,,,,,,,,,,,,,,,,,,,,,,,,,,,,,,,,,,,,,,,,,,,,,,,,,,,,,101.923615,28.63018,0.15330607,101.923615,28.63018,0.46261296,,,,,,,,,,,,,,,,,,,,,,,,,,,,,,,,,,,,,,,,,,,,,,,,,,,,,,,,,,,,,,,
101.923615,28.660158,0.00044622936,101.923615,28.660158,0.0006395953,,,,,,,,,,,,,,,,,,,,,,,,,,,,,,,,,,,,,,,,,,,,,,,,,,,,,,,,,,,,,101.923615,28.660158,-0.520598,101.923615,28.660158,0.17167613,,,,,,,,,,,,,,,,,,,,,,,,,,,,,,,,,,,,,,,,,,,,,,,,,,,,,,,,,,,,,,,
101.923615,28.690138,0.00080321287,101.923615,28.690138,0.0005503495,,,,,,,,,,,,,,,,,,,,,,,,,,,,,,,,,,,,,,,,,,,,,,,,,,,,,,,,,,,,,101.923615,28.690138,0.7349804,101.923615,28.690138,-0.12628996,,,,,,,,,,,,,,,,,,,,,,,,,,,,,,,,,,,,,,,,,,,,,,,,,,,,,,,,,,,,,,,
101.923615,28.720118,0.00080321287,101.923615,28.720118,0.0007139669,,,,,,,,,,,,,,,,,,,,,,,,,,,,,,,,,,,,,,,,,,,,,,,,,,,,,,,,,,,,,101.923615,28.720118,0.75548464,101.923615,28.720118,0.43657085,,,,,,,,,,,,,,,,,,,,,,,,,,,,,,,,,,,,,,,,,,,,,,,,,,,,,,,,,,,,,,,
101.923615,28.750097,0.0006098467,101.923615,28.750097,0.00056522386,,,,,,,,,,,,,,,,,,,,,,,,,,,,,,,,,,,,,,,,,,,,,,,,,,,,,,,,,,,,,101.923615,28.750097,0.05202361,101.923615,28.750097,-0.09052927,,,,,,,,,,,,,,,,,,,,,,,,,,,,,,,,,,,,,,,,,,,,,,,,,,,,,,,,,,,,,,,
101.923615,28.780075,0.00047597795,101.923615,28.780075,0.0006098467,,,,,,,,,,,,,,,,,,,,,,,,,,,,,,,,,,,,,,,,,,,,,,,,,,,,,,,,,,,,,101.923615,28.780075,-0.45434374,101.923615,28.780075,0.059589155,,,,,,,,,,,,,,,,,,,,,,,,,,,,,,,,,,,,,,,,,,,,,,,,,,,,,,,,,,,,,,,
101.923615,28.810055,0.0006098468,101.923615,28.810055,0.00038673208,,,,,,,,,,,,,,,,,,,,,,,,,,,,,,,,,,,,,,,,,,,,,,,,,,,,,,,,,,,,,101.923615,28.810055,0.016544104,101.923615,28.810055,-0.69994086,,,,,,,,,,,,,,,,,,,,,,,,,,,,,,,,,,,,,,,,,,,,,,,,,,,,,,,,,,,,,,,
101.923615,28.840034,0.00058009813,101.923615,28.840034,0.00065446965,,,,,,,,,,,,,,,,,,,,,,,,,,,,,,,,,,,,,,,,,,,,,,,,,,,,,,,,,,,,,101.923615,28.840034,-0.040721696,101.923615,28.840034,0.22726706,,,,,,,,,,,,,,,,,,,,,,,,,,,,,,,,,,,,,,,,,,,,,,,,,,,,,,,,,,,,,,,
101.923615,28.870014,0.00049085234,101.923615,28.870014,0.0005800982,,,,,,,,,,,,,,,,,,,,,,,,,,,,,,,,,,,,,,,,,,,,,,,,,,,,,,,,,,,,,101.923615,28.870014,-0.3333631,101.923615,28.870014,-0.028872801,,,,,,,,,,,,,,,,,,,,,,,,,,,,,,,,,,,,,,,,,,,,,,,,,,,,,,,,,,,,,,,
101.923615,28.899992,0.0006247211,101.923615,28.899992,0.0005949724,,,,,,,,,,,,,,,,,,,,,,,,,,,,,,,,,,,,,,,,,,,,,,,,,,,,,,,,,,,,,101.923615,28.899992,0.12802754,101.923615,28.899992,0.014348815,,,,,,,,,,,,,,,,,,,,,,,,,,,,,,,,,,,,,,,,,,,,,,,,,,,,,,,,,,,,,,,
101.923615,28.929972,0.00043135497,101.923615,28.929972,0.0005949724,,,,,,,,,,,,,,,,,,,,,,,,,,,,,,,,,,,,,,,,,,,,,,,,,,,,,,,,,,,,,101.923615,28.929972,-0.5661796,101.923615,28.929972,0.005245328,,,,,,,,,,,,,,,,,,,,,,,,,,,,,,,,,,,,,,,,,,,,,,,,,,,,,,,,,,,,,,,
101.923615,28.959951,0.0006544697,101.923615,28.959951,0.0006098467,,,,,,,,,,,,,,,,,,,,,,,,,,,,,,,,,,,,,,,,,,,,,,,,,,,,,,,,,,,,,101.923615,28.959951,0.15889971,101.923615,28.959951,0.05965005,,,,,,,,,,,,,,,,,,,,,,,,,,,,,,,,,,,,,,,,,,,,,,,,,,,,,,,,,,,,,,,
101.923615,28.989931,0.00065446977,101.923615,28.989931,0.00046110366,,,,,,,,,,,,,,,,,,,,,,,,,,,,,,,,,,,,,,,,,,,,,,,,,,,,,,,,,,,,,101.923615,28.989931,0.22520494,101.923615,28.989931,-0.4637896,,,,,,,,,,,,,,,,,,,,,,,,,,,,,,,,,,,,,,,,,,,,,,,,,,,,,,,,,,,,,,,
101.923615,29.01991,0.000669344,101.923615,29.01991,0.00050572655,,,,,,,,,,,,,,,,,,,,,,,,,,,,,,,,,,,,,,,,,,,,,,,,,,,,,,,,,,,,,101.923615,29.01991,0.2700008,101.923615,29.01991,-0.29685965,,,,,,,,,,,,,,,,,,,,,,,,,,,,,,,,,,,,,,,,,,,,,,,,,,,,,,,,,,,,,,,
101.923615,29.049889,0.00058009813,101.923615,29.049889,0.00038673205,,,,,,,,,,,,,,,,,,,,,,,,,,,,,,,,,,,,,,,,,,,,,,,,,,,,,,,,,,,,,101.923615,29.049889,-0.03191599,101.923615,29.049889,-0.6992552,,,,,,,,,,,,,,,,,,,,,,,,,,,,,,,,,,,,,,,,,,,,,,,,,,,,,,,,,,,,,,,
101.923615,29.079868,0.0007139669,101.923615,29.079868,0.0004908523,,,,,,,,,,,,,,,,,,,,,,,,,,,,,,,,,,,,,,,,,,,,,,,,,,,,,,,,,,,,,101.923615,29.079868,0.3558346,101.923615,29.079868,-0.33404288,,,,,,,,,,,,,,,,,,,,,,,,,,,,,,,,,,,,,,,,,,,,,,,,,,,,,,,,,,,,,,,
101.923615,29.109848,0.0005652238,101.923615,29.109848,0.00058009813,,,,,,,,,,,,,,,,,,,,,,,,,,,,,,,,,,,,,,,,,,,,,,,,,,,,,,,,,,,,,101.923615,29.109848,-0.13686173,101.923615,29.109848,-0.05371722,,,,,,,,,,,,,,,,,,,,,,,,,,,,,,,,,,,,,,,,,,,,,,,,,,,,,,,,,,,,,,,
101.923615,29.139828,0.0005354752,101.923615,29.139828,0.000713967,,,,,,,,,,,,,,,,,,,,,,,,,,,,,,,,,,,,,,,,,,,,,,,,,,,,,,,,,,,,,101.923615,29.139828,-0.21181789,101.923615,29.139828,0.4144002,,,,,,,,,,,,,,,,,,,,,,,,,,,,,,,,,,,,,,,,,,,,,,,,,,,,,,,,,,,,,,,
101.923615,29.169806,0.000669344,101.923615,29.169806,0.0004908523,,,,,,,,,,,,,,,,,,,,,,,,,,,,,,,,,,,,,,,,,,,,,,,,,,,,,,,,,,,,,101.923615,29.169806,0.230115,101.923615,29.169806,-0.35633114,,,,,,,,,,,,,,,,,,,,,,,,,,,,,,,,,,,,,,,,,,,,,,,,,,,,,,,,,,,,,,,
101.923615,29.199785,0.00055034953,101.923615,29.199785,0.0005354752,,,,,,,,,,,,,,,,,,,,,,,,,,,,,,,,,,,,,,,,,,,,,,,,,,,,,,,,,,,,,101.923615,29.199785,-0.15966639,101.923615,29.199785,-0.17931403,,,,,,,,,,,,,,,,,,,,,,,,,,,,,,,,,,,,,,,,,,,,,,,,,,,,,,,,,,,,,,,
101.923615,29.229765,0.0006990926,101.923615,29.229765,0.0007734641,,,,,,,,,,,,,,,,,,,,,,,,,,,,,,,,,,,,,,,,,,,,,,,,,,,,,,,,,,,,,101.923615,29.229765,0.3056618,101.923615,29.229765,0.6363433,,,,,,,,,,,,,,,,,,,,,,,,,,,,,,,,,,,,,,,,,,,,,,,,,,,,,,,,,,,,,,,
101.923615,29.259745,0.00065446965,101.923615,29.259745,0.0005949725,,,,,,,,,,,,,,,,,,,,,,,,,,,,,,,,,,,,,,,,,,,,,,,,,,,,,,,,,,,,,101.923615,29.259745,0.19122726,101.923615,29.259745,0.016654346,,,,,,,,,,,,,,,,,,,,,,,,,,,,,,,,,,,,,,,,,,,,,,,,,,,,,,,,,,,,,,,
101.923615,29.289722,0.0005949724,101.923615,29.289722,0.00047597795,,,,,,,,,,,,,,,,,,,,,,,,,,,,,,,,,,,,,,,,,,,,,,,,,,,,,,,,,,,,,101.923615,29.289722,-0.028686246,101.923615,29.289722,-0.37655032,,,,,,,,,,,,,,,,,,,,,,,,,,,,,,,,,,,,,,,,,,,,,,,,,,,,,,,,,,,,,,,
101.923615,29.319702,0.0005354752,101.923615,29.319702,0.0006544697,,,,,,,,,,,,,,,,,,,,,,,,,,,,,,,,,,,,,,,,,,,,,,,,,,,,,,,,,,,,,101.923615,29.319702,-0.2179251,101.923615,29.319702,0.20675536,,,,,,,,,,,,,,,,,,,,,,,,,,,,,,,,,,,,,,,,,,,,,,,,,,,,,,,,,,,,,,,
101.923615,29.349682,0.0007437156,101.923615,29.349682,0.0005652238,,,,,,,,,,,,,,,,,,,,,,,,,,,,,,,,,,,,,,,,,,,,,,,,,,,,,,,,,,,,,101.923615,29.349682,0.49998978,101.923615,29.349682,-0.072396755,,,,,,,,,,,,,,,,,,,,,,,,,,,,,,,,,,,,,,,,,,,,,,,,,,,,,,,,,,,,,,,
101.923615,29.379662,0.0007734642,101.923615,29.379662,0.00050572655,,,,,,,,,,,,,,,,,,,,,,,,,,,,,,,,,,,,,,,,,,,,,,,,,,,,,,,,,,,,,101.923615,29.379662,0.6016176,101.923615,29.379662,-0.30437315,,,,,,,,,,,,,,,,,,,,,,,,,,,,,,,,,,,,,,,,,,,,,,,,,,,,,,,,,,,,,,,
101.923615,29.40964,0.0004908523,101.923615,29.40964,0.0005503495,,,,,,,,,,,,,,,,,,,,,,,,,,,,,,,,,,,,,,,,,,,,,,,,,,,,,,,,,,,,,101.923615,29.40964,-0.39337668,101.923615,29.40964,-0.1376509,,,,,,,,,,,,,,,,,,,,,,,,,,,,,,,,,,,,,,,,,,,,,,,,,,,,,,,,,,,,,,,
101.923615,29.43962,0.0005652238,101.923615,29.43962,0.0005206008,,,,,,,,,,,,,,,,,,,,,,,,,,,,,,,,,,,,,,,,,,,,,,,,,,,,,,,,,,,,,101.923615,29.43962,-0.12395856,101.923615,29.43962,-0.26567447,,,,,,,,,,,,,,,,,,,,,,,,,,,,,,,,,,,,,,,,,,,,,,,,,,,,,,,,,,,,,,,
101.923615,29.469599,0.0005949724,101.923615,29.469599,0.0006098468,,,,,,,,,,,,,,,,,,,,,,,,,,,,,,,,,,,,,,,,,,,,,,,,,,,,,,,,,,,,,101.923615,29.469599,-0.006220647,101.923615,29.469599,0.083760574,,,,,,,,,,,,,,,,,,,,,,,,,,,,,,,,,,,,,,,,,,,,,,,,,,,,,,,,,,,,,,,
101.923615,29.499578,0.0005652238,101.923615,29.499578,0.0006098468,,,,,,,,,,,,,,,,,,,,,,,,,,,,,,,,,,,,,,,,,,,,,,,,,,,,,,,,,,,,,101.923615,29.499578,-0.11070582,101.923615,29.499578,0.087895356,,,,,,,,,,,,,,,,,,,,,,,,,,,,,,,,,,,,,,,,,,,,,,,,,,,,,,,,,,,,,,,
101.923615,29.529556,0.0003569835,101.923615,29.529556,0.0005652238,,,,,,,,,,,,,,,,,,,,,,,,,,,,,,,,,,,,,,,,,,,,,,,,,,,,,,,,,,,,,101.923615,29.529556,-0.8800933,101.923615,29.529556,-0.097854905,,,,,,,,,,,,,,,,,,,,,,,,,,,,,,,,,,,,,,,,,,,,,,,,,,,,,,,,,,,,,,,
101.923615,29.559536,0.0004908522,101.923615,29.559536,0.00050572655,,,,,,,,,,,,,,,,,,,,,,,,,,,,,,,,,,,,,,,,,,,,,,,,,,,,,,,,,,,,,101.923615,29.559536,-0.40440807,101.923615,29.559536,-0.29349628,,,,,,,,,,,,,,,,,,,,,,,,,,,,,,,,,,,,,,,,,,,,,,,,,,,,,,,,,,,,,,,
101.923615,29.589516,0.0005949724,101.923615,29.589516,0.00047597795,,,,,,,,,,,,,,,,,,,,,,,,,,,,,,,,,,,,,,,,,,,,,,,,,,,,,,,,,,,,,101.923615,29.589516,-0.028342418,101.923615,29.589516,-0.39743674,,,,,,,,,,,,,,,,,,,,,,,,,,,,,,,,,,,,,,,,,,,,,,,,,,,,,,,,,,,,,,,
101.923615,29.619495,0.00047597795,101.923615,29.619495,0.0005354752,,,,,,,,,,,,,,,,,,,,,,,,,,,,,,,,,,,,,,,,,,,,,,,,,,,,,,,,,,,,,101.923615,29.619495,-0.4266582,101.923615,29.619495,-0.18249196,,,,,,,,,,,,,,,,,,,,,,,,,,,,,,,,,,,,,,,,,,,,,,,,,,,,,,,,,,,,,,,
101.923615,29.649473,0.00041648073,101.923615,29.649473,0.0005800982,,,,,,,,,,,,,,,,,,,,,,,,,,,,,,,,,,,,,,,,,,,,,,,,,,,,,,,,,,,,,101.923615,29.649473,-0.6297637,101.923615,29.649473,-0.035270765,,,,,,,,,,,,,,,,,,,,,,,,,,,,,,,,,,,,,,,,,,,,,,,,,,,,,,,,,,,,,,,
101.923615,29.679453,0.0004908523,101.923615,29.679453,0.0006395953,,,,,,,,,,,,,,,,,,,,,,,,,,,,,,,,,,,,,,,,,,,,,,,,,,,,,,,,,,,,,101.923615,29.679453,-0.38646808,101.923615,29.679453,0.14831933,,,,,,,,,,,,,,,,,,,,,,,,,,,,,,,,,,,,,,,,,,,,,,,,,,,,,,,,,,,,,,,
101.923615,29.709433,0.0005206009,101.923615,29.709433,0.0006395954,,,,,,,,,,,,,,,,,,,,,,,,,,,,,,,,,,,,,,,,,,,,,,,,,,,,,,,,,,,,,101.923615,29.709433,-0.30021557,101.923615,29.709433,0.16620317,,,,,,,,,,,,,,,,,,,,,,,,,,,,,,,,,,,,,,,,,,,,,,,,,,,,,,,,,,,,,,,
101.923615,29.739412,0.00050572655,101.923615,29.739412,0.00066934404,,,,,,,,,,,,,,,,,,,,,,,,,,,,,,,,,,,,,,,,,,,,,,,,,,,,,,,,,,,,,101.923615,29.739412,-0.35766304,101.923615,29.739412,0.29004696,,,,,,,,,,,,,,,,,,,,,,,,,,,,,,,,,,,,,,,,,,,,,,,,,,,,,,,,,,,,,,,
101.923615,29.76939,0.0007437156,101.923615,29.76939,0.00041648073,,,,,,,,,,,,,,,,,,,,,,,,,,,,,,,,,,,,,,,,,,,,,,,,,,,,,,,,,,,,,101.923615,29.76939,0.53854394,101.923615,29.76939,-0.6102805,,,,,,,,,,,,,,,,,,,,,,,,,,,,,,,,,,,,,,,,,,,,,,,,,,,,,,,,,,,,,,,
101.923615,29.79937,0.0006544697,101.923615,29.79937,0.0005354752,,,,,,,,,,,,,,,,,,,,,,,,,,,,,,,,,,,,,,,,,,,,,,,,,,,,,,,,,,,,,101.923615,29.79937,0.18037564,101.923615,29.79937,-0.1829882,,,,,,,,,,,,,,,,,,,,,,,,,,,,,,,,,,,,,,,,,,,,,,,,,,,,,,,,,,,,,,,
101.923615,29.82935,0.0006247211,101.923615,29.82935,0.00080321287,,,,,,,,,,,,,,,,,,,,,,,,,,,,,,,,,,,,,,,,,,,,,,,,,,,,,,,,,,,,,101.923615,29.82935,0.121612415,101.923615,29.82935,0.74810636,,,,,,,,,,,,,,,,,,,,,,,,,,,,,,,,,,,,,,,,,,,,,,,,,,,,,,,,,,,,,,,
101.923615,29.85933,0.00062472105,101.923615,29.85933,0.00065446965,,,,,,,,,,,,,,,,,,,,,,,,,,,,,,,,,,,,,,,,,,,,,,,,,,,,,,,,,,,,,101.923615,29.85933,0.075474516,101.923615,29.85933,0.22249314,,,,,,,,,,,,,,,,,,,,,,,,,,,,,,,,,,,,,,,,,,,,,,,,,,,,,,,,,,,,,,,
101.923615,29.889309,0.0006395953,101.923615,29.889309,0.0005503495,,,,,,,,,,,,,,,,,,,,,,,,,,,,,,,,,,,,,,,,,,,,,,,,,,,,,,,,,,,,,101.923615,29.889309,0.15356517,101.923615,29.889309,-0.13400933,,,,,,,,,,,,,,,,,,,,,,,,,,,,,,,,,,,,,,,,,,,,,,,,,,,,,,,,,,,,,,,
101.923615,29.919287,0.00066934404,101.923615,29.919287,0.0006395954,,,,,,,,,,,,,,,,,,,,,,,,,,,,,,,,,,,,,,,,,,,,,,,,,,,,,,,,,,,,,101.923615,29.919287,0.25475872,101.923615,29.919287,0.18799075,,,,,,,,,,,,,,,,,,,,,,,,,,,,,,,,,,,,,,,,,,,,,,,,,,,,,,,,,,,,,,,
101.923615,29.949266,0.0005503495,101.923615,29.949266,0.0004908523,,,,,,,,,,,,,,,,,,,,,,,,,,,,,,,,,,,,,,,,,,,,,,,,,,,,,,,,,,,,,101.923615,29.949266,-0.1398732,101.923615,29.949266,-0.35028046,,,,,,,,,,,,,,,,,,,,,,,,,,,,,,,,,,,,,,,,,,,,,,,,,,,,,,,,,,,,,,,
101.923615,29.979246,0.0006098467,101.923615,29.979246,0.0005503495,,,,,,,,,,,,,,,,,,,,,,,,,,,,,,,,,,,,,,,,,,,,,,,,,,,,,,,,,,,,,101.923615,29.979246,0.061212394,101.923615,29.979246,-0.14071733,,,,,,,,,,,,,,,,,,,,,,,,,,,,,,,,,,,,,,,,,,,,,,,,,,,,,,,,,,,,,,,
